000000000000100000000000000000000101000000100000000000000000001000000000000000000100000000010001000000001000100000000000000000100000000000000100000000000000001000000000000010100000000000100000000001000000000000100001000000000100000000100000000000000000000000000000000000000100000000001000000100000000
000000010000010010001000011000000000000000000010000000111000000001010000000101000010110000000000000000000100000000100100100000000000100011000010000010000000000100000000000100000000100000001001000100000000001000000010110000000001100100000010001000000101000110010000000011000000000000000001000010000001
000000000100001001000010000010010000000000000001000000000110000000100000000000100001010000000000000000000010001000000010000100000000000000010000100000000000000001000000000000000000001000000100100000000000000100000000000100000000010000000001000010000000100001000100000000101000000000000000000000010000
000000000010000100100001001001000000000000000000100000000001100000001000000000010000000100000000000000000001000000001001000010000000001000001000010000000000000000000000000000000000000100000010010000000000000000000000000010000000001000000000100001000000010000100010000000010010000000000000000000001000
000000000000001000000000000000010000100000101000000001000000000010000000101000000000001000101000011010000000001001000000000000010000000100010001001000001101110010000010100001010010000000000000000010000000000000010000000000100010000001001001000010100010000001000000000000000000100000000000100000000100
000000001000000000000000000000000000000000000100000010000000000000000000000010000000000000000000000000000000010100000000000000001000000000000000000000000000000000010100000000000000000001000000000000100000000000000000000000010000000000000000000000011000001000000001000000000000000000000000000001000000
000000000001001000010000000000010000000111000000011101000000010110000110100000100000001011101010011111110000000001000000001001010010000100000000101100110011010010001000100001010100010000010000000000011000000001011000000000100010010000001100000000100010000001000000001100000001011011110000100000000110
000000000000010010001000011000000000000000000010000000111000000001010001000101000010000000000000100000000100000000100100100000000000100011000010000010000000000100000000001100000000100000001001000100000000001000000010110000000001100100000010001000000101000110010000000011000000000000000001000010000001
000000000000000000000000000000000000000000000100000010000000000000000000000010000000000000000000000000000000010100000000000000001000000000000000000000000000000000000100000000000000000001000000000000000000000000000000000000000000000000000000000000010000000000000001000000000000000000000000000001000000
000000000000001001000010000010000000000000000001000001000110000000100000000000100001010000000000000000000010000000010010000100010000000000010000101000000000000001000000000000000000001000000100100000000000000100000000000100000000010000000001000010000000100001000100000000101000000000000000000000010000
000000000000000100100001000001000000000000000000100000000001100000001000000000010000000100000000000000000001000000001001000010000000001000001000010000000000000000100000000000000000000100000010010000000000000010000000000010000000001000000000100001000000010000100010000000010010000000000000000000001000
000000000000000000010000000000011000000011000000010101000000000110000000101000000000000010101010010111000000000000000000001001010100000100000000001000010101010000001000000001000101010000010000000000000000000001001000000000000000000001001000000000100010000000000000000000000001101011000000000000000000
000000000000000000000000000000000101000000100000000000000000001000000000000000000100000000010001000000001000100000000000000000100000000000000100000000000000001000000000000010100000000000100000000001000000000000100001000000000100000000100000000000000000000000000000000000000100000000001000000100000000
000000000000000010001000011000000000000000000010000000111000000001010001000101000010100000000000100000000100000000100100100000000000100011000010000010000000000100000000001100000000100010001001000100000000001000000010110000000001100110000010001000000101000110010000000011000000000000000001000010000001
000000000000000001000010000010010000000011000000000001000110010010100000001000100001010000101000000100000010001001010010000100010000010100010000101001000101110001001000000001010010011000010100100000000000000100000000000100101000010000000001000010000010100001000100000000101000001000000000000000010000
000000000000000000100001000001000000000000000000100000000001100000001000000000010000000100000000000000000001000000001001000010000000001000001000010000000000000000100000000000000000000100000010010000000000000010000000000010000000001000000000100001000000010000100010000000010010000000000000000000001000
000000000000000000001000011000000000000000000010000000111000000001010001000101000010100000000000000000000100000000100100100000000000100011000010000010000000000100000000001100000000100000001001000100000000001000000010110000000001100100000010001000000101000110010000000011000000000000000000000010000001
000000000000000000000010000010010000000000000001000001000110000000100000000000100001010000100000000000000010000001010010000100000000010100010000100000000000000001000000000000000000001000000100100000000000000100000000000100000000010001000001000010000000100001000100000000101000000000000000000000010000
000000000000000000000001000001000000000000000000100000000001100000001000000000010000000100000000000000000001000000001001000010000000001000001000010000000000000000100000000000000000000100000010010000000000000010000000000010000000001000000000100001000000010000100010000000010010000000000000000000001000
000000000000000000000000000000000000000010000000000001000000010000000000001000000000000010100010000010000000000000000000001000000000000000000000000000010000010000000000000000000100010000010000000000000000000001001000000000100000000000000000000000000010000000000000000100000001000000000000010000000000
000000000000000000000000011000000000000000000010000000111000000001010001000101000010100000000000100000000100000000100100100000000000100011000010000010000000000100000000001100000000100000001001000100000000001000000010110000000001100110000010001000000101000110010000000011000000000000000001000010000001
000000000000000000000000000000000000000000000000000000000000000000000000000000000000000000001000000000000000000000000000000000000000000000000000000000000001000000000000000000000000000000000000000000000000000000000000000000000000000000000000000000000000000000000000000000000000000000000000000000000000
000000000000000000000000000010010000000000000000000001000110000000100000000000100001010000000000000000000010000000010010000100010000000000010000100000000000000001000000000000000000001000000100100000000000000100000000000100001000010000001001000010000000100001000100000000101000000000000000100000010000
000000000000000000000000000001000000000000000000100000000001100000001000000000010000000100000000000000000001000000001001000010000000001000001000010000000000000000100000000000000000000100000010010000000000000010000000000010000000001000000000100001000000010000100010000000010010000000000000000000001000
000000000000000000000000000000000000000000000000000000000000000000000000000000000000000000000000000000000000000000000000000000000000000000000000000000000000000000000000000000000000000000000000000000001000100000000000000000000000000000000000000000000000000000000000000000000000000000000000000000000000
000000000000000000000000001000000000000000000010000000111000000001010001000101000010100000000000100000000100000000100100100000000000100011000010000010000000000100000000001100000000100000001001000100000000001000000010110000000001100100000010001000000101000110010000000011000000000000000001000010000001
000000000000000000000000000000000000000000000010100000111000000001010001000101010010000000000000000000000100000000100100100000000000100011000010010010000000000100100000000100000000100000001001000100000000001010000010110010000001101100000010101001000101000110110000000011000010000000000000000010000001
000000000000000000000000000000100000000011000000010001000000010000000000001000000000000010100010000101000000000000000000001001000000000000100000000100000000010000001000000000000000010000010000000000000000010000001000000000000000000000000000000000000010000000000000100000000001000000000000010000000000
000000000000000000000000000000000000000000000001000000000110000010100000000000100001010000100000000000000010000000010010000100000000010100010000100000000000000001000000000000000000001000000100100000000000000100000000000100000000010000000001000010000000100001000100000000101000000000000000000000010000
000000000000000000000000000000000000000000000000100000000001100000001000000000010000000100000000000000000001000000001001000010000000001000001000010000000000000000100000000000000000000100000010010000000000000010000000000010000000001000000000100001000000010000100010000000010010000000000000000000001000
000000000000000000000000000000000000000000000000010000000000000000000000000000000000000000000000000001000000000000000000000001000000000000100000000000000000000000000000000000000000010000000000000000000000010000000000000000000000000000000000000000000000000000000000100000000000000000000000000000000000
000000000000000000000000000000000000010001001000000001000010010010000010101000101000011001101000001010000000001000010000000100010010000100010000101000000101010001001010000001010011000000000100000000000000000100010000000000101010000000001001010010100010100001000000000000000001111011100000100000000100
000000000000000000000000000000000000000010000000010001000000000000000000000000000000000000000000000000000000000000000000001000000000000000000000000000000000000000000000000000000100000000000000000000000000000000001000000000000000000000000000000000000000000000000000000000000000000000000000000000000000
000000000000000000000000000000000001000000100000000000000000001000000000000000000100000000010001000000001000100000000000000000100000000000000100000000000000001000000000000010100000000000100000000001000000000000100001000000000100000000100000000000000000000000000000000000000100000000001000000100000000
000000000000000000000000000000000000000000000000000000000000000000000000000000000000000000000000000000000000000000000000000000000010000000000000001001000000000000001000000000000000000000000000000000000000000000000000000000000000000000000000000010100010000000000000000000000000010010000000000000000000
000000000000000000000000000000000000000000110000000000000000001000000000000000000100000000010001000000001000100000000000000000100000000000000100000000000000001000000000000010100000000000100000001001000000000000100001000000000100000000100000000000000000000000000000000000000100000000001000000100000000
000000000000000000000000000000000000000000000000000000000000000010000000000000000000000000000000000000000000000000000000000000000000000000000001000000001000000000000000000001000000000000000000000000000000000000000000000000000000000000000000000000000000000000000000000000000000000000000100000000000000
000000000000000000000000000000000000000000000000000000000000000000000000000000000000001000001000000000000000001000000000000000000000000000000000000000000000000000000000000000000000000000000000000000000000000000000000000000101000000000001000000000100000000001000000000000000000000000000000000000000000
000000000000000000000000000000000000000000000000000000000000000000000000000000000000000000000000000000000000000000000000000000000001000000000000000000000000000000010000000000000000000000000000000000100000000000000000000000000000000000000000000000000000000000000000000000000000000000000010000000000000
000000000000000000000000000000000000000000001000010000000000000010000000100000000000000000000000001100000000000000000000010000000110000100000000001101010001010000001010000000000000000000000000000000000000000000010000000000000010000000000000010100100010000000000000000000000000011011000000000000000000
000000000000000000000000000000000000000001000000010001000000000010000000001000000000000000000010010100000000000000000000001000000000000100010000000000000100010000001000000000000100010000010000000000000000000000001000000000000000000000001000000010000000000000000000000000000000000000000000010000000010
000000000000000000000000000000000000000000000000011001000000010010000010101000000000000010101010011010000000000001000000001000010110000100000000001000110101110000001000000000010010000000010000000000001000000001011000000000000000000001001100010010100010000000000000001100000001111011100000010000000010
000000000000000000000000000000000000000000010000000000000000001000000000000000000100000000010001010000001000100001000000000000000000000000000100000000000000001000000000000000100000000000100000001000000000000000100001000000000100000000100000000000000000000000000000000000000100000000001000000100000000
000000000000000000000000000000000000000000000000000000000000000000000000000000000000000000000001000000001000000000000000000000000000000000000100000000000000000000000000000000100000000000000000001000000000000000100000000000000000000000100000000000000000000000000000000000000000000000000000000000000000
000000000000000000000000000000000000000000000000000000000000010000000000001000000000000001000000001100000000000000000000010000010010000100000000000001000101010000001000000001010000000000010000000000000000000000010000000000100000000000000000000000100010000000000000000000000000010000000000100000000100
000000000000000000000000000000000000000000000000000010000000000000000000000010000000000000000000000000000000010100000000000000001000000000000000000000000000000000000100000000000000000001000000000000100000000000000000000000010000000000000000000000011000001000000000000000000000000000000000000001000000
000000000000000000000000000000000000000000000000000000111000000001010000000101000010110000000000000000000100000000100100100000000000100011000010000010000000000100000000000100000000100000001001000100000000001000000010110000000001100100000010001000000101000110010000000011000000000000000001000010000001
000000000000000000000000000000000000000000000000000000000100000000100000000000100001010000000000000000000010000000000010000100000000000000010000000000000000000001000000000000000000000000000000100000000000000100000000000000000000000000000001000000000000000001000100000000000000000000000000000000010000
000000000000000000000000000000000000000000000000000000000001100000001000000000010000000100000000000000000001000000001001000010000000001000001000010000000000000000000000000000000000000100000010010000000000000000000000000010000000001000000000100001000000010000100010000000010010000000000000000000001000
000000000000000000000000000000000000000000000000000001000000010010000000101000000000000010100010001110100000000000000000001001000010000000000000001100010101010000001010100000010100000000010000000000000000010000001000000000000000000000000000000000100010000000000000000000000001100011000000000000000100
000000000000000000000000000000000000000000000000000000000000010000000000001000000000000000100000000000010000000000000000000000000000000000000000000000000000010000000000000000000000000000000000000000000000000000000000000000000000000000000000000000000000000000000000001000000000000000000000010000000100
000000000000000000000000000000000000000000000000000000000000000000000000010000000000000010000000000000000000000000000000000000000000000000000000000000000000010000001000000000000000000000000000000000000000000000000000000000000000000000000000000000000000000000000000000000000000000000000000001000000000
000000000000000000000000000000000000000000000000000000000000000000000000000010000000000000000000000000000000010100000000000000001000000000000000000000000000000000010100000000000000000001000000000000100000000000000000000000010000000000000000000000011000001000000000000000000000000000000000000001000000
000000000000000000000000000000000000000000000000000000000010010010000000111010000000000010101010001110100000000000010000001001010110000100110000101001110111010000001010100000010100010000010100100000100000010000001000000100000000000000001101000110100010100001000100000000101001101111010000110000010010
000000000000000000000000000000000000000000000000000000011000000001010001000101000010000000000000000000000100000000100100100000000000100011000010000010000000000100000000001100000000100000001001000100000000001000000010110000000001100100000010001000000101000110010000000011000000000000000001000010000001
000000000000000000000000000000000000000000000000000000001000000001010000000101000010110000000000000000000100000000100100100000000000100011000010000010000000000100000000000100000000100000001001000100000000001000000010110000000001100100000010001000000101000110010000000011000000000000000001000010000001
000000000000000000000000000000000000000000000000000000000000000001010000000101000010000000000000000000000100000000100100100000000000100011000010000010000000000100000000000100000000100000001001000100000000001000000010110000000001100100000010001000000101000110010000000011000000000000000000000010000001
000000000000000000000000000000000000000000000000000000000010000000100000000000100001010000000000000000000010001000010010000100000000000000010000100000000000000001000000000000000000001000000100100000000000000100000000000100000000010000000001000000000000100001000100000000001000000000000000000000010000
000000000000000000000000000000000000000000000000000000000000000000100000000000000001010000000000000000000010000000010010000100000000000000010000100000000000000001000000000000000000001000000100100000000000000100000000000100000000010000000001000010000000100001000100000000101000000000000000000000010000
000000000000000000000000000000000000000000000000000000000000100000001000000000010000000100000000000000000001000000001001000010000000001000001000010000000000000000100000000000000000000100000010010000000000000010000000000010000000001000000000100001000000010000100010000000010010000000000000000000001000
000000000000000000000000000000000000000000000000000000000000000000001000000000010000000100000000000000000001000000001001000010000000001000001000010000000000000000000000000000000000000100000010010000000000000000000000000010000000001000000000100001000000010000100010000000010010000000000000000000001000
000000000000000000000000000000000000000000000000000000000000000000000110001000000000000001101010001110010000000000000000000001000010000100000000101101010001010000001000100001010100010000010000000000001000010001011000000000100010000000000000000010100010000001000000011100000001011011110000110000000110
000000000000000000000000000000000000000000000000000000000000000000000000000000000100000000010001000000001000100000000000000000100000000000000100000000000000001000000000000010100000000000100000000001000000000000100001000000000100000000100000000000000000000000000000000000000100000000001000000100000000
000000000000000000000000000000000000000000000000000000000000000000000000000000000000000000000000000010000000000000000000000000010010000000000000000000000001000000000000000000000001000000000000000000000100000000000000000000000000000000001100000000000010000000000000000100000001100000000000000000000000
000000000000000000000000000000000000000000000000000000000000000000100000101000000000000010101010011110000000001001010000001100010110010100010000001101100111110001001010100000010011000000010000000010100000000101011000000000101010010001011101010010100010000001000100000100000001101011100000110000110110
000000000000000000000000000000000000000000000000000000000000000000010001000101000010100000000000100000000100000000100100100000000000100011000010000010000000000100000000001100000000100010001001000100000000001000000010110000000001100100000010001000000101000110010000000011000000000000000001000010000001
000000000000000000000000000000000000000000000000000000000000000000000000000000100001010000100000010000000010000000010010000100000000010000010000100000000000000001000000000000010000001000000100100000000000000100000000000100000000010000000001000010000000100001000100000000101000000000000000000000010000
000000000000000000000000000000000000000000000000000000000000000000000000000101000010100000000000000000000100000000100100100000000000100011000010000010000000000100000000000100000000100000001001000100000000001000000010110000000001100100000010001000000101000110010000000011000000000000000000000010000001
000000000000000000000000000000000000000000000000000000000000000000000000000000010000000100000000000000000001000000001001000010000000001000001000010000000000000000100000000000000000000100000010010000000000000010000000000010000000001000000000100001000000010000100010000000010010000000000000000000001000
000000000000000000000000000000000000000000000000000000000000000000000000001000000000000000100000000010000000000000000000000000000000000000000000000000000010010000000000000000000000000000010000000000000000000000000000000000000000000000000000000000000000000000000000000100000001000001000000000000000010
000000000000000000000000000000000000000000000000000000000000000000000000001000000000000000001010001110000000000000000000000000000110000100000000101101000001010010001000100000000000000000000000000010000000000000001000000000001010000000000000010010100010000000000000010100000001011011100000100000000100
000000000000000000000000000000000000000000000000000000000000000000000000000001000000000000000000100000000000000000100000100000000000100011000010000000000000000100000000000000000000100010001001000100000000001000000000110000000000100010000010001000000001000010010000000011000000000000000000000010000001
000000000000000000000000000000000000000000000000000000000000000000000000001000000000000011000000001110000000000001000000000000010010000100010000001100000001010000001010000000010000000000000000000000000000000000000000000000100010000000000000000110100010000000000000000000000000001011000000100000100000
000000000000000000000000000000000000000000000000000000000000000000000000000000000000000010000000000000000000000000000000000000000000000000000000000000000000000000000000000000000000000000000000000000000000000000000000000000000000000000000000000000000000000000000000000000000000000000000000001000000000
000000000000000000000000000000000000000000000000000000000000000000000000000000000000000010101010011110000000000000000000001000010110000100010000001001010101010001001010100001010110000000010000000000000000010100001000000000000000000000001000010010100010000001000100010100000001101011100000100000000110
000000000000000000000000000000000000000000000000000000000000000000000000000001000010100000000000000000000100000000100100100000000000100011000010000010000000000100000000000100000000100000001001000100000000001000000010110000000001100100000010001000000101000110010000000011000000000000000000000010000001
000000000000000000000000000000000000000000000000000000000000000000000000000000000000000000000000000000000000010100000000000000001000000000000000000000000000000000010100000000000000000001000000000000100000000000000000000000000000000000000000000000011000001000000001000000000000000000000000000001000000
000000000000000000000000000000000000000000000000000000000000000000000000000000000010100000000000000000000100000000100100100000000000100011000010000010000000000100000000001100000000100000001001000100000000001000000010110000000001100100000010001000000101000110010000000011000000000000000001000010000001
000000000000000000000000000000000000000000000000000000000000000000000000000000000000010000100010000000000010000000010010000100000000010100010000100000000001000001000000000000000000001000000000100000000000000100000000000100000000010000000101000010000000000001000100000000101001000000000000000000010100
000000000000000000000000000000000000000000000000000000000000000000000000000000000000000100000000000000000001000000001001000010000000001000001000010000000000000000100000000000000000000100000010010000000000000010000000000010000000001000000000100001000000010000100010000000010010000000000000000000001000
000000000000000000000000000000000000000000000000000000000000000000000000000000000000000000000000000000000000001000000000000000000000000000000000001000000100000000000000000000000000000000000000000000000000000000000000000000000000000000000000000000100000000000000000000000000001000000000000000000000100
000000000000000000000000000000000000000000000000000000000000000000000000000000000000000000010001000000001000100000000000000000100000000000000100000000000000001000000000000010100000000000100000000001000000000000100001000000000100000000100000000000000000000000000000000000000100000000001000000100000000
000000000000000000000000000000000000000000000000000000000000000000000000000000000000100000000000000000000100000000100100100000000000100011000010000010000000000100000000000100000000100000001001000100000000001000000010110000000001100100000010001000000101000110010000000011000000000000000000000010000001
000000000000000000000000000000000000000000000000000000000000000000000000000000000000010000000000000000000010000000010010000100000000000000010000000000000000000001000000000001000000001000000100000000000000000100000000000100000000000000000001000000000000100000000000000000000000000000000000000000010000
000000000000000000000000000000000000000000000000000000000000000000000000000000000000000000000000000000000100000000100100100000000000100011000010000010000000000000000000000000000000100000000001000000000000000000000000010000000000100000000000000000000100000110010000000011000000000000000000000010000001
000000000000000000000000000000000000000000000000000000000000000000000000000000000000000000000000000000000010001000010010000100000000000000010000100000000000000001000000000000000000001000000100100000000000000100000000000100000000010000000001000000000000100001000100000000101000000000000000000000010000
000000000000000000000000000000000000000000000000000000000000000000000000000000000000000000101000001100000000001000000000000000010010000100000000101000000001000000000000000001010001000000000000000000000000000000010000000000101000000000001000000000100010000001000000000000000001001011000000100000000000
000000000000000000000000000000000000000000000000000000000000000000000000000000000000000000000000000000000001000000001001000010000000000000001000010000000000000000000000000000000000000100000010010000000000000000000000000010000000001000000000100001000000010000100010000000010010000000000000000000001000
000000000000000000000000000000000000000000000000000000000000000000000000000000000000000000000010000110000000000001000000001001000000000000010000001000000000110000000000000000010000010000010000000010000010000000001000000000000000000000000000000010010010000000000000000000000001101000000000000000000000
000000000000000000000000000000000000000000000000000000000000000000000000000000000000000000000000001000000000000001000000010000000010000100000000101000000001000000000000000000000000000000000000000000000000000000000000001001001000000001000000000000000010000000000000000000000001000000000000100000100000
000000000000000000000000000000000000000000000000000000000000000000000000000000000000000000001010000111110000001000000010001100010000000100010000101100010101010010001000000001010100000000010000100000000010010000011000000000100010010000000001000010100010000001000100001100000001001011000000110000000110
000000000000000000000000000000000000000000000000000000000000000000000000000000000000000000000001000000001000100000000000000000100000000000000100000000000000001000000000000010100000000000100000000001000000000000100001000000000100000000100000000000000000000000000000000000000100000000001000000100000000
000000000000000000000000000000000000000000000000000000000000000000000000000000000000000000000000010110000000000001010000000000010010000100010000101001100111110011001010100001010010010000010000000010000000000100010000000100101010010001001000000010100010000001000100000000100001101010100000100000110000
000000000000000000000000000000000000000000000000000000000000000000000000000000000000000000000000000000100000000000000000000000000000000000000000000000000000000000000000000000000000000000000000000000000010000000000100000000000000000000000000000000000000000000000000000000000000000000000000000000000000
000000000000000000000000000000000000000000000000000000000000000000000000000000000000000000000000000110000000000000000000001001000010000100000000001000000001010000000010100000010000010000010000000000000010000000000000000000100000000000000100000110000010000000000000000000000001101011100000000000000010
000000000000000000000000000000000000000000000000000000000000000000000000000000000000000000000000000000001000100000000000000000100000000000000100000000000000001000000000000010100000000000100000001001000000000000100001000000000100000000100000000000000000000000000000000000000100000000001000000100000000
000000000000000000000000000000000000000000000000000000000000000000000000000000000000000000000000000000000100000000100000000000000000000001000000000000000000000000000000000000000000100010000000000000000000000000000000000000000000000010000000000000000000000010010000000011000000000000000000000010000001
000000000000000000000000000000000000000000000000000000000000000000000000000000000000000000000000000100000000001000000000000000010000000100000000001000100100110000001010100001010000000000010000000000000000000000000000000000000000000000000000000010100010000000000000000000000000101010000000000000000000
000000000000000000000000000000000000000000000000000000000000000000000000000000000000000000000000000110010000000001000000000000010110000100010000101101110101010010001010100001000000000000010000000000000000000000011000001101101010000001001000000110100010000001000100000000000001011011000000100000100000
000000000000000000000000000000000000000000000000000000000000000000000000000000000000000000000000000010000000000001000000011000010110010100000000101101010101010000001010110000010100010000010000000000000000010000011000000000100010000001001000010110100010000001000000011000000001111011100000100000000100
000000000000000000000000000000000000000000000000000000000000000000000000000000000000000000000000000000000000001001000000001000010110000100000000001101110111110010001000100001010000000000010000000000011000000000010000000000100010000001011100010100100010000000000000000100000001111011110000100000000110
000000000000000000000000000000000000000000000000000000000000000000000000000000000000000000000000000000000000000000000000001001000000000000100000000000000000000000000000000000000000010000000000000000000000010000000000000000000000000000000000000000000000000000000000100000000000000000000000000000000000
000000000000000000000000000000000000000000000000000000000000000000000000000000000000000000000000000000010000000000000000000000000010000000000000000000010000000000000000000000000000000000000000000000000010000000000100000000000000000000000000000000000000000000000000000000000001000000010000000000000000
000000000000000000000000000000000000000000000000000000000000000000000000000000000000000000000000000000000000000000000000000000000000000000000000000000000001000010000000000000000000000000000000000000000000000000000000000000000000000000000000000000000010000000000000001000000000001000000000010000000000
000000000000000000000000000000000000000000000000000000000000000000000000000000000000000000000000000000000000100000000000000000100000000000000100000000000000001000000000000010100000000000100000001001000000000000100001000000000100000000100000000000000000000000000000000000000100000000001000000100000000
000000000000000000000000000000000000000000000000000000000000000000000000000000000000000000000000000000000000000000100100100000000000100011000010000010000000000100000000001100000000100000001001000100000000001000000010110000000001100100000010001000000101000110010000000011000000000000000001000010000001
000000000000000000000000000000000000000000000000000000000000000000000000000000000000000000000000000000000000000000010010000100000000010000010000100000000000000001000000000000000000001000000100100000000000000100000000000100000000010000000001000010000000100001000100000000101000000000000000000000010000
000000000000000000000000000000000000000000000000000000000000000000000000000000000000000000000000000000000000000000001001000010000000001000001000010000000000000000100000000000000000000100000010010000000000000010000000000010000000001000000000100001000000010000100010000000010010000000000000000000001000
000000000000000000000000000000000000000000000000000000000000000000000000000000000000000000000000000000000000000000000000000000100000000000000100000000000000001000000000000010100000000000100000000001000000000000100001000000000100000000100000000000000000000000000000000000000100000000001000000100000000
000000000000000000000000000000000000000000000000000000000000000000000000000000000000000000000000000000000000000100000000000000001000000000000000000000000000000000010100000000000000000001010000000000100000000000000000000000010000000000000000000000011000001000000001000000000000000000000000000001000000
000000000000000000000000000000000000000000000000000000000000000000000000000000000000000000000000000000000000000000000000000000010100000000000000101000001101000000001000000001010010000000000000000000000000000000000000000000101000000000001000000010000000000000000000000000000000010010000000100000000100
000000000000000000000000000000000000000000000000000000000000000000000000000000000000000000000000000000000000000000000000000000001000000000000000000000000000000000000100000000000000000001000000000000000000000000000000000000000000000000000000000000010000000000000000000000000000000000000000000001000000
000000000000000000000000000000000000000000000000000000000000000000000000000000000000000000000000000000000000000000000000000000000000000000000000000000000000000000000001000000000000000000000000000000000000000000000000000000000000000000000000000000000000000000000000010000000000000000000000000000000000
000000000000000000000000000000000000000000000000000000000000000000000000000000000000000000000000000000000000000000000000000100010010000100010000001101000011010000001010000001010010000000000000000000000000000000010000001001100000000001000001010010100010000000000000000000000000011010000000100000100000
000000000000000000000000000000000000000000000000000000000000000000000000000000000000000000000000000000000000000000000100100000000000100011000010000010000000000100000000001100000000100000001001000100000000001000000010110000000001100100000010001000000101000110010000000011000000000000000001000010000001
000000000000000000000000000000000000000000000000000000000000000000000000000000000000000000000000000000000000000000000010000100000000010000010000100000000000000001000000000000000000001000000100100000000010000100000000000100101000010000000001000010000000100001000100000000101000000000000000000000010000
000000000000000000000000000000000000000000000000000000000000000000000000000000000000000000000000000000000000000000000001000010000000001000001000010000000000000000100000000000000000000100000010010000000000000010000000000010000000001000000000100001000000010000100010000000010010000000000000000000001000
000000000000000000000000000000000000000000000000000000000000000000000000000000000000000000000000000000000000000000000000100000000000100011000010000010000000000100000000000100000000100000001001000100000000001000000010110000000001100100000010001000000101000110010000000011000000000000000001000010000001
000000000000000000000000000000000000000000000000000000000000000000000000000000000000000000000000000000000000000000000000000100000000000000010000100000000000000001000000000001000000001000000100100000000000000100000000000100000000010000000001000000000000100001000100000000101000000000000000000000010000
000000000000000000000000000000000000000000000000000000000000000000000000000000000000000000000000000000000000000000000000000010000000000000001000010000000000000000000000000000000000000100000010010000000000000000000000000010000000001000000000100001000000010000100010000000010010000000000000000000001000
000000000000000000000000000000000000000000000000000000000000000000000000000000000000000000000000000000000000000000000000000000000000100011000010000010000000000100000000001100000000100000001001000100000000001000000010110000000001100100000010001000000101000110010000000011000000000000000001000010000001
000000000000000000000000000000000000000000000000000000000000000000000000000000000000000000000000000000000000000000000000000000000000000100000000000001000000000000001000000001000000000000000000000000000000000000010000000000100000000000000000000000000010000000000000000000000000010001000000000000000000
000000000000000000000000000000000000000000000000000000000000000000000000000000000000000000000000000000000000000000000000000000010000000000000000000001010000010000001000000000000100010000010000000000001000000000001000000000000000000000000100000000100010000000000000100100000001000101000000100000000010
000000000000000000000000000000000000000000000000000000000000000000000000000000000000000000000000000000000000000000000000000000010000010100010000100000000100000001000000000000000000001000000100100000000000000100000000000100000000010000000001000010000000100001000100000000101000000000000000000000010000
000000000000000000000000000000000000000000000000000000000000000000000000000000000000000000000000000000000000000000000000000000000000001000001000010000000000000000100000000000000000000100000010010000000000000010000000000010000000001000000000100001000000010000100010000000010010000000000000000000001000
000000000000000000000000000000000000000000000000000000000000000000000000000000000000000000000000000000000000000000000000000000000000000000100000000000000000010000000000000000000000010000010000000000000000010000000000000000000000000000000000000000000010000000000000100000000000000000000000000000000000
000000000000000000000000000000000000000000000000000000000000000000000000000000000000000000000000000000000000000000000000000000000000000000000100000000000000001000000000000010100000000000100000000001000000000000100001000000000100000000100000000000000000000000000000000000000000000000001000000100000000
000000000000000000000000000000000000000000000000000000000000000000000000000000000000000000000000000000000000000000000000000000000010010100000000101000110111110010001010100001010011000000000000000000000100000000010000000100101010000000001001000010100010000001000100000000000001101011000000100000000000
000000000000000000000000000000000000000000000000000000000000000000000000000000000000000000000000000000000000000000000000000000000000000000000000000000000000000000000100000000000000000001000000000000100000000000000000000000010000000000000000000000011000001000000000000000000000000000000000000001000000
000000000000000000000000000000000000000000000000000000000000000000000000000000000000000000000000000000000000000000000000000000000010000100000000001100000101000000001010010000000000000000000000000000000000000000010000000000000010000000010000000000100010000000000000000000000001001011100000100000000000
000000000000000000000000000000000000000000000000000000000000000000000000000000000000000000000000000000000000000000000000000000000000000100000000101101010111110010001010100000010001000000010000000000001000000000011000000001000010000000001000000110100010000001000000010100000001111011100000100000100010
000000000000000000000000000000000000000000000000000000000000000000000000000000000000000000000000000000000000000000000000000000000000000000000000000000000000000000000000000000000000000000000000000000000000000000000000000000000000000000000000000000000000001000000000000000000000000000000010000000000000
000000000000000000000000000000000000000000000000000000000000000000000000000000000000000000000000000000000000000000000000000000000000000011000010000010000000000100000000001100000000100000001001000100000000001000000010110000000001100100000010001000000101000110010000000011000000000000000001000010000001
000000000000000000000000000000000000000000000000000000000000000000000000000000000000000000000000000000000000000000000000000000000000000100010000100000000000110001000000000000000010000000000000100000000000000100000000000000000000010000000001000010000010000001000100000000000000000000000000000000010000
000000000000000000000000000000000000000000000000000000000000000000000000000000000000000000000000000000000000000000000000000000000000000000001000010000000000000000100000000000000000000100000010010000000000000010000000000010000000001000000000100001000000010000100010000000010010000000000000000000001000
000000000000000000000000000000000000000000000000000000000000000000000000000000000000000000000000000000000000000000000000000000000000000000010000101101110111110010001010100001010010000000010000000010000010000001010000000100101010010001011101000010100010000001000100010100000001111111100000110000000110
000000000000000000000000000000000000000000000000000000000000000000000000000000000000000000000000000000000000000000000000000000000000000001000010000010000000000100000000001100000000100000001001000100000000001000000010110000000001100100000010001000000101000110010000000011000000000000000001000010000001
000000000000000000000000000000000000000000000000000000000000000000000000000000000000000000000000000000000000000000000000000000000000000000000010000010000000000100000000001100000000100010001001000100000000001000000010110000000001100110000010001000000101000110010000000011000000000000000001000010000001
000000000000000000000000000000000000000000000000000000000000000000000000000000000000000000000000000000000000000000000000000000000000000000000000000000000000000000000000000000000000010000000000000000000000010000000000000000000000000000000000000000000000000000000000100000000000000000000000000000000000
000000000000000000000000000000000000000000000000000000000000000000000000000000000000000000000000000000000000000000000000000000000000000000000000101000000100010001001010100000010110001000000100100000000010000100000000000100101000010001000101000010000010100001000100000000101000000000000000000000010000
000000000000000000000000000000000000000000000000000000000000000000000000000000000000000000000000000000000000000000000000000000000000000000000000010000000000000000100000000000000000000100000010010000000000000010000000000010000000001000000000100001000000010000100010000000010010000000000000000000001000
000000000000000000000000000000000000000000000000000000000000000000000000000000000000000000000000000000000000000000000000000000000000000000000000000000000000001000000000000010100000000000100000001001000000000000100001000000000100000000100000000000000000000000000000000000000100000000001000000100000000
000000000000000000000000000000000000000000000000000000000000000000000000000000000000000000000000000000000000000000000000000000000000000000000000000010000000000100000000001100000000100000001001000100000000001000000010110000000001100110000010001000000101000110010000000011000000000000000001000010000001
000000000000000000000000000000000000000000000000000000000000000000000000000000000000000000000000000000000000000000000000000000000000000000000000000000001000000000000000000000000000000000000000000000000000000000000000000000000000000000000000000000000000000000000000000000000000000000000100000000000000
000000000000000000000000000000000000000000000000000000000000000000000000000000000000000000000000000000000000000000000000000000000000000000000000001101000101110011001000100001010100011000000100100000000010000100010000000100101010010000001001000010100010100001000100000100101001001011100000100000010110
000000000000000000000000000000000000000000000000000000000000000000000000000000000000000000000000000000000000000000000000000000000000000000000000000000000000000000100000000000000000000100000010010000000000000010000000000010000000001000000000100001000000010000100010000000010010000000000000000000001000
000000000000000000000000000000000000000000000000000000000000000000000000000000000000000000000000000000000000000000000000000000000000000000000000000101110101110010001010110001010010010000010000000010000000000000010000001101100010000001011000010110100010000001000100011100000001111011100000100000100110
000000000000000000000000000000000000000000000000000000000000000000000000000000000000000000000000000000000000000000000000000000000000000000000000000000010101000010001010100000000000010000000000000000000000000000000000000000000010000000010000010110100010000000000000000100000001011011100000100000000100
000000000000000000000000000000000000000000000000000000000000000000000000000000000000000000000000000000000000000000000000000000000000000000000000000000000000000100000000000100000000100000001001000100000000001000000010110000000001100100000010001000000101000110010000000011000000000000000000000010000001
000000000000000000000000000000000000000000000000000000000000000000000000000000000000000000000000000000000000000000000000000000000000000000000000000000000000010000001010000001000000000000010000000000000000000000000000000000000000000000000000010010100010000000000000010000000000111001100000000000000000
000000000000000000000000000000000000000000000000000000000000000000000000000000000000000000000000000000000000000000000000000000000000000000000000000000000100100000001000100001010000000000000000000000000000000000000000000000101000000000000000000010000010000000000000000000000000101000000000000000000000
000000000000000000000000000000000000000000000000000000000000000000000000000000000000000000000000000000000000000000000000000000000000000000000000000000000001010000001000000000000100000000000000000000011000000001011000000000000000000000000100000000100010000000000000000100000001010011000000100000000110
000000000000000000000000000000000000000000000000000000000000000000000000000000000000000000000000000000000000000000000000000000000000000000000000000000000000000000000000000001000000000000000000000000000000000000000000000000000000000000000000000000000010000000000000000000000000000000000100000000000000
000000000000000000000000000000000000000000000000000000000000000000000000000000000000000000000000000000000000000000000000000000000000000000000000000000000001100000001010000001010010000000010000000000001000000000000000000000101010010000001001010010100010000001000100000100000001101011000000110000000110
000000000000000000000000000000000000000000000000000000000000000000000000000000000000000000000000000000000000000000000000000000000000000000000000000000000000010000000000000000000000000000000000000000000000000000000000000000000000000001000000000000000000000000000000000100000000100010000000000000000010
000000000000000000000000000000000000000000000000000000000000000000000000000000000000000000000000000000000000000000000000000000000000000000000000000000000000110010001010100001010111010000010000000000001010000001011000000101101010000001011000010110100010000001000100001100100001111011100000110000010110
000000000000000000000000000000000000000000000000000000000000000000000000000000000000000000000000000000000000000000000000000000000000000000000000000000000000010000001000000001010000000000000000000000000000000000000000000000100010000001001000000010100010000001000000001000000000001000000000100000000010
000000000000000000000000000000000000000000000000000000000000000000000000000000000000000000000000000000000000000000000000000000000000000000000000000000000000000001001010100000010110010000010000000000011010010100001000000000100000000001001100000010100010000001000100011100000001101011110000110000000110
000000000000000000000000000000000000000000000000000000000000000000000000000000000000000000000000000000000000000000000000000000000000000000000000000000000000000000000000000010100000000000100000000001000000000000100001000000000100000000100000000000000000000000000000000000000100000000001000000100000000
000000000000000000000000000000000000000000000000000000000000000000000000000000000000000000000000000000000000000000000000000000000000000000000000000000000000000000000000001100000000100000001001000100000000001000000010110000000001100100000010001000000101000110010000000011000000000000000001000010000001
000000000000000000000000000000000000000000000000000000000000000000000000000000000000000000000000000000000000000000000000000000000000000000000000000000000000000000000000000000000000000000000000000010001000000000000000000000000010000000001000000000100010000000000000000000000001001011100000100000000000
000000000000000000000000000000000000000000000000000000000000000000000000000000000000000000000000000000000000000000000000000000000000000000000000000000000000000000000000000000000000001000000100100000000010000100000000000100001000010000000001000010000000100001000100000000101000000000000000000000010000
000000000000000000000000000000000000000000000000000000000000000000000000000000000000000000000000000000000000000000000000000000000000000000000000000000000000000000000000000000000000000100000010010000000000000010000000000010000000001000000000100001000000010000100010000000010010000000000000000000001000
000000000000000000000000000000000000000000000000000000000000000000000000000000000000000000000000000000000000000000000000000000000000000000000000000000000000000000000000000000000000000001000000000000100000000000000000000000010000000000000000000000011000001000000000000000000000000000000010000000000000
000000000000000000000000000000000000000000000000000000000000000000000000000000000000000000000000000000000000000000000000000000000000000000000000000000000000000000000010100001010010000000010000000010001010000000011000001101101000000001011000010010100010000001000000010100000001111011100000100000100110
000000000000000000000000000000000000000000000000000000000000000000000000000000000000000000000000000000000000000000000000000000000000000000000000000000000000000000000000000000000000000001000000000000000000000000000000000000000000000000000000000000010000000000000000000000000000000000000000000001000000
000000000000000000000000000000000000000000000000000000000000000000000000000000000000000000000000000000000000000000000000000000000000000000000000000000000000000000000000000001010010010000000000000000000000010000010000000000001000000001011000000110100010000001000100010000000000011011000000100000000000
000000000000000000000000000000000000000000000000000000000000000000000000000000000000000000000000000000000000000000000000000000000000000000000000000000000000000000000000000000000000000000000000000000000000000000000000000000000000000000000000000000000000000000000000010000000000000000000000000000000000
000000000000000000000000000000000000000000000000000000000000000000000000000000000000000000000000000000000000000000000000000000000000000000000000000000000000000000000000000001010000000000000000000000001000000000010000000000000010000000000000010010000010000000000000000000000001001011000000100000000100
000000000000000000000000000000000000000000000000000000000000000000000000000000000000000000000000000000000000000000000000000000000000000000000000000000000000000000000000000000000000000000000000000000000000000000000000000000000000000000000000000000000010000000000000000000000000000000000000000000000000
000000000000000000000000000000000000000000000000000000000000000000000000000000000000000000000000000000000000000000000000000000000000000000000000000000000000000000000000000000000000100000001001000000000000001000000000010000000000100000000010001000000001000010010000000011000000000000000000000010000001
000000000000000000000000000000000000000000000000000000000000000000000000000000000000000000000000000000000000000000000000000000000000000000000000000000000000000000000000000000000000100000001001000100000000001000000010110000000001100100000010001000000101000110010000000011000000000000000000000010000001
000000000000000000000000000000000000000000000000000000000000000000000000000000000000000000000000000000000000000000000000000000000000000000000000000000000000000000000000000000100000000000100000000001000000000000100001000000000100000000100000000000000000000000000000000000000000000000001000000100000000
000000000000000000000000000000000000000000000000000000000000000000000000000000000000000000000000000000000000000000000000000000000000000000000000000000000000000000000000000000010000000000000000000010000000000000010000000000101010000001000001000010100010000000000000000000000000111000000000100000000010
000000000000000000000000000000000000000000000000000000000000000000000000000000000000000000000000000000000000000000000000000000000000000000000000000000000000000000000000000000000000000000100000001001000000000000100001000000000100000000100000000000000000000000000000000000000100000000001000000100000000
000000000000000000000000000000000000000000000000000000000000000000000000000000000000000000000000000000000000000000000000000000000000000000000000000000000000000000000000000000000010000000010000000000000000000001010000000000100010000001001000000010100010000001000100010000000001101110100000100000010100
000000000000000000000000000000000000000000000000000000000000000000000000000000000000000000000000000000000000000000000000000000000000000000000000000000000000000000000000000000000000000000010000000000000000000000000000000000000000000000000000000000000000000000001000000000000000000000000000000000000000
000000000000000000000000000000000000000000000000000000000000000000000000000000000000000000000000000000000000000000000000000000000000000000000000000000000000000000000000000000000000000000000000000000000000000000001000000000000000000000001000000000000010000000000000000000000001000000000000000000000010
000000000000000000000000000000000000000000000000000000000000000000000000000000000000000000000000000000000000000000000000000000000000000000000000000000000000000000000000000000000000000000000000000000000000000000010000000000100000000001000000000010100010000001000100010000000000000000000000000000000000
000000000000000000000000000000000000000000000000000000000000000000000000000000000000000000000000000000000000000000000000000000000000000000000000000000000000000000000000000000000000000000010000000000000100000000001000000000101000000000001000000000100010000000000000000000000000100010000000000000000000
000000000000000000000000000000000000000000000000000000000000000000000000000000000000000000000000000000000000000000000000000000000000000000000000000000000000000000000000000000000000000010001001000100000000001000000010110000000001100110000010001000000101000110010000000011000000000000000001000010000001
000000000000000000000000000000000000000000000000000000000000000000000000000000000000000000000000000000000000000000000000000000000000000000000000000000000000000000000000000000000000000000010000000000000000010000000000000000000000000000000000000010000010000001000000100000000001000010000000000000000000
000000000000000000000000000000000000000000000000000000000000000000000000000000000000000000000000000000000000000000000000000000000000000000000000000000000000000000000000000000000000000000000100100000000000000100000000000100000000010000000001000010000000100001000100000000101000000000000000000000010000
000000000000000000000000000000000000000000000000000000000000000000000000000000000000000000000000000000000000000000000000000000000000000000000000000000000000000000000000000000000000000000000010010000000000000010000000000010000000001000000000100001000000010000100010000000010010000000000000000000001000
000000000000000000000000000000000000000000000000000000000000000000000000000000000000000000000000000000000000000000000000000000000000000000000000000000000000000000000000000000000000000000000000000000000000000000000000000000000000000010000000000000000000000010000000000010000000000000000000000000000001
000000000000000000000000000000000000000000000000000000000000000000000000000000000000000000000000000000000000000000000000000000000000000000000000000000000000000000000000000000000000000000000000000000100000000000000000000000010000000000000000000000011000001000000000000000000000000000000000000001000000
000000000000000000000000000000000000000000000000000000000000000000000000000000000000000000000000000000000000000000000000000000000000000000000000000000000000000000000000000000000000000000000000000001000000000000100001000000000100000000100000000000000000000000000000000000000100000000001000000100000000
000000000000000000000000000000000000000000000000000000000000000000000000000000000000000000000000000000000000000000000000000000000000000000000000000000000000000000000000000000000000000000000000000000100000010000001000000000000000000000001000010110000010000000001100000000000001000011000000111000000100
000000000000000000000000000000000000000000000000000000000000000000000000000000000000000000000000000000000000000000000000000000000000000000000000000000000000000000000000000000000000000000000001000100000000001000000010110000000001100100000010001000000101000110010000000011000000000000000001000010000001
000000000000000000000000000000000000000000000000000000000000000000000000000000000000000000000000000000000000000000000000000000000000000000000000000000000000000000000000000000000000000000000000100000000000000100000000000100000000010000000001000010000000100001000100000000101000000000000000000000010000
000000000000000000000000000000000000000000000000000000000000000000000000000000000000000000000000000000000000000000000000000000000000000000000000000000000000000000000000000000000000000000000000010000000000000010000000000010000000001000000000100001000000010000100010000000010010000000000000000000001000
000000000000000000000000000000000000000000000000000000000000000000000000000000000000000000000000000000000000000000000000000000000000000000000000000000000000000000000000000000000000000000000000000100000000001000000010110000000001100100000010001000000101000110010000000011000000000000000001000010000001
000000000000000000000000000000000000000000000000000000000000000000000000000000000000000000000000000000000000000000000000000000000000000000000000000000000000000000000000000000000000000000000000000000000000000100000000000100000000010000000001000010000000100001000100000000101000000000000000000000010000
000000000000000000000000000000000000000000000000000000000000000000000000000000000000000000000000000000000000000000000000000000000000000000000000000000000000000000000000000000000000000000000000000000000000000010000000000010000000001000000000100001000000010000100010000000010010000000000000000000001000
000000000000000000000000000000000000000000000000000000000000000000000000000000000000000000000000000000000000000000000000000000000000000000000000000000000000000000000000000000000000000000000000000000000000000000100000000000000000000000100000000000000000000000000000000000000000000000000000000000000000
000000000000000000000000000000000000000000000000000000000000000000000000000000000000000000000000000000000000000000000000000000000000000000000000000000000000000000000000000000000000000000000000000000000000001000000010110000000001100100000010001000000101000110010000000011000000000000000000000010000001
000000000000000000000000000000000000000000000000000000000000000000000000000000000000000000000000000000000000000000000000000000000000000000000000000000000000000000000000000000000000000000000000000000000000000000000000000000000000000000000000000000000010000000000000000000000000000000100000100000000000
000000000000000000000000000000000000000000000000000000000000000000000000000000000000000000000000000000000000000000000000000000000000000000000000000000000000000000000000000000000000000000000000000000000000000000100001000000000100000000100000000000000000000000000000000000000100000000001000000100000000
000000000000000000000000000000000000000000000000000000000000000000000000000000000000000000000000000000000000000000000000000000000000000000000000000000000000000000000000000000000000000000000000000000000000000000000000000000010000000000000000000000011000001000000001000000000000000000000010000000000000
000000000000000000000000000000000000000000000000000000000000000000000000000000000000000000000000000000000000000000000000000000000000000000000000000000000000000000000000000000000000000000000000000000000000000000000000000000000000000000000000000000000000000000000000000000000000000000000000000000000000
000000000000000000000000000000000000000000000000000000000000000000000000000000000000000000000000000000000000000000000000000000000000000000000000000000000000000000000000000000000000000000000000000000000000100000000000000000000010000000000000000000100010000000000000001100000001010010100000000000000110
000000000000000000000000000000000000000000000000000000000000000000000000000000000000000000000000000000000000000000000000000000000000000000000000000000000000000000000000000000000000000000000000000000000000000000000000000000000000000000001000000000000000000000000000000000000000100000000000000000000000
000000000000000000000000000000000000000000000000000000000000000000000000000000000000000000000000000000000000000000000000000000000000000000000000000000000000000000000000000000000000000000000000000000000000000100000100000000000000000000000000000000000000000000000000000000000001000001000000000000000010
000000000000000000000000000000000000000000000000000000000000000000000000000000000000000000000000000000000000000000000000000000000000000000000000000000000000000000000000000000000000000000000000000000000000000000000000000000000000000000000000000000000000000000000000000000000000000000000000000000000000
000000000000000000000000000000000000000000000000000000000000000000000000000000000000000000000000000000000000000000000000000000000000000000000000000000000000000000000000000000000000000000000000000000000000000000000000000000000000000000000000000000000000000000000000000000000000000000000000000000000000
000000000000000000000000000000000000000000000000000000000000000000000000000000000000000000000000000000000000000000000000000000000000000000000000000000000000000000000000000000000000000000000000000000000000000000000000000000000000000000000000000010000010000000000000100000000001001000000000010000000000
000000000000000000000000000000000000000000000000000000000000000000000000000000000000000000000000000000000000000000000000000000000000000000000000000000000000000000000000000000000000000000000000000000000000000000000010110000000001100100000010001000000101000110010000000011000000000000000001000010000001
000000000000000000000000000000000000000000000000000000000000000000000000000000000000000000000000000000000000000000000000000000000000000000000000000000000000000000000000000000000000000000000000000000000000000000000000000100001000010000000001000010000000100001000100000000101000000000000000000000010000
000000000000000000000000000000000000000000000000000000000000000000000000000000000000000000000000000000000000000000000000000000000000000000000000000000000000000000000000000000000000000000000000000000000000000000000000000010000000001000000000100001000000010000100010000000010010000000000000000000001000
000000000000000000000000000000000000000000000000000000000000000000000000000000000000000000000000000000000000000000000000000000000000000000000000000000000000000000000000000000000000000000000000000000000000000000000000000000100000000000000000000100000000000000000000000100000001000010000000100000000010
000000000000000000000000000000000000000000000000000000000000000000000000000000000000000000000000000000000000000000000000000000000000000000000000000000000000000000000000000000000000000000000000000000000000000000000001000000000100000000100000000000000000000000000000000000000100000000001000000100000000
000000000000000000000000000000000000000000000000000000000000000000000000000000000000000000000000000000000000000000000000000000000000000000000000000000000000000000000000000000000000000000000000000000000000000000000000000000100010000000000000000010100010000001000000000000000001001011100000100000000000
000000000000000000000000000000000000000000000000000000000000000000000000000000000000000000000000000000000000000000000000000000000000000000000000000000000000000000000000000000000000000000000000000000000000000000000000000000000000000000000000000000000000000000000000000100000001000001000000100000000000
000000000000000000000000000000000000000000000000000000000000000000000000000000000000000000000000000000000000000000000000000000000000000000000000000000000000000000000000000000000000000000000000000000000000000000000000000000000000000000000000000000000000000000000000000000000000000000000000000000000000
000000000000000000000000000000000000000000000000000000000000000000000000000000000000000000000000000000000000000000000000000000000000000000000000000000000000000000000000000000000000000000000000000000000000000000000000110000000001100100000010001000000101000110010000000011000000000000000000000010000001
000000000000000000000000000000000000000000000000000000000000000000000000000000000000000000000000000000000000000000000000000000000000000000000000000000000000000000000000000000000000000000000000000000000000000000000000000000000100000000100000000000000000000000000000000000000100000000001000000100000000
000000000000000000000000000000000000000000000000000000000000000000000000000000000000000000000000000000000000000000000000000000000000000000000000000000000000000000000000000000000000000000000000000000000000000000000000010000000001100100000010001000000101000110010000000011000000000000000000000010000001
000000000000000000000000000000000000000000000000000000000000000000000000000000000000000000000000000000000000000000000000000000000000000000000000000000000000000000000000000000000000000000000000000000000000000000000000000000000001100100000010001000000101000110010000000011000000000000000001000010000001
000000000000000000000000000000000000000000000000000000000000000000000000000000000000000000000000000000000000000000000000000000000000000000000000000000000000000000000000000000000000000000000000000000000000000000000000000001000000000001000000000000000000000000000000000000000000000000000000100000100000
000000000000000000000000000000000000000000000000000000000000000000000000000000000000000000000000000000000000000000000000000000000000000000000000000000000000000000000000000000000000000000000000000000000000000000000000000000000000010000000001000010000000100001000100000000101000000000000000000000010000
000000000000000000000000000000000000000000000000000000000000000000000000000000000000000000000000000000000000000000000000000000000000000000000000000000000000000000000000000000000000000000000000000000000000000000000000000000000000001000000000100001000000010000100010000000010010000000000000000000001000
000000000000000000000000000000000000000000000000000000000000000000000000000000000000000000000000000000000000000000000000000000000000000000000000000000000000000000000000000000000000000000000000000000000000000000000000000000000000000001000000000000000000000000000000000000000000001010000000100000100000
000000000000000000000000000000000000000000000000000000000000000000000000000000000000000000000000000000000000000000000000000000000000000000000000000000000000000000000000000000000000000000000000000000000000000000000000000000001010000001011000010010100010000001000000000100000001111011100000100000000110
000000000000000000000000000000000000000000000000000000000000000000000000000000000000000000000000000000000000000000000000000000000000000000000000000000000000000000000000000000000000000000000000000000000000000000000000000000000000000000000000000000011000000000000000000000000000000000000000000000000000
000000000000000000000000000000000000000000000000000000000000000000000000000000000000000000000000000000000000000000000000000000000000000000000000000000000000000000000000000000000000000000000000000000000000000000000000000000000000000000001000000010100010000000000000000000000000010000000000100000000100
000000000000000000000000000000000000000000000000000000000000000000000000000000000000000000000000000000000000000000000000000000000000000000000000000000000000000000000000000000000000000000000000000000000000000000000000000000000000000000100000000000000000000000000000000000000100000000001000000100000000
000000000000000000000000000000000000000000000000000000000000000000000000000000000000000000000000000000000000000000000000000000000000000000000000000000000000000000000000000000000000000000000000000000000000000000000000000000000000000000011000000000100010000001000000000000000001001011100000100000000100
000000000000000000000000000000000000000000000000000000000000000000000000000000000000000000000000000000000000000000000000000000000000000000000000000000000000000000000000000000000000000000000000000000000000000000000000000000000000100100000010001000000101000110010000000011000000000000000000000010000001
000000000000000000000000000000000000000000000000000000000000000000000000000000000000000000000000000000000000000000000000000000000000000000000000000000000000000000000000000000000000000000000000000000000000000000000000000000000000000100000010001000000101000110010000000011000000000000000001000010000001
000000000000000000000000000000000000000000000000000000000000000000000000000000000000000000000000000000000000000000000000000000000000000000000000000000000000000000000000000000000000000000000000000000000000000000000000000000000000000000000001000010000000100001000100000000101000000000000000100000010000
000000000000000000000000000000000000000000000000000000000000000000000000000000000000000000000000000000000000000000000000000000000000000000000000000000000000000000000000000000000000000000000000000000000000000000000000000000000000000000000000100001000000010000100010000000010010000000000000000000001000
000000000000000000000000000000000000000000000000000000000000000000000000000000000000000000000000000000000000000000000000000000000000000000000000000000000000000000000000000000000000000000000000000000000000000000000000000000000000000000000010001000000101000110010000000011000000000000000000000010000001
000000000000000000000000000000000000000000000000000000000000000000000000000000000000000000000000000000000000000000000000000000000000000000000000000000000000000000000000000000000000000000000000000000000000000000000000000000000000000000000000000000000000000010000000000000000000000000000000000000000000
000000000000000000000000000000000000000000000000000000000000000000000000000000000000000000000000000000000000000000000000000000000000000000000000000000000000000000000000000000000000000000000000000000000000000000000000000000000000000000000001010010100010000000000000000000000000001000100000100000100000
000000000000000000000000000000000000000000000000000000000000000000000000000000000000000000000000000000000000000000000000000000000000000000000000000000000000000000000000000000000000000000000000000000000000000000000000000000000000000000000000000000000000000000000000000000000100000000001000000100000000
000000000000000000000000000000000000000000000000000000000000000000000000000000000000000000000000000000000000000000000000000000000000000000000000000000000000000000000000000000000000000000000000000000000000000000000000000000000000000000000000000000100000000000000000000000000000000001000000000000000000
000000000000000000000000000000000000000000000000000000000000000000000000000000000000000000000000000000000000000000000000000000000000000000000000000000000000000000000000000000000000000000000000000000000000000000000000000000000000000000000001000010100010000001000000000000000001101011000000100000000100
000000000000000000000000000000000000000000000000000000000000000000000000000000000000000000000000000000000000000000000000000000000000000000000000000000000000000000000000000000000000000000000000000000000000000000000000000000000000000000000000000000000000000000000000000100000001000010000000000000000010
000000000000000000000000000000000000000000000000000000000000000000000000000000000000000000000000000000000000000000000000000000000000000000000000000000000000000000000000000000000000000000000000000000000000000000000000000000000000000000000000001000000101000110010000000011000000000000000001000010000001
000000000000000000000000000000000000000000000000000000000000000000000000000000000000000000000000000000000000000000000000000000000000000000000000000000000000000000000000000000000000000000000000000000000000000000000000000000000000000000000000000010100000100001000100000000101000000000000000000000010000
000000000000000000000000000000000000000000000000000000000000000000000000000000000000000000000000000000000000000000000000000000000000000000000000000000000000000000000000000000000000000000000000000000000000000000000000000000000000000000000000000001000000010000100010000000010010000000000000000000001000
000000000000000000000000000000000000000000000000000000000000000000000000000000000000000000000000000000000000000000000000000000000000000000000000000000000000000000000000000000000000000000000000000000000000000000000000000000000000000000000000000010100010000000000000000000000000011011100000000000000000
000000000000000000000000000000000000000000000000000000000000000000000000000000000000000000000000000000000000000000000000000000000000000000000000000000000000000000000000000000000000000000000000000000000000000000000000000000000000000000000000000000000101000110010000000011000000000000000001000010000001
000000000000000000000000000000000000000000000000000000000000000000000000000000000000000000000000000000000000000000000000000000000000000000000000000000000000000000000000000000000000000000000000000000000000000000000000000000000000000000000000000000100010000000000000000000000000001011000000100000000000
000000000000000000000000000000000000000000000000000000000000000000000000000000000000000000000000000000000000000000000000000000000000000000000000000000000000000000000000000000000000000000000000000000000000000000000000000000000000000000000000000000100010100001000100011000101001101011100000100000110100
000000000000000000000000000000000000000000000000000000000000000000000000000000000000000000000000000000000000000000000000000000000000000000000000000000000000000000000000000000000000000000000000000000000000000000000000000000000000000000000000000000000000010000100010000000010010000000000000000000001000
000000000000000000000000000000000000000000000000000000000000000000000000000000000000000000000000000000000000000000000000000000000000000000000000000000000000000000000000000000000000000000000000000000000000000000000000000000000000000000000000000000000010000001000000000000000001111011100000100000000100
000000000000000000000000000000000000000000000000000000000000000000000000000000000000000000000000000000000000000000000000000000000000000000000000000000000000000000000000000000000000000000000000000000000000000000000000000000000000000000000000000000001000000000000001000000000000000000000000000001000000
000000000000000000000000000000000000000000000000000000000000000000000000000000000000000000000000000000000000000000000000000000000000000000000000000000000000000000000000000000000000000000000000000000000000000000000000000000000000000000000000000000000000001000000000000000000000000010000000000000000000
000000000000000000000000000000000000000000000000000000000000000000000000000000000000000000000000000000000000000000000000000000000000000000000000000000000000000000000000000000000000000000000000000000000000000000000000000000000000000000000000000000000001000110010000000011000000000000000000000010000001
000000000000000000000000000000000000000000000000000000000000000000000000000000000000000000000000000000000000000000000000000000000000000000000000000000000000000000000000000000000000000000000000000000000000000000000000000000000000000000000000000000000000000001000100001100000001111011100000110000000110
000000000000000000000000000000000000000000000000000000000000000000000000000000000000000000000000000000000000000000000000000000000000000000000000000000000000000000000000000000000000000000000000000000000000000000000000000000000000000000000000000000000000000110010000000011000000000000000001000010000001
000000000000000000000000000000000000000000000000000000000000000000000000000000000000000000000000000000000000000000000000000000000000000000000000000000000000000000000000000000000000000000000000000000000000000000000000000000000000000000000000000000000000000001000100000000101000000000000000000000010000
000000000000000000000000000000000000000000000000000000000000000000000000000000000000000000000000000000000000000000000000000000000000000000000000000000000000000000000000000000000000000000000000000000000000000000000000000000000000000000000000000000000000000000100010000000010010000000000000000000001000
000000000000000000000000000000000000000000000000000000000000000000000000000000000000000000000000000000000000000000000000000000000000000000000000000000000000000000000000000000000000000000000000000000000000000000000000000000000000000000000000000000000000000000000000000000000000000000000000000000000000
000000000000000000000000000000000000000000000000000000000000000000000000000000000000000000000000000000000000000000000000000000000000000000000000000000000000000000000000000000000000000000000000000000000000000000000000000000000000000000000000000000000000000010010000000011000000000000000000000010000001
000000000000000000000000000000000000000000000000000000000000000000000000000000000000000000000000000000000000000000000000000000000000000000000000000000000000000000000000000000000000000000000000000000000000000000000000000000000000000000000000000000000000000000010000000011000000000000000001000010000001
000000000000000000000000000000000000000000000000000000000000000000000000000000000000000000000000000000000000000000000000000000000000000000000000000000000000000000000000000000000000000000000000000000000000000000000000000000000000000000000000000000000000000000000100000000101000001011000000100000010100
000000000000000000000000000000000000000000000000000000000000000000000000000000000000000000000000000000000000000000000000000000000000000000000000000000000000000000000000000000000000000000000000000000000000000000000000000000000000000000000000000000000000000000000010000000010010000000000000000000001000
000000000000000000000000000000000000000000000000000000000000000000000000000000000000000000000000000000000000000000000000000000000000000000000000000000000000000000000000000000000000000000000000000000000000000000000000000000000000000000000000000000000000000000000000000011000000000000000001000010000001
000000000000000000000000000000000000000000000000000000000000000000000000000000000000000000000000000000000000000000000000000000000000000000000000000000000000000000000000000000000000000000000000000000000000000000000000000000000000000000000000000000000000000000000000000000000000000000000000000000000000
000000000000000000000000000000000000000000000000000000000000000000000000000000000000000000000000000000000000000000000000000000000000000000000000000000000000000000000000000000000000000000000000000000000000000000000000000000000000000000000000000000000000000000000000000000101000000000000000000000010000
000000000000000000000000000000000000000000000000000000000000000000000000000000000000000000000000000000000000000000000000000000000000000000000000000000000000000000000000000000000000000000000000000000000000000000000000000000000000000000000000000000000000000000000000000000010010000000000000000000001000
000000000000000000000000000000000000000000000000000000000000000000000000000000000000000000000000000000000000000000000000000000000000000000000000000000000000000000000000000000000000000000000000000000000000000000000000000000000000000000000000000000000000000000000000000000000000000000000000000000000000
000000000000000000000000000000000000000000000000000000000000000000000000000000000000000000000000000000000000000000000000000000000000000000000000000000000000000000000000000000000000000000000000000000000000000000000000000000000000000000000000000000000000000000000000000000000000000000000000000000000000
000000000000000000000000000000000000000000000000000000000000000000000000000000000000000000000000000000000000000000000000000000000000000000000000000000000000000000000000000000000000000000000000000000000000000000000000000000000000000000000000000000000000000000000000000000000000101000100000000000000000
000000000000000000000000000000000000000000000000000000000000000000000000000000000000000000000000000000000000000000000000000000000000000000000000000000000000000000000000000000000000000000000000000000000000000000000000000000000000000000000000000000000000000000000000000000000001001000100000010000000010
000000000000000000000000000000000000000000000000000000000000000000000000000000000000000000000000000000000000000000000000000000000000000000000000000000000000000000000000000000000000000000000000000000000000000000000000000000000000000000000000000000000000000000000000000000000001011011100000100000000110
000000000000000000000000000000000000000000000000000000000000000000000000000000000000000000000000000000000000000000000000000000000000000000000000000000000000000000000000000000000000000000000000000000000000000000000000000000000000000000000000000000000000000000000000000001000000000000000001000010000001
000000000000000000000000000000000000000000000000000000000000000000000000000000000000000000000000000000000000000000000000000000000000000000000000000000000000000000000000000000000000000000000000000000000000000000000000000000000000000000000000000000000000000000000000000000000000000000000001000010000001
000000000000000000000000000000000000000000000000000000000000000000000000000000000000000000000000000000000000000000000000000000000000000000000000000000000000000000000000000000000000000000000000000000000000000000000000000000000000000000000000000000000000000000000000000000001000000000000000000000010000
000000000000000000000000000000000000000000000000000000000000000000000000000000000000000000000000000000000000000000000000000000000000000000000000000000000000000000000000000000000000000000000000000000000000000000000000000000000000000000000000000000000000000000000000000000000010000000000000000000001000
000000000000000000000000000000000000000000000000000000000000000000000000000000000000000000000000000000000000000000000000000000000000000000000000000000000000000000000000000000000000000000000000000000000000000000000000000000000000000000000000000000000000000000000000000000000000000000000000000000010000
000000000000000000000000000000000000000000000000000000000000000000000000000000000000000000000000000000000000000000000000000000000000000000000000000000000000000000000000000000000000000000000000000000000000000000000000000000000000000000000000000000000000000000000000000000000000000000001000000000000000
000000000000000000000000000000000000000000000000000000000000000000000000000000000000000000000000000000000000000000000000000000000000000000000000000000000000000000000000000000000000000000000000000000000000000000000000000000000000000000000000000000000000000000000000000000000000000000000000000000001000
000000000000000000000000000000000000000000000000000000000000000000000000000000000000000000000000000000000000000000000000000000000000000000000000000000000000000000000000000000000000000000000000000000000000000000000000000000000000000000000000000000000000000000000000000000000000001011100000100000000110
000000000000000000000000000000000000000000000000000000000000000000000000000000000000000000000000000000000000000000000000000000000000000000000000000000000000000000000000000000000000000000000000000000000000000000000000000000000000000000000000000000000000000000000000000000000000000000000000100000000000
000000000000000000000000000000000000000000000000000000000000000000000000000000000000000000000000000000000000000000000000000000000000000000000000000000000000000000000000000000000000000000000000000000000000000000000000000000000000000000000000000000000000000000000000000000000000001011000000100000000110
000000000000000000000000000000000000000000000000000000000000000000000000000000000000000000000000000000000000000000000000000000000000000000000000000000000000000000000000000000000000000000000000000000000000000000000000000000000000000000000000000000000000000000000000000000000000000011100000100000000110
000000000000000000000000000000000000000000000000000000000000000000000000000000000000000000000000000000000000000000000000000000000000000000000000000000000000000000000000000000000000000000000000000000000000000000000000000000000000000000000000000000000000000000000000000000000000000000000000000000000000
000000000000000000000000000000000000000000000000000000000000000000000000000000000000000000000000000000000000000000000000000000000000000000000000000000000000000000000000000000000000000000000000000000000000000000000000000000000000000000000000000000000000000000000000000000000000000001100000100000000110
000000000000000000000000000000000000000000000000000000000000000000000000000000000000000000000000000000000000000000000000000000000000000000000000000000000000000000000000000000000000000000000000000000000000000000000000000000000000000000000000000000000000000000000000000000000000000000100000100000000110
000000000000000000000000000000000000000000000000000000000000000000000000000000000000000000000000000000000000000000000000000000000000000000000000000000000000000000000000000000000000000000000000000000000000000000000000000000000000000000000000000000000000000000000000000000000000000000000000100000000110
000000000000000000000000000000000000000000000000000000000000000000000000000000000000000000000000000000000000000000000000000000000000000000000000000000000000000000000000000000000000000000000000000000000000000000000000000000000000000000000000000000000000000000000000000000000000000000000000010000000000
000000000000000000000000000000000000000000000000000000000000000000000000000000000000000000000000000000000000000000000000000000000000000000000000000000000000000000000000000000000000000000000000000000000000000000000000000000000000000000000000000000000000000000000000000000000000000000000000000100000000
000000000000000000000000000000000000000000000000000000000000000000000000000000000000000000000000000000000000000000000000000000000000000000000000000000000000000000000000000000000000000000000000000000000000000000000000000000000000000000000000000000000000000000000000000000000000000000000000000000000000
000000000000000000000000000000000000000000000000000000000000000000000000000000000000000000000000000000000000000000000000000000000000000000000000000000000000000000000000000000000000000000000000000000000000000000000000000000000000000000000000000000000000000000000000000000000000000000000000000000000000
000000000000000000000000000000000000000000000000000000000000000000000000000000000000000000000000000000000000000000000000000000000000000000000000000000000000000000000000000000000000000000000000000000000000000000000000000000000000000000000000000000000000000000000000000000000000000000000000000010000001
000000000000000000000000000000000000000000000000000000000000000000000000000000000000000000000000000000000000000000000000000000000000000000000000000000000000000000000000000000000000000000000000000000000000000000000000000000000000000000000000000000000000000000000000000000000000000000000000000000100110
000000000000000000000000000000000000000000000000000000000000000000000000000000000000000000000000000000000000000000000000000000000000000000000000000000000000000000000000000000000000000000000000000000000000000000000000000000000000000000000000000000000000000000000000000000000000000000000000000000000110
000000000000000000000000000000000000000000000000000000000000000000000000000000000000000000000000000000000000000000000000000000000000000000000000000000000000000000000000000000000000000000000000000000000000000000000000000000000000000000000000000000000000000000000000000000000000000000000000000000000000
000000000000000000000000000000000000000000000000000000000000000000000000000000000000000000000000000000000000000000000000000000000000000000000000000000000000000000000000000000000000000000000000000000000000000000000000000000000000000000000000000000000000000000000000000000000000000000000000000000000000
000000000000000000000000000000000000000000000000000000000000000000000000000000000000000000000000000000000000000000000000000000000000000000000000000000000000000000000000000000000000000000000000000000000000000000000000000000000000000000000000000000000000000000000000000000000000000000000000000000000001
000000000000000000000000000000000000000000000000000000000000000000000000000000000000000000000000000000000000000000000000000000000000000000000000000000000000000000000000000000000000000000000000000000000000000000000000000000000000000000000000000000000000000000000000000000000000000000000000000000000000
000000000000000000000000000000000000000000000000000000000000000000000000000000000000000000000000000000000000000000000000000000000000000000000000000000000000000000000000000000000000000000000000000000000000000000000000000000000000000000000000000000000000000000000000000000000000000000000000000000000000
000000000000000000000000000000000000000000000000000000000000000000000000000000000000000000000000000000000000000000000000000000000000000000000000000000000000000000000000000000000000000000000000000000000000000000000000000000000000000000000000000000000000000000000000000000000000000000000000000000000000
000000000000000000000000000000000000000000000000000000000000000000000000000000000000000000000000000000000000000000000000000000000000000000000000000000000000000000000000000000000000000000000000000000000000000000000000000000000000000000000000000000000000000000000000000000000000000000000000000000000000
000000000000000000000000000000000000000000000000000000000000000000000000000000000000000000000000000000000000000000000000000000000000000000000000000000000000000000000000000000000000000000000000000000000000000000000000000000000000000000000000000000000000000000000000000000000000000000000000000000000010
000000000000000000000000000000000000000000000000000000000000000000000000000000000000000000000000000000000000000000000000000000000000000000000000000000000000000000000000000000000000000000000000000000000000000000000000000000000000000000000000000000000000000000000000000000000000000000000000000000000000
000000000000000000000000000000000000000000000000000000000000000000000000000000000000000000000000000000000000000000000000000000000000000000000000000000000000000000000000000000000000000000000000000000000000000000000000000000000000000000000000000000000000000000000000000000000000000000000000000000000000
