000100000000000000000000000000000000000000001000000000000000000000000000000000000000011000000000000000000000000000000100000000100000000000000000000000001000000000000000000000000000000000000010000000010000000000001000000000000000000000000000000000000000000000000100000000000100000000000000000000000000
000010000011000100110011111100000011001001001010000000001001010001110010001001001000110111001010100000100011111110111110110100100001001100000010011000010111110101100010100110010100001000010011001001111111101110001011110110001100110111010000011000000011100100001111010111101100101000000100110110101110
000000000100000001000000000000001100001001001000000000000010000000100000000000010001000000000000001010000000000000010001000000000110000000000100000000100000011000000010001000000010000000000010000101000100100010000001000000010000000000010001000000010000010000000001001000010000000000000000000000000000
000000000000000000000000000000000000000000000000000000000000000000100000000000000000000000100000000000000000000000000100000000100000000000000000000000001000000000000000000000000000000000000000000000000000000010000000000000000000000000000000000000000000000000000000000000000100000000000000000000000000
000000000001010100100011011100000011000001000000000000001001010000010000001001001010000111000010001000110001011110010110100000100001000000000010000000010111110000000000100011010001101010000010001001111000101001001000000100001100100010000000011000000111100000001111010011100110101000000101100100101010
000000000001000101000011010100000011000001010001010010001001010010110010000101100110000111000110000000000111011010111100110001100001001001000010000000001100110001100000100000010100001000010000000001010000101010001001010100101010110011001000001000100011101100001101010011000100100000000000100010011100
000000000000000000000000000000010010010000011000000110000000000000100100010000000000010000000100000000000001000010010000000000000000000000000100000000001000000000010000000000100000000000000000100000000010000000001001001100100000000001010000001100001001101000000000001010000101100000000010010000000000
000000000010000000000100000000000000100000000000100001000000100100000000000000000000000000000000000000000000000000000000010000000000000000000000000000000010000000001000000000000000000000000000000000000000000000000000000000001000000000000000000000000000000000000001000000000000001000000000000000000000
000000000100001000000000000000100000001010000100000000101010000001100010100010000010100100000000100000000000001000001001001010111000000011100001101101110000011001100100010010000100011110010100000000000000000100000010110010000000001100001000000000100100001100010000000100010000000000010010100010010100
000000000000101100000010000001100010001010000100000000100110000001000010100010000100100000000001000100000001001010000001001010010110001010001000001100100100011001100100010011000000000010010100000100010000101110101010110010101000001000000000000000110111011100010100010100110101000100011000100110010010
000000000001000110000110000000000000100000000010100001000000100100110000000000000000000101000010000000000100011010110010110100000000000000000010000000010111000000001000000010010000000000000001100000010011100000001000000000000000110011000000011000000011100000000001010010100100001001000000110001101010
000000000000010110110011011000000111000001010011100000100001110100110010000001001000000111100010001000110011011110111110110100100001101000000010010000010111110001001000100110000101101011000011100001111011101001001000101100101100111011100000011000000011100100001111010011101100101001000100110100101110
000000000000001000000000000001100010000010000100000000101010000000000010100000000100000000000001000000000001000000000000000010000000000000100000001100000000010001100100000000000000000010010000000100000000000100000010010110100000001100000000000000000000001100010000000000010000000000010010000000000000
000000000000000100010011011000000001001001000000010000000001010010110000001001101010000111100010000000110000011010011010110000000001000000000010010000010101100100000000100000010101100000000011001001111010101001001001100010101100111010000000011000000011100000101111010111100110101001000001100001101010
000000000000000000000000000001000010001010000100000000101010000001000010100010001100100000000011000000010001001000001001001000010000010010100001101101100000011001100100010010000000010110010100000100000000000101000010010110100000001100001000000000100100001100010000000100010000000100010010100010000000
000000000000000010110111011010000011001001001010100100000001110110110000100001101000000111100010001000110111111110110010100110000001101000000110010100011111100100001100100111010101100001000010100001111011101111001011000110101100111011110001011000000011100000001111010111111111101011000101111101101110
000000000000000000010111011000000011000000000010000000000001010100110000000001001000000101100010000000110101111010110000100000000000001000000010010000011111100000101000100100010000100000000010000000110011100001001000100000100100110011100000001000000011100100101101010011101110001001000000100001101010
000000000000000000000010000000000000000001000000000000010000010000010000000000000000000000000000000000000000001000010000000000000010010000000010000000000000010010100000000000000110010000010000000001010000000010000000010000000000000000000000000000000000000000000000001000000000000000000000100000001100
000000000000000000000011011000000001001001001010000000000001010000010000000000011000000111000010001000010000111010110010100000000001000100000010010000010100010000000000000000000101000000000011001001000011101101000000000010000000110000000000000000000111000000001111010011100100100000000100100100101010
000000000000000000000011011000000011000011000010110000000001010000110000001001101000110111101010000000110001011110110110110000000000000000000010010000010111110100000000100100010101100010000011100001111111101001001001001110101100110011100000011000000011100100101111010011100110101001000101100101101110
000000000000000000000000000000000010000000100000000000000000000000001010000000000000000000010000000000000001001000010000000000000000001000000000000000000000010001000000000010000000000000100000000000010000010000000100000010100000000001000000100000010000010100000000000000000000000000000000100000000000
000000000000000000000000000000000000100000000000100001000000100100000000000000000000000100000010000000000000000010000000100000000000000000000000000000000100100000001000000000000000000000000000000000000010000000001000000000000000100011000000001000000011100000000000000000101110001000000000000001000010
000000000000000000000001011110001011000001001010010100101001010011110000001001101010110111100010000000110111011010111110110010100001101100100111111100010111110111100000100110010101101010010010100001111111101001001001111100111110111111000000011010100111100100111111010011110110101001000101110101111110
000000000000000000000000011110000011000001001010100000101001010010110010001001001010010111100010000000110011111110111110110000100001001100010011011000010111100001000000100110110101101000001011100001111111101011001101100110101110110011000000011000000111100101101111010011100111111001100100100100111110
000000000000000000000000001000000000000001000000000000000000000000000000000001000000000110000000000000000000010010000000000000000000000000000000000000000100010000000000000100000000000000000010000001000000101000000000000000000000000001000000001000000011100000000101010010100100000000000000010000000100
000000000000000000000000001000000011001011011010110000101001110101110000000001101000000111100010100000110111111110110110110000100001011100000110010100010111110101001000100100010101100010000011110001111111101011001010001110101100110011100000011000000111100000001111010111111110101010000101100101101110
000000000000000000000000000010010011001011000011000100001001010011110010001001001000110111101010001000110111011010110110110000000001101100000010010100010101110101000000100001010101100101000010101001111011101011001011001100101100111011100000011000000011101100001111010011110110101001000101110101101010
000000000000000000000000000000100000000001010001010000100001010000110000000001001000000111000010000000000110010010110100110000100001000100000010000000010100110000000000000000000100000000000001000001010100101000001001000000001010100000000000001000000011100000001111010010100100100000000100010000100000
000000000000000000000000000000000010000110100010000100000001000000000000000001001000000011000010000100100001011010010000100001000000001000000000000000000000000001100000100001010101000000101010000000111000010001001100000100100000101001000000000011000011100001000100010011100100010000100000100100011100
000000000000000000000000000000000010000010000100000000001010000000000000100000000110000000000011000000000001000000001000000000010000000000100001100101000000010000000000000000000100001110010000000100000000000100000000000100000000001100001000000000000100000100010000000000000000000000010000000010000100
000000000000000000000000000000000000000000000000000000101000000001000010000010000100000000000001000000000000000000000000001000000000000000000000100100100000011001100100010010000000001010010100000000000000000100000010010010000000001000000000000000100000000100010000000100010000000100010100000010010000
000000000000000000000000000000000000010000010000000100000000000010100100010100000000010000000000000001000000000000000000000000000000000000000000000000000000000100010000000000100000010000000001110000000000000000000000001000000001000000000100000100001000000000000000000000000001100000000000010000000000
000000000000000000000000000000000100000001001000000000000000000000100000000000010001000000000010001010000000000010000010100000000110000000000000000000000000000000000010001000000110000000000000100001010100100000001000000000010100000000010001000000000010000000000001010010100000100000000100010000000000
000000000000000000000000000000000000000001001000010000000001000000000000000000010001000000000000001010000000000000010000000000000111000000000000000000000001000000000010011000000010000000000000000001000100100000000000000000010000000000010001000000000000000000000000001000000000000000000100000000100000
000000000000000000000000000000000001001111100011010010111111010001111000100001001110101111100110100100110111111110111100110000110001011001100111111101100111011001100100110011010100011110111010000101111110111111001111111111101100111110001000011011100111111111111101010111110101110000110110100101011110
000000000000000000000000000000000000000001000010010000011001010011110000000001101010110111100010001000110011111110111010110000000001101000000011110100010111110100101000100110010101110000000010101001111011101011001101101100101101111011101000011000000111100100101111010011101101101011000101101110111110
000000000000000000000000000000000000000000000010100001000000100100010000000000000000000000000000000000000000000000000010100000000000000000000010000000000010000000001000000100000000000000000000000000000000000000000000000000000010100000000000000000000001100000000000000000000010000000000000000000000000
000000000000000000000000000000000000000000010000000100000000000000100100010000000000010000000000000001000000000000010000000000000000000000000000000000000000000110010000000000100000000000000001110000000000000000000000001000000001000000000100000100001000000000000000000000000001100000000000010000000000
000000000000000000000000000000000000000011001100001010101111000011000010100011011110100110000100001010000011011010011110110000111100001111101101111101110101011001100100010011000100001110010100000101010000100110001011110111101000111111011001001000110111111110011101011110110100000100011010100110011100
000000000000000000000000000000000000000000100000000000000000000000001000000000000000000000010000000000000001001000000000000001000000001000000000000000000000000000000000000000000000000000001000000000010000010000011100000100100000000000000000000010000000100001000000000000000000010000100000100100000000
000000000000000000000000000000000000000000010000000000101001000001000010100001000110100110000001100000000001001010001110100010000000000011100001101101100100011001100100000010000100001110010000000100010000000100000010110110100000001110001000000000100100011110010000000100010100000000000010100110011000
000000000000000000000000000000000000000000011010010110101001010010110010100001101110010111100110100000110001111110111110110110100011111100000011110000010110110101100000100111010101101111010011100101111110101111001011111110101110111111110001011001100111100100001111010111101101101001000100110111111110
000000000000000000000000000000000000000000000000000000000100000000001000000001000000001000010000000100000101001000000000000000000000001000000000000000000000000000000000000000000000000000101000000000010000010000010100000101100000000000000000100010000000100001000000010000000000010000100000100100000100
000000000000000000000000000000000000000000000010000110000000000001100100000001100010010000000100000001010100000010011000100000000001000000000000000000001100000100010100000000100100000000000001110001010000000001001001001100000001100010000100001100001011100000000101010010000101100000000000110001001100
000000000000000000000000000000000000000000000000000000000010000011010010000000011101000100000000001010000000000010010010100000000110000110000110000100110001010001000110001000000110000000010001100101010100101110000001010010011000100010010001001000000011100100001101011010110100000000001100100010101000
000000000000000000000000000000000000000000000000000000101010000001000010100010000100100000000001000000000000001000000001000010010000000010000000101100100000011000100100010001000000000100010100000100010000000110000010010010100000001000000000000000000000000110010000000000010000000000011000100010010000
000000000000000000000000000000000000000000000000100000000001110100110000000001101000100111100010000000100101111110110110100100100001101000000010010000011111110100101100100110010101100001010000100001111010101001001000011100001100110011000000011000000011100000101111010011111110101001000000100111101110
000000000000000000000000000000000000000000000000000000000000000000010000000001000000000101000000001000000001011010110100110000000010000000000110000000000000000000000000100000000010000000000010000000010000101010001001000100110000010011000000000000000010100000000100010010000000000000000100110000001000
000000000000000000000000000000000000000000000000000001000000100100110000000000001000000100100010000000000100011010000010110000000001000000000010000000010111000000001000000000000001000000000001000000010010100000001000000000000000100011000000011000000011100000000001010010100100001001000000110001101010
000000000000000000000000000000000000000000000000000010001100010010110010000101010000000101000110001000000011011010110010110000000101001000000010000000000100100001000000000100010000000000000010000001111101100010001001000100100010110001100000001001000011000000001101010011100110100000000000100100001100
000000000000000000000000000000000000000000000000000000000000000000000000000000000100000000000000000000000000000000000000000000001000000000001000000000000000000000000000000000000000000000000000000000000000000000000000000000000000001000000000000000010000010000000000000000000000000000000000000000000000
000000000000000000000000000000000000000000000000000000000000000000100100010001000000010001000000000001000000000010000000000000000000001000000000010000001100000100010001100000100000000000000001110001011000100000000000001000101001100000000100000100001010100000000001010010000101100000000000110100001000
000000000000000000000000000000000000000000000000000000000001000010100000000100000100010010000100000001010001000010010000100000100001101100000100000000000100000000000000000000100100000001000000000001010010101000001000000100100001001000000000000110000010000000000001000000001001100000000000010100001101
000000000000000000000000000000000000000000000000000000000000100100000000000000000000000000000000000000000000000000000000000000000000000000000000000000000000000000001000000000000000000000000000000000000000000000000000000000000000000000000000000000000000000000000000000000000000000000000000000000000000
000000000000000000000000000000000000000000000000000000011000000001100010000000001010100100000010100000000001001010001100011010110000000011100001101101110001111001100100000010001100001110010110000001000000101100000010110110100000001100001000001000110100011100110101010100110000000000010010110010111110
000000000000000000000000000000000000000000000000000000000000010000000000000000000000000100000000000000000001001000000000000000000000011000000000000000000000000010000000000000000000000000000000000000010000000000000000000000000000000000000000000000000000000100000000000000000000000000000000100000000000
000000000000000000000000000000000000000000000000000000000001010001110010100001000110100101000010100000000011011010111110110010100100001001100011101001000100110011100000010011010100001110010010000101010001101111001111110110101000111110001000001010110111111110011110010111110100000000010010100110011010
000000000000000000000000000000000000000000000000000000000000000000000000000100000000000000000000000100000001001000000000010000010000001000000000000100100000000000000000000000000000000000000000000100010000000000010100000101100000000000000000000010000000000100010000000000000000010000000000100100000000
000000000000000000000000000000000000000000000000000000000000000010000010100010000100000000000001000000000001000000000000001000011000000010000100001100100000011001100100000010000000000000010100000100010000000100000010010110001000001100000000000000010000001100010000000100010000000100011010100010001000
000000000000000000000000000000000000000000000000000000000000010010110000000001101010010111100110000000110111111010110110110000100001001100000110010000010111100000100000100101010101101001000010000001111110101001001011000100101100111011001000011000100011100000101111010011100110101001000001100100101110
000000000000000000000000000000000000000000000000000000000000000100000000000000001000000100000010000000000000010010010010100000000001001000000000000000000100000000001000000000000000000001000000000000010010101000001000000000000000100000000000001000000011100000000001010000100110000000000000000000001010
000000000000000000000000000000000000000000000000000000000000000001110000000001101010110111100010000000110011111110110010110010000001101000000011110000010111110100100000100110010101010000000010101001111001101011001101101100101100111011101000011000000111100100001111010011101101101011000101100100101110
000000000000000000000000000000000000000000000000000000000000000000000000000000000000000000000000000000000000000000000000000000000000000000000000000000000000000000000000000000000000000000000000000000000000000000000000000000001000000000000000000000000000000000000001000000000000000000000000000000000010
000000000000000000000000000000000000000000000000000000000000000000110000000000001000000100000010000000000100011010000010100000000001000000000010000000010111000000001000000000000000000000000001000000010010000000001000000000000000100001000000011000000011100000000001010010100100001000000000100001101000
000000000000000000000000000000000000000000000000000000000000000000100000001101001000100111000100001000100010011100010100000000000001001000000000010000001101100000000010000011000001010000100011000001111100100000001001001100001000100000000000000100000000000000011001001011101110100000000000000000001100
000000000000000000000000000000000000000000000000000000000000000000010010000010000110100110001010100000000001001000011101001010110000000011100111111101011100011001100100000010001110011110010001100100010000000100100001110110000000101110001000001000110100111110010000000100111100000100010010110110011000
000000000000000000000000000000000000000000000000000000000000000000010110011001101000010111100110000001110001011110111110110000100001001000010010000000011111110111111101100100110101000000000011110101111110101111101011101110101111110011000100011101001011100100001111010011101111101000000001110110101110
000000000000000000000000000000000000000000000000000000000000000000000001001001011000100111000010000000110011011110110110110000100111001000000110110000011111110110000100100100010101000000000011111001111110101011001001101100101100110010000000011000000011100000101111010011101100101001000101110001101110
000000000000000000000000000000000000000000000000000000000000000000000000000000000000000000010000000000000001001000000000000000000000001000000000000000000000000000000000000000000000000000101000000000010000010000010100000100100000000000000000100011000000000001000000010000000000010000100000100100000000
000000000000000000000000000000000000000000000000000000000000000000000000010000000000010000000000000001000000000000000000000000000000000000000000000000001000000100010000000000000000000000000001110000000000000000000000001000000000000000000000000100001000000000000000000000000001100000000000010000000000
000000000000000000000000000000000000000000000000000000000000000000000000101011001110100000000001100000000100011000101111011010110000001011101101101101110001111011101100010110010000001110010100100101010000001110100011111011101010111101001000000001110100011110010100001101010000000100011110100110110010
000000000000000000000000000000000000000000000000000000000000000000000000000000000000000000000000000000000000000000000000000000000000000000000010000000000000000000000000000000000000000000000000000000000000000000000000000000000000000000000000000000000000000000000000000000000000000000000000000000001000
000000000000000000000000000000000000000000000000000000000000000000000000000011000100100000000001000000010001001000000000000010010000000010000000101100100000011000100100010001000000000000010100000101010000100110000010110110100000001100000000000000100100001100010101000000010000000000011000100110011000
000000000000000000000000000000000000000000000000000000000000000000000000000000000000010000000000000000000100000110000100110000100001000000010000000000001000000100010000000000100000000000000001110000110100000001100000001000000000100000000000000100001000000000000000000000000101100000000000010100001100
000000000000000000000000000000000000000000000000000000000000000000000000000001000000000110000010000000000010000000000110110000100000000000000010010000010111100001000001100000000000100000000010100000000000101001001000000000001100100001000000010000000000000000000011000010100100100000000101000000101000
000000000000000000000000000000000000000000000000000000000000000000000000000000000000000000000100000000000000011010000000000000000001000000000000000000000100000000000000100100000000000000000010000000010100100010001001001010100000000001000000000000000011100000000000010000000101100000000000100100000001
000000000000000000000000000000000000000000000000000000000000000000000000000000000100000000000001000100000000001000000001001000010000000010000000001100100000011001100100010000000000000000000100000100010000000110000000000010100000001000000000000000000000001100010000000100010000000100011010100000000000
000000000000000000000000000000000000000000000000000000000000000000000000000000101010000111100010000000110111111110111110110001100001101000000011111100010111110101101000100111010101101100010011101001111011101111001011111100101110110011101000011011100111101100111111010111100110101001000111110111101110
000000000000000000000000000000000000000000000000000000000000000000000000000000000000010101000010000000110000010010110000010000000001000000000000010000000100000100000000100000000000000000000011000001101000100001001001001000001100010010000000010000000011100000101101010011100110101000000001100000001010
000000000000000000000000000000000000000000000000000000000000000000000000000000000101000000000000001010000000001010011001000000000110000010000010001100100000011000000110001000000010000000000001100100000100100010001001100000011000000000010001000000010010011000000000011001010000000000000100100000000000
000000000000000000000000000000000000000000000000000000000000000000000000000000000110010111100010000000110111011110111110100010100001001110000110111000010111110100000100100110010101100000010011101001111010101011001001110110011100110111011000011001000011100100101111010011101110101001000101110111101110
000000000000000000000000000000000000000000000000000000000000000000000000000000000001100000000101000000000001001010000011001010010000001011101000101100100100011001100100010001000000001000010100000101010000100110000010010111100000101100001000001001110110011100010100000000010100000100011010100110000100
000000000000000000000000000000000000000000000000000000000000000000000000000000000000100111000010100000000001011010001101100010000000000001100001101001000100010001100100000110100100001110010000001001010000100110001100110110100000101110001000001010100111100110011101010010100000000000010000100110011000
000000000000000000000000000000000000000000000000000000000000000000000000000000000000000000000000000000000000000000000000000000000110000000000000000000000000000000000010001000000010000000000000000000000100000010000000000000010000000000010001000000000000010000000000001000000000000000000000000000000000
000000000000000000000000000000000000000000000000000000000000000000000000000000000000000110000010100000000001001010011100101010000000000001100011111101011101111011100100100011001000011110010000000000010000000100000010110110101000101110001000000000100100100110011011000100110100000000010000110110111010
000000000000000000000000000000000000000000000000000000000000000000000000000000000000000100000110000001010100010000100100000000100001000000000000000000001000000100010000000100100001000000000011110001000000001011000001001000001000010000000100000100001000100000001101010000100111100000000000010000000100
000000000000000000000000000000000000000000000000000000000000000000000000000000000000000000000000000000000001000000000010000001000000001000000000000000000000000000000000000000000000000000100000000000010000010000000000000100100000000000000000000000000000000100000000000000000000000000000000100100000000
000000000000000000000000000000000000000000000000000000000000000000000000000000000000000011100010001000110111111110111110110000100001101110000110110000011111110111101101100110010101101011010011101001111111101111001111111110101100111111001000011000000111100110101111010111111110101011000101110101111110
000000000000000000000000000000000000000000000000000000000000000000000000000000000000000001101110100000110011111010110110110110100101100000100011110000010101110001100100100111010101100100010010101001111111101111001111010110101110111111101000011000100111100100101111010011101100101001000101100111011110
000000000000000000000000000000000000000000000000000000000000000000000000000000000000000000100010001000110111111110111110110100100101101100000011111100010111110101100000100111010101101101010011101001111111101111001011111110101100111011101000001001000011100100101111010111101110101001000101110101111110
000000000000000000000000000000000000000000000000000000000000000000000000000000000000000000000010000000010101111010010110100000100000100000000000010000010111100000001000100100000101100000000000000001010010101000001000000100001100100011000000011000000011100000101111010011100110001001000101101001001010
000000000000000000000000000000000000000000000000000000000000000000000000000000000000000000000000000100000000000000000000000001000000000000000000000000000000000000000000000000000000000000001000000000000000000000000000000001000000000000000010100000000000000001000000000000000000010000100000000000000000
000000000000000000000000000000000000000000000000000000000000000000000000000000000000000000000010000000000000001010100100110000100001000000000100000000000000000000000100000000010000000000000010000000010000000000001000000000000000010000000000000000000000100000000001010010100100000000000000100000000000
000000000000000000000000000000000000000000000000000000000000000000000000000000000000000000000000000001010001000010010000100000100001101100000100000000000100000000000000000000100100000001000000000001010010101000001000000100100001001000000000000110000010000000000001000000001001100000000000010100001101
000000000000000000000000000000000000000000000000000000000000000000000000000000000000000000000000001000110111111110111110110000100001101100000010110000010111110101101000100100010101101101000011101001111111101101001011101100101100110011001000011000000111100100111111010111101110101011000101110101111110
000000000000000000000000000000000000000000000000000000000000000000000000000000000000000000000000000000000000000000000000000010000000000010100000001100000000010001100000000000000000000000000000000100000000000100000010010000000000001000001000000000000000001100010000000100000000000000010010000010000000
000000000000000000000000000000000000000000000000000000000000000000000000000000000000000000000000000000000001000000011100000010000000000001100001110001000100010011100000000010000100001110010000000001000000101000000000110110000000001110001000000000100100000110000000000000000000000000000000000010011000
000000000000000000000000000000000000000000000000000000000000000000000000000000000000000000000000000000001000000001000000000000000000000000000000000010000000000000000000000000000000000000000000000010000000000000000000000000000000000000000000000000000000000000000000000000000000000000000000000000000000
000000000000000000000000000000000000000000000000000000000000000000000000000000000000000000000000000010000000010010010000100000000110000000000000010000000100000000000010001000000010000000000010100000000100001100001000000000001000000000010001000000000010000000001101011010100000000000000100100100001000
000000000000000000000000000000000000000000000000000000000000000000000000000000000000000000000000000000000001001000000000000001000000001000000000100000100000000000000000000001000000000000100100000000010000010000010000000100100000000000000000100010000000000000000000000000000000000000000000100100000000
000000000000000000000000000000000000000000000000000000000000000000000000000000000000000000000000000000000000000000000000000000000100000100000000000000000000000000000010001000000110000000000000000100000100000010000000000000000000000000010001000000000000000000001001001000000000000000000000000000000000
000000000000000000000000000000000000000000000000000000000000000000000000000000000000000000000000000000000000000000000000000000000000000000000000000000000000000100000001000000100000000000000000000000000000000000000000000000000001000000000100000000001000000000000000000000000000100000000000010000000000
000000000000000000000000000000000000000000000000000000000000000000000000000000000000000000000000000000010011011110111110100100000100100000000010010100000111100000000000000001010001000001000011100001111001101011001001101100101100110010000000001000000011100000001101010011100101101000000000100100001110
000000000000000000000000000000000000000000000000000000000000000000000000000000000000000000000000000000000001011110011010100010100000110100000010000000010101010100000000100000110101100001000011101001111010101011001101101110001100100011100000011010000011100000101101010011100101100001000000110101101110
000000000000000000000000000000000000000000000000000000000000000000000000000000000000000000000000000000000000000001000000000000000000000000000000000010000000000000000000000000000000000000000000000010000000000000000000000000000000000000000000000000000000000000000000000000000000000000000000000000000000
000000000000000000000000000000000000000000000000000000000000000000000000000000000000000000000000000000000011011010110100110000100001001000000000000000001110000000001000000100010100000000000001100000111110100000001101001000101111110001000000011010000011100000000101010010100100000000000000110101000000
000000000000000000000000000000000000000000000000000000000000000000000000000000000000000000000000000000000001011010100100100000100000001000100110010001001100100100000000100001000000010000010000000000111000101000001001011100101100110011001000001010000111100000001101010011100100100000000001100110001110
000000000000000000000000000000000000000000000000000000000000000000000000000000000000000000000000000000000000111110111100110000110001011001100111111101100111011001100100110011010100011110111010000101111110111111001111111111101100111110001000011011100111111111111101010111110101110000110110100101011110
000000000000000000000000000000000000000000000000000000000000000000000000000000000000000000000000000000000000011010000000100000000001000100000000000000000100100000000000100000010100000000000000000001010000100000001000000100001000100011000000011000000011100000101101010011101110001001000000100001001110
000000000000000000000000000000000000000000000000000000000000000000000000000000000000000000000000000000000000001010111110110100100001101100000111111100010111110101101000110101010101110111010011101101111111101111001011110110101110110111001000011001000111100100101111010111101110101011010101110111111110
000000000000000000000000000000000000000000000000000000000000000000000000000000000000000000000000000000000000000110111110110000100001011110000111111101110111111011100100110011010101001110111001100101111110101110111111111111101110111111001000001011100111101101111101010111111101111000110100100111011111
000000000000000000000000000000000000000000000000000000000000000000000000000000000000000000000000000000000000000010000110110000000000000000010010110000010101100010000000100000000000000000000000110001110100100000001000001110101100100000000000011000000110100000000101010011100101100000000101100101101010
000000000000000000000000000000000000000000000000000000000000000000000000000000000000000000000000000000000000000000111110110100110001101100000111110100010111111111101100110111110101100111010011110101111111101111001011111110101100111111101000011001100111100100111111011111111111101011000101100101111111
000000000000000000000000000000000000000000000000000000000000000000000000000000000000000000000000000000000000000000000000000000000000000000000000000010000000000000000000000000000000000000000000000010000000000000000000000000000000000000000000000000000000000000000000000000000000000000000000000000000000
000000000000000000000000000000000000000000000000000000000000000000000000000000000000000000000000000000000000000000010110110000000000001110000110011100010111100100000100100100010101100000000111100001111001100111001101101100001100110011000000011001000011100100001111010111111110101001000100110111101110
000000000000000000000000000000000000000000000000000000000000000000000000000000000000000000000000000000000000000000000110110000100101001100000110011000010101110011100010100100110111100111010011001001111110101011001001010100101000111011000000001110001011100100101101011011111100100011000101100110101110
000000000000000000000000000000000000000000000000000000000000000000000000000000000000000000000000000000000000000000000000010010000000001001100001101001000100010001100100000010010100001110010000000001111000100011001100110110100000101110001000001010100111000110001101010110000100000000000000110110011010
000000000000000000000000000000000000000000000000000000000000000000000000000000000000000000000000000000000000000000000000110110100001101000010011110000011100110101100000100110110101001111010011100001111110101010101010111110011010110011000000001000100011100100001101010110101100100000000001110110011100
000000000000000000000000000000000000000000000000000000000000000000000000000000000000000000000000000000000000000000000000110100000101101010000010010000010111110001001100100111010101000101010011000101111011101011001010010010001100110111100000011001000111100100001111010111111110101011000101110111101110
000000000000000000000000000000000000000000000000000000000000000000000000000000000000000000000000000000000000000000000000001000000000000010000001100100100000011001100100010000000000000100010100000100000000000010000000110010000000001000000000000000100000001100010001000000010000000100011010000010000000
000000000000000000000000000000000000000000000000000000000000000000000000000000000000000000000000000000000000000000000000010100100001100100000110111100010111100101101100100111010101100101010010101001111111101111001011111110101100111011100000011001000011100000001111010111101111101011000101111111101110
000000000000000000000000000000000000000000000000000000000000000000000000000000000000000000000000000000000000000000000000000000100001000000000010010000001101110001000000100110000100001000010001100001010101101110001110011010001010110011000000010010000111100100001101010111101100101000000100110110101100
000000000000000000000000000000000000000000000000000000000000000000000000000000000000000000000000000000000000000000000000000000000000000010000000000100100000011001000100000010000000000010010100000000000000000100000000010010000000001100000000000000000000001100010000000100010000000100011010000000000000
000000000000000000000000000000000000000000000000000000000000000000000000000000000000000000000000000000000000000000000000000000100000000000000000110000000000100000000000000000000000000000000000100001101000001000001000100000000000100010000000000000000001100000000101000000000100000000000100000000001000
000000000000000000000000000000000000000000000000000000000000000000000000000000000000000000000000000000000000000000000000000000100000000001100001101001000100010001100000000011000100001110010000000101110000000100000000110010000000001100001000000000100100000110010000000010000000000000000000000010011100
000000000000000000000000000000000000000000000000000000000000000000000000000000000000000000000000000000000000000000000000000000000000001000000000000000000000000000000000000000000000000000101000000000010000010000010000000000100000000000000000000000000000000001000000000000000000000000100000100100000000
000000000000000000000000000000000000000000000000000000000000000000000000000000000000000000000000000000000000000000000000000000000001001000010011110000001100110101000000000100110100001111010011100001111110101010101001111110011010110011000000001000010011100100001101010110100100100000000000110110011100
000000000000000000000000000000000000000000000000000000000000000000000000000000000000000000000000000000000000000000000000000000000000001011100000101101100001011001100100000011000000000010010100000100010000001100000000110111100000001000000000000000000111101100010000010110110100000100011000100010001000
000000000000000000000000000000000000000000000000000000000000000000000000000000000000000000000000000000000000000000000000000000000000000000001000000000000000010000000100000010000000000000000000000000000000000000000000000010000000000000000000000000000000000100000000000000000000000000000000000000000000
000000000000000000000000000000000000000000000000000000000000000000000000000000000000000000000000000000000000000000000000000000000010000000000010000100100000000000000110001000000010000000000010100100101100101010000001000000000000010000010001000000000010000000000101001001010000000000000100000000000010
000000000000000000000000000000000000000000000000000000000000000000000000000000000000000000000000000000000000000000000000000000000000000000000010000000000000000000000010001000000010000000000010000001010100000010000000000000011000000000010001000000000000001000000000001000000000000000000000000000000000
000000000000000000000000000000000000000000000000000000000000000000000000000000000000000000000000000000000000000000000000000000000000001100000110000000011101000000000000000000010100000000000011001001010010101010001101000100101110110011000000011010000011100000001111010010101110101000000100100000101110
000000000000000000000000000000000000000000000000000000000000000000000000000000000000000000000000000000000000000000000000000000000000000000000000000000000100100000000000000100000001000001000000000001111010100000001000000000000000100011000000001000000011100000000101010010100110000011000000000001001110
000000000000000000000000000000000000000000000000000000000000000000000000000000000000000000000000000000000000000000000000000000000000001100000000000100000000000010000000000000010000000000010000000001000000000100000000010010000000000000000000000000000000100000001000000000000000000000010000100010000100
000000000000000000000000000000000000000000000000000000000000000000000000000000000000000000000000000000000000000000000000000000000000000010100110101001111111111011000100110011010000000010111100000101111000111110011101111111100000111110000000001011110111100101001101010110110100110000101000100110011110
000000000000000000000000000000000000000000000000000000000000000000000000000000000000000000000000000000000000000000000000000000000000000000000000000000000100100000000000000000000100000000000010000001000010101000000000000000000000110000000000000000000011000000001101010011100100100000000000100100001010
000000000000000000000000000000000000000000000000000000000000000000000000000000000000000000000000000000000000000000000000000000000000000000100100001101100000011001100100010010010000000000010100000100000000100110000010010011001000011100000000001000110010011100010000001100010000000100011010100010000000
000000000000000000000000000000000000000000000000000000000000000000000000000000000000000000000000000000000000000000000000000000000000000000100001101101000100010001100100000010000100001110010000000000000000000100000010110010000000001100001000000000100100000110001000000100000000000000000100000110010010
000000000000000000000000000000000000000000000000000000000000000000000000000000000000000000000000000000000000000000000000000000000000000000000001100001000100010001100000010111000100001110010000000000010000000100000000110111100000000100001000001010110111000110001000000110000100000000010000100110010000
000000000000000000000000000000000000000000000000000000000000000000000000000000000000000000000000000000000000000000000000000000000000000000000000000000001000000000000010000000000000000000000001110000000000000000100000001000001000000000000000000000000000000000000000010000000001100000000000010000000100
000000000000000000000000000000000000000000000000000000000000000000000000000000000000000000000000000000000000000000000000000000000000000000000000000000100000001001000000000000000000000000000100000000000000000000000000000000000000000000000000000000010000010100000000000100000000000000000000000000000000
000000000000000000000000000000000000000000000000000000000000000000000000000000000000000000000000000000000000000000000000000000000000000000000010000000100100011001000100011000010010000000000010000100010000100110001001000110101000110001010001001100010011111100011000011110110100000000000000100000000000
000000000000000000000000000000000000000000000000000000000000000000000000000000000000000000000000000000000000000000000000000000000000000000000000110000011111110110000100100100010101000000000011111001111110101011001001101100101100110010000000011000000011100000101111010011101100101001000101110001101110
000000000000000000000000000000000000000000000000000000000000000000000000000000000000000000000000000000000000000000000000000000000000000000000000100001000100010001100100000011000100001110010000000001010000100010000100110110100000101110001000001010110110011110001100010110100100000000010010100110011000
000000000000000000000000000000000000000000000000000000000000000000000000000000000000000000000000000000000000000000000000000000000000000000000000011101000100010001100100000010010100001110010000000101010000100100000010110110100000101110001000000000100100100110011101000110110100000000000000110110011100
000000000000000000000000000000000000000000000000000000000000000000000000000000000000000000000000000000000000000000000000000000000000000000000000001100011111110110000000100000010100000000010010000001111010101100001011011110101100110011000000011000000011100110101111010011101100100000000001110111001110
000000000000000000000000000000000000000000000000000000000000000000000000000000000000000000000000000000000000000000000000000000000000000000000000000101110101011001100100010010000000001000010100000100010100101100100010110010100000011100001000000000100100000100011010000100010000000000011000100110011010
000000000000000000000000000000000000000000000000000000000000000000000000000000000000000000000000000000000000000000000000000000000000000000000000000000100100011001100100010001010000000000010100000100111000101110010010110010101000111000001000000000000011001100011101010100110100000100011000100110001000
000000000000000000000000000000000000000000000000000000000000000000000000000000000000000000000000000000000000000000000000000000000000000000000000000000000000000000000000000000000000000000000000000010000000000000000000000000000000000000000000000000000000000000000000000000000000000000000000000000000000
000000000000000000000000000000000000000000000000000000000000000000000000000000000000000000000000000000000000000000000000000000000000000000000000000000000100011001100100000010000100001110010000000000010000000100000000110110100000001100001000001000110111000110001000000110110100000000010000100110010000
000000000000000000000000000000000000000000000000000000000000000000000000000000000000000000000000000000000000000000000000000000000000000000000000000000000000011001100100010010000000000000000100000100010100100100001010000010101000101000011001000000010100011100010000000100010000000100011010100000001000
000000000000000000000000000000000000000000000000000000000000000000000000000000000000000000000000000000000000000000000000000000000000000000000000000000001111110001101100100110010101100010010001100001010101101101001011010010001100110011000000011000000011100100101111011111110110101000000101111111111010
000000000000000000000000000000000000000000000000000000000000000000000000000000000000000000000000000000000000000000000000000000000000000000000000000000000101100100010000000000100000000000000001110000010100000000101000001010000011000000000000001100000000100000000000000000101101100000000000010000101110
000000000000000000000000000000000000000000000000000000000000000000000000000000000000000000000000000000000000000000000000000000000000000000000000000000000011111110101100110101010101101101010011001001111111101111001111111110101110111011111000011011100111100100101111011111101110101011010101110111111110
000000000000000000000000000000000000000000000000000000000000000000000000000000000000000000000000000000000000000000000000000000000000000000000000000000000001100000000000100010010000100000000000100001111110100000001000001100001100110011000000011001000011100000101111010011100110101001000101101001101010
000000000000000000000000000000000000000000000000000000000000000000000000000000000000000000000000000000000000000000000000000000000000000000000000000000000000110001100100100010010101101000010011101000111101101001001001110110101100110011000000011000000011100000101111010011100110101000000101110100101010
000000000000000000000000000000000000000000000000000000000000000000000000000000000000000000000000000000000000000000000000000000000000000000000000000000000000010001100000100100010101001111010011100001111110101000001001111100101110110011000000011000000011100100101111010011101110101001000101110011101110
000000000000000000000000000000000000000000000000000000000000000000000000000000000000000000000000000000000000000000000000000000000000000000000000000000000000001001100110010011000011001110010100100101010000101110001011110110101000101110001000001000110111111100010101011111110100000100011110110110111110
000000000000000000000000000000000000000000000000000000000000000000000000000000000000000000000000000000000000000000000000000000000000000000000000000000000000000001100100010010000000010010010100000100010000100110001010110010100000101000000000000000110100011100010000000100010000000100011010100010001000
000000000000000000000000000000000000000000000000000000000000000000000000000000000000000000000000000000000000000000000000000000000000000000000000000000000000000000000000100000010000000000000011110001011000101001001100001000100001110010000100011110001011100000000101010001100101101000000000110100001110
000000000000000000000000000000000000000000000000000000000000000000000000000000000000000000000000000000000000000000000000000000000000000000000000000000000000000001000000000000000010000000100000000000000000000010000100000110001000000110000000000000001100000100000000000000100100000000010000100000001100
000000000000000000000000000000000000000000000000000000000000000000000000000000000000000000000000000000000000000000000000000000000000000000000000000000000000000000100100010111010100001110010100100101010000101110000011110011101000101111001000001001110111111110010101011111110100000000011010110110111010
000000000000000000000000000000000000000000000000000000000000000000000000000000000000000000000000000000000000000000000000000000000000000000000000000000000000000000000100000110010100001110010010000101111000101100000010110110100000111110001000001000100111111110010101010111110100000100001010100110011010
000000000000000000000000000000000000000000000000000000000000000000000000000000000000000000000000000000000000000000000000000000000000000000000000000000000000000000000000000000100000000000000001110000000000000000000000001000000000000000000000000100001000000000000000000000000001100000000000010000000000
000000000000000000000000000000000000000000000000000000000000000000000000000000000000000000000000000000000000000000000000000000000000000000000000000000000000000000000000000100000000000000000000100000010010000000001000000000000000100001100000001000000011100000000000010010100100001000000000000001100000
000000000000000000000000000000000000000000000000000000000000000000000000000000000000000000000000000000000000000000000000000000000000000000000000000000000000000000000000010010000100001110010100000100010000100110001011110010001000111101001000001000110110111100010101001100010100000100011110110010011010
000000000000000000000000000000000000000000000000000000000000000000000000000000000000000000000000000000000000000000000000000000000000000000000000000000000000000000000000001000000010000000000000000000000100001000000000000000010000000000010001000000000000000000000000001000000000000000000000000000000000
000000000000000000000000000000000000000000000000000000000000000000000000000000000000000000000000000000000000000000000000000000000000000000000000000000000000000000000000000000000000000000000001110000000000000000100000001000000000000000000000000100000010000000000000000000000001100000000000100000000000
000000000000000000000000000000000000000000000000000000000000000000000000000000000000000000000000000000000000000000000000000000000000000000000000000000000000000000000000000100010101100000000011101001111110100001001001001100101100110011000000011000000011100100101111010011100111101010000101110101101010
000000000000000000000000000000000000000000000000000000000000000000000000000000000000000000000000000000000000000000000000000000000000000000000000000000000000000000000000000011000000001100000100000100010000100100000011000011010000001011000000000000100110010100010001010110110100000100010000100100001010
000000000000000000000000000000000000000000000000000000000000000000000000000000000000000000000000000000000000000000000000000000000000000000000000000000000000000000000000000000000010000000000000000100000100100010000000000000011000000000010001000000000000001000000000001000000000000000000010000000000000
000000000000000000000000000000000000000000000000000000000000000000000000000000000000000000000000000000000000000000000000000000000000000000000000000000000000000000000000000000000101100001000010100001111011100111001000000010101010110011100000001000000011100100001111010011111111101001000000110101101010
000000000000000000000000000000000000000000000000000000000000000000000000000000000000000000000000000000000000000000000000000000000000000000000000000000000000000000000000000000000000001110010100000001010001001100000010110110101000101101001000000000100110000110010101010101110000000001010100100010111100
000000000000000000000000000000000000000000000000000000000000000000000000000000000000000000000000000000000000000000000000000000000000000000000000000000000000000000000000000000000000001100010000000101111000101110000110010110100000101000001000001000100111101100000101000001100101100000000010100110011000
000000000000000000000000000000000000000000000000000000000000000000000000000000000000000000000000000000000000000000000000000000000000000000000000000000000000000000000000000000000100000000000001110000010010000001001000001100000001000010000100000100001000000000100100000000000100100000000000110000001000
000000000000000000000000000000000000000000000000000000000000000000000000000000000000000000000000000000000000000000000000000000000000000000000000000000000000000000000000000000000101000100010010101001111001101011001001011110101100110011000000011001000011101000011111010111101110101001000101100111101110
000000000000000000000000000000000000000000000000000000000000000000000000000000000000000000000000000000000000000000000000000000000000000000000000000000000000000000000000000000000000000000000000000000000000000000000000000000000000000000000000000000000000000000000000000000000000000000000000000000000000
000000000000000000000000000000000000000000000000000000000000000000000000000000000000000000000000000000000000000000000000000000000000000000000000000000000000000000000000000000000001001111010011101101111011101101001111110110101100111011001000011000100011100100101101010011100101101001000100100111111110
000000000000000000000000000000000000000000000000000000000000000000000000000000000000000000000000000000000000000000000000000000000000000000000000000000000000000000000000000000000000000000000000000000000100100010000001000000010000000000010001000000000000000000000000001000100000000000000000000000000001
000000000000000000000000000000000000000000000000000000000000000000000000000000000000000000000000000000000000000000000000000000000000000000000000000000000000000000000000000000000000000001000010101001110010101001001000000100000000110011000000011000000011100100001101010011100110101000000001110001101010
000000000000000000000000000000000000000000000000000000000000000000000000000000000000000000000000000000000000000000000000000000000000000000000000000000000000000000000000000000000000000000000010000001010010101001001000000000000100100011000000011000000011100000101111010011100110001000000100000000101010
000000000000000000000000000000000000000000000000000000000000000000000000000000000000000000000000000000000000000000000000000000000000000000000000000000000000000000000000000000000000000000000000000000000000000010000000000010000000001000000000000000000000000000000000000000000000100000010000000000000100
000000000000000000000000000000000000000000000000000000000000000000000000000000000000000000000000000000000000000000000000000000000000000000000000000000000000000000000000000000000000000110010100000101010000101100000001110110100000001110001000000000100110000110011000010100000000000000000100110110011000
000000000000000000000000000000000000000000000000000000000000000000000000000000000000000000000000000000000000000000000000000000000000000000000000000000000000000000000000000000000000000010010000000001010000100110000000110110100000101110001000001000100110101110001000000100110100000000010000100110111100
000000000000000000000000000000000000000000000000000000000000000000000000000000000000000000000000000000000000000000000000000000000000000000000000000000000000000000000000000000000000000000010000000001010000001100000010110110100000001100001000010000110110001110110101010110100000000000010010110010011000
000000000000000000000000000000000000000000000000000000000000000000000000000000000000000000000000000000000000000000000000000000000000000000000000000000000000000000000000000000000000000000000000000001011010000010001000000000000000100011000000001000000011100000001101010010100100000011000000100000001110
000000000000000000000000000000000000000000000000000000000000000000000000000000000000000000000000000000000000000000000000000000000000000000000000000000000000000000000000000000000000000000000000000000010000010000010000001100100000000000000000000010000000000000000000000000000000110000000000100100001100
000000000000000000000000000000000000000000000000000000000000000000000000000000000000000000000000000000000000000000000000000000000000000000000000000000000000000000000000000000000000000000000100000101011000100110100110110111101000101110001000001011110111111110011100010111110100000000010010110110111100
000000000000000000000000000000000000000000000000000000000000000000000000000000000000000000000000000000000000000000000000000000000000000000000000000000000000000000000000000000000000000000000000000000010000010000010100000100100000000000000000000010000010100001000000000000000000010000100000100100000000
000000000000000000000000000000000000000000000000000000000000000000000000000000000000000000000000000000000000000000000000000000000000000000000000000000000000000000000000000000000000000000000000000100000000100110010010010010100000001100000000000000000000001100010000000100010000000100011010100000000000
000000000000000000000000000000000000000000000000000000000000000000000000000000000000000000000000000000000000000000000000000000000000000000000000000000000000000000000000000000000000000000000000000001111010101111001001000000101110110011000000011000000011100100001101010011101110101000000000010000001110
000000000000000000000000000000000000000000000000000000000000000000000000000000000000000000000000000000000000000000000000000000000000000000000000000000000000000000000000000000000000000000000000110001111100101000101100001000000001110000000100001100001000100000000111010000100101100000000100110100001110
000000000000000000000000000000000000000000000000000000000000000000000000000000000000000000000000000000000000000000000000000000000000000000000000000000000000000000000000000000000000000000000000010001111100101001101100001000001001110000100000011100001011100100000111010001100111101000000100110100101110
000000000000000000000000000000000000000000000000000000000000000000000000000000000000000000000000000000000000000000000000000000000000000000000000000000000000000000000000000000000000000000000000000000111000000000100000001000000001010000000000000100001000000000000100000000000001100000000000010100001000
000000000000000000000000000000000000000000000000000000000000000000000000000000000000000000000000000000000000000000000000000000000000000000000000000000000000000000000000000000000000000000000000000000000000000001000000100000000100100000000000001000000011100000000111000001000100001010000001001000101010
000000000000000000000000000000000000000000000000000000000000000000000000000000000000000000000000000000000000000000000000000000000000000000000000000000000000000000000000000000000000000000000000000001010000100110000001110110101000011100001000000000110110111100010100001100010000000000011010100110000000
000000000000000000000000000000000000000000000000000000000000000000000000000000000000000000000000000000000000000000000000000000000000000000000000000000000000000000000000000000000000000000000000000000000000000000000000000000000000000000000000000000000000000000000000000000000000000000000000000000000000
000000000000000000000000000000000000000000000000000000000000000000000000000000000000000000000000000000000000000000000000000000000000000000000000000000000000000000000000000000000000000000000000000000111110101111001011111110101110111111110001011001100111100100001111010111101101101001000100110111111110
000000000000000000000000000000000000000000000000000000000000000000000000000000000000000000000000000000000000000000000000000000000000000000000000000000000000000000000000000000000000000000000000000000011101101011001001101100101100110011000000001001100011100000001111010011101100101001000000100110001110
000000000000000000000000000000000000000000000000000000000000000000000000000000000000000000000000000000000000000000000000000000000000000000000000000000000000000000000000000000000000000000000000000000001110111111111111111111101110111101101100001011110111111111111101010111111111111001100111110110111111
000000000000000000000000000000000000000000000000000000000000000000000000000000000000000000000000000000000000000000000000000000000000000000000000000000000000000000000000000000000000000000000000000000000100101011001001111100101100110011000000001001000011100000001111010011101100101001000100100111001110
000000000000000000000000000000000000000000000000000000000000000000000000000000000000000000000000000000000000000000000000000000000000000000000000000000000000000000000000000000000000000000000000000000000000101010001000000110011100000011010001001000000110100000000111011011000101101000000100110100101010
000000000000000000000000000000000000000000000000000000000000000000000000000000000000000000000000000000000000000000000000000000000000000000000000000000000000000000000000000000000000000000000000000000000000101001001000000100001100100011000000011100000011100000101101010011100110001001000000110001001110
000000000000000000000000000000000000000000000000000000000000000000000000000000000000000000000000000000000000000000000000000000000000000000000000000000000000000000000000000000000000000000000000000000000000001000001010000001000000110010100000001000000011100000000001010011100100100001000000100100011010
000000000000000000000000000000000000000000000000000000000000000000000000000000000000000000000000000000000000000000000000000000000000000000000000000000000000000000000000000000000000000000000000000000000000001111001011110110101100111011111001011001000111101000011111011111111110101010000101100111101110
000000000000000000000000000000000000000000000000000000000000000000000000000000000000000000000000000000000000000000000000000000000000000000000000000000000000000000000000000000000000000000000000000000000000000000010000000100100000000000000000000000000000000001000000000000000000010000100000000100000000
000000000000000000000000000000000000000000000000000000000000000000000000000000000000000000000000000000000000000000000000000000000000000000000000000000000000000000000000000000000000000000000000000000000000000111001110010110101010111011110001011011000011100100011111011111101101101000010101110101001110
000000000000000000000000000000000000000000000000000000000000000000000000000000000000000000000000000000000000000000000000000000000000000000000000000000000000000000000000000000000000000000000000000000000000000010001111110111101000101101001000001000110111111100010101011110110100000100011110110110011000
000000000000000000000000000000000000000000000000000000000000000000000000000000000000000000000000000000000000000000000000000000000000000000000000000000000000000000000000000000000000000000000000000000000000000001001101110111101000110010011000001001010111111100000101011110110100100000001110100110001101
000000000000000000000000000000000000000000000000000000000000000000000000000000000000000000000000000000000000000000000000000000000000000000000000000000000000000000000000000000000000000000000000000000000000000000001100101110001100110011001000011000000011100000101111010011100110101001000001110001101110
000000000000000000000000000000000000000000000000000000000000000000000000000000000000000000000000000000000000000000000000000000000000000000000000000000000000000000000000000000000000000000000000000000000000000000000000011000000000000000000000000000000000000000010000000000000101100000000000110000001000
000000000000000000000000000000000000000000000000000000000000000000000000000000000000000000000000000000000000000000000000000000000000000000000000000000000000000000000000000000000000000000000000000000000000000000001000001000100000000000000000000000000000000001000000000000000000010000100000100100000000
000000000000000000000000000000000000000000000000000000000000000000000000000000000000000000000000000000000000000000000000000000000000000000000000000000000000000000000000000000000000000000000000000000000000000000000001101110001110111011000000011000000011100100101111011011101110101011000101110101101110
000000000000000000000000000000000000000000000000000000000000000000000000000000000000000000000000000000000000000000000000000000000000000000000000000000000000000000000000000000000000000000000000000000000000000000000000010111100000000000001000000011100110000011001001100000000100010000100000100110000000
000000000000000000000000000000000000000000000000000000000000000000000000000000000000000000000000000000000000000000000000000000000000000000000000000000000000000000000000000000000000000000000000000000000000000000000000010110000000101100001000001000100111100100011000010110110100000100001000100110011000
000000000000000000000000000000000000000000000000000000000000000000000000000000000000000000000000000000000000000000000000000000000000000000000000000000000000000000000000000000000000000000000000000000000000000000000000000100101001110011000001011000010011100100011101010011100110101000000000110100101111
000000000000000000000000000000000000000000000000000000000000000000000000000000000000000000000000000000000000000000000000000000000000000000000000000000000000000000000000000000000000000000000000000000000000000000000000010110101000101111001000000000100111000110000101010110100000000000000000110110011110
000000000000000000000000000000000000000000000000000000000000000000000000000000000000000000000000000000000000000000000000000000000000000000000000000000000000000000000000000000000000000000000000000000000000000000000000000111101000101110001000001011110111111110011100010111110100000000010010110110111100
000000000000000000000000000000000000000000000000000000000000000000000000000000000000000000000000000000000000000000000000000000000000000000000000000000000000000000000000000000000000000000000000000000000000000000000000000000100001110011000000000000001010100000010001010001000101100000000000110100001100
000000000000000000000000000000000000000000000000000000000000000000000000000000000000000000000000000000000000000000000000000000000000000000000000000000000000000000000000000000000000000000000000000000000000000000000000000010101100111110001000011011100111101111101101010111100100110001111010110101011110
000000000000000000000000000000000000000000000000000000000000000000000000000000000000000000000000000000000000000000000000000000000000000000000000000000000000000000000000000000000000000000000000000000000000000000000000000000100100101110001000001000110111110100011111010111111100000100011000100111111110
000000000000000000000000000000000000000000000000000000000000000000000000000000000000000000000000000000000000000000000000000000000000000000000000000000000000000000000000000000000000000000000000000000000000000000000000000000101000000000000000100011000000000000000000000000010000000000000000100100010000
000000000000000000000000000000000000000000000000000000000000000000000000000000000000000000000000000000000000000000000000000000000000000000000000000000000000000000000000000000000000000000000000000000000000000000000000000000000100001111000000000011100111101101001101010111100101111000111100110101011111
000000000000000000000000000000000000000000000000000000000000000000000000000000000000000000000000000000000000000000000000000000000000000000000000000000000000000000000000000000000000000000000000000000000000000000000000000000000000000000010001000000000000000000000000001000000000000000000000000000000000
000000000000000000000000000000000000000000000000000000000000000000000000000000000000000000000000000000000000000000000000000000000000000000000000000000000000000000000000000000000000000000000000000000000000000000000000000000000100110011000000011001100011101100001101010011110100100001000111110000001110
000000000000000000000000000000000000000000000000000000000000000000000000000000000000000000000000000000000000000000000000000000000000000000000000000000000000000000000000000000000000000000000000000000000000000000000000000000000000110011000000011000000011100000101101010011100110101001000101110001101010
000000000000000000000000000000000000000000000000000000000000000000000000000000000000000000000000000000000000000000000000000000000000000000000000000000000000000000000000000000000000000000000000000000000000000000000000000000000001000000000000000000000000000000001100010010101100000000000000110001000000
000000000000000000000000000000000000000000000000000000000000000000000000000000000000000000000000000000000000000000000000000000000000000000000000000000000000000000000000000000000000000000000000000000000000000000000000000000000000000000000100000100001000000100000000000000000000100000000000010000000000
000000000000000000000000000000000000000000000000000000000000000000000000000000000000000000000000000000000000000000000000000000000000000000000000000000000000000000000000000000000000000000000000000000000000000000000000000000000000011011001000011001100111100100101111010111111110101011000101110111111110
000000000000000000000000000000000000000000000000000000000000000000000000000000000000000000000000000000000000000000000000000000000000000000000000000000000000000000000000000000000000000000000000000000000000000000000000000000000000000011000000011000000011100100011111010111111110101001000100110111101110
000000000000000000000000000000000000000000000000000000000000000000000000000000000000000000000000000000000000000000000000000000000000000000000000000000000000000000000000000000000000000000000000000000000000000000000000000000000000000100001000000000100111001100010101010111110100000000011010100110011110
000000000000000000000000000000000000000000000000000000000000000000000000000000000000000000000000000000000000000000000000000000000000000000000000000000000000000000000000000000000000000000000000000000000000000000000000000000000000000001001000000000100100100110000100000100110100000000010000100010011000
000000000000000000000000000000000000000000000000000000000000000000000000000000000000000000000000000000000000000000000000000000000000000000000000000000000000000000000000000000000000000000000000000000000000000000000000000000000000000001110000011010000111100000101111010011101100101001000101100101011110
000000000000000000000000000000000000000000000000000000000000000000000000000000000000000000000000000000000000000000000000000000000000000000000000000000000000000000000000000000000000000000000000000000000000000000000000000000000000000000101000011000000011100100101111010011101110101001000000110001101110
000000000000000000000000000000000000000000000000000000000000000000000000000000000000000000000000000000000000000000000000000000000000000000000000000000000000000000000000000000000000000000000000000000000000000000000000000000000000000000000000001000000011100000000101010011100100000000000000000100000000
000000000000000000000000000000000000000000000000000000000000000000000000000000000000000000000000000000000000000000000000000000000000000000000000000000000000000000000000000000000000000000000000000000000000000000000000000000000000000000000001000000010010010000000001001001000000000000000000000000000000
000000000000000000000000000000000000000000000000000000000000000000000000000000000000000000000000000000000000000000000000000000000000000000000000000000000000000000000000000000000000000000000000000000000000000000000000000000000000000000000000001010110111111110001101000010100100000000010010110010011000
000000000000000000000000000000000000000000000000000000000000000000000000000000000000000000000000000000000000000000000000000000000000000000000000000000000000000000000000000000000000000000000000000000000000000000000000000000000000000000000000000100001000000000000000000000000000100000000000010000000000
000000000000000000000000000000000000000000000000000000000000000000000000000000000000000000000000000000000000000000000000000000000000000000000000000000000000000000000000000000000000000000000000000000000000000000000000000000000000000000000000000000000000000000000000000000000000000000000000000000000000
000000000000000000000000000000000000000000000000000000000000000000000000000000000000000000000000000000000000000000000000000000000000000000000000000000000000000000000000000000000000000000000000000000000000000000000000000000000000000000000000000000000000010000000001001000000000000000000000000000000000
000000000000000000000000000000000000000000000000000000000000000000000000000000000000000000000000000000000000000000000000000000000000000000000000000000000000000000000000000000000000000000000000000000000000000000000000000000000000000000000000000000000000000000000000000000000000000000000000000000000000
000000000000000000000000000000000000000000000000000000000000000000000000000000000000000000000000000000000000000000000000000000000000000000000000000000000000000000000000000000000000000000000000000000000000000000000000000000000000000000000000001000000011100000101111010011101110101001000101110001101010
000000000000000000000000000000000000000000000000000000000000000000000000000000000000000000000000000000000000000000000000000000000000000000000000000000000000000000000000000000000000000000000000000000000000000000000000000000000000000000000000000001100111111100011111010111111111101011010111101111101110
000000000000000000000000000000000000000000000000000000000000000000000000000000000000000000000000000000000000000000000000000000000000000000000000000000000000000000000000000000000000000000000000000000000000000000000000000000000000000000000000000000001000001000000000010000100001100000000000010000000000
000000000000000000000000000000000000000000000000000000000000000000000000000000000000000000000000000000000000000000000000000000000000000000000000000000000000000000000000000000000000000000000000000000000000000000000000000000000000000000000000000001100110000011001000110000001000100000100000100110011000
000000000000000000000000000000000000000000000000000000000000000000000000000000000000000000000000000000000000000000000000000000000000000000000000000000000000000000000000000000000000000000000000000000000000000000000000000000000000000000000000000000100011100000001001100000001110100000000000100111011110
000000000000000000000000000000000000000000000000000000000000000000000000000000000000000000000000000000000000000000000000000000000000000000000000000000000000000000000000000000000000000000000000000000000000000000000000000000000000000000000000000000000111101110000101010110010100000000010010100010110000
000000000000000000000000000000000000000000000000000000000000000000000000000000000000000000000000000000000000000000000000000000000000000000000000000000000000000000000000000000000000000000000000000000000000000000000000000000000000000000000000000000000000011000000000001100010000000000001010100010000000
000000000000000000000000000000000000000000000000000000000000000000000000000000000000000000000000000000000000000000000000000000000000000000000000000000000000000000000000000000000000000000000000000000000000000000000000000000000000000000000000000000000000000000000000000000000001100000000000010000000000
000000000000000000000000000000000000000000000000000000000000000000000000000000000000000000000000000000000000000000000000000000000000000000000000000000000000000000000000000000000000000000000000000000000000000000000000000000000000000000000000000000000011100110011000010110110100000000010100100110011010
000000000000000000000000000000000000000000000000000000000000000000000000000000000000000000000000000000000000000000000000000000000000000000000000000000000000000000000000000000000000000000000000000000000000000000000000000000000000000000000000000000000001100001101111011111111110101011100101100111111110
000000000000000000000000000000000000000000000000000000000000000000000000000000000000000000000000000000000000000000000000000000000000000000000000000000000000000000000000000000000000000000000000000000000000000000000000000000000000000000000000000000000000101100111111010111111110101011000101110111111110
000000000000000000000000000000000000000000000000000000000000000000000000000000000000000000000000000000000000000000000000000000000000000000000000000000000000000000000000000000000000000000000000000000000000000000000000000000000000000000000000000000000000001101011111010111101111101011100101110111101110
000000000000000000000000000000000000000000000000000000000000000000000000000000000000000000000000000000000000000000000000000000000000000000000000000000000000000000000000000000000000000000000000000000000000000000000000000000000000000000000000000000000000001100000000001100010000000000001010100010000000
000000000000000000000000000000000000000000000000000000000000000000000000000000000000000000000000000000000000000000000000000000000000000000000000000000000000000000000000000000000000000000000000000000000000000000000000000000000000000000000000000000000000000100010000000000010100000100011010100010000000
000000000000000000000000000000000000000000000000000000000000000000000000000000000000000000000000000000000000000000000000000000000000000000000000000000000000000000000000000000000000000000000000000000000000000000000000000000000000000000000000000000000000000010010101010111110100000000010010110110111110
000000000000000000000000000000000000000000000000000000000000000000000000000000000000000000000000000000000000000000000000000000000000000000000000000000000000000000000000000000000000000000000000000000000000000000000000000000000000000000000000000000000000000000000000000000000000000000010000100010010000
000000000000000000000000000000000000000000000000000000000000000000000000000000000000000000000000000000000000000000000000000000000000000000000000000000000000000000000000000000000000000000000000000000000000000000000000000000000000000000000000000000000000000000000000000000000000010000100000100100000000
000000000000000000000000000000000000000000000000000000000000000000000000000000000000000000000000000000000000000000000000000000000000000000000000000000000000000000000000000000000000000000000000000000000000000000000000000000000000000000000000000000000000000000000101010011100110001001000000000001101010
000000000000000000000000000000000000000000000000000000000000000000000000000000000000000000000000000000000000000000000000000000000000000000000000000000000000000000000000000000000000000000000000000000000000000000000000000000000000000000000000000000000000000000000000010100010000000000011010100010010000
000000000000000000000000000000000000000000000000000000000000000000000000000000000000000000000000000000000000000000000000000000000000000000000000000000000000000000000000000000000000000000000000000000000000000000000000000000000000000000000000000000000000000000000111010111100110101001000101100111101110
000000000000000000000000000000000000000000000000000000000000000000000000000000000000000000000000000000000000000000000000000000000000000000000000000000000000000000000000000000000000000000000000000000000000000000000000000000000000000000000000000000000000000000000011010111111100101001000101110100111110
000000000000000000000000000000000000000000000000000000000000000000000000000000000000000000000000000000000000000000000000000000000000000000000000000000000000000000000000000000000000000000000000000000000000000000000000000000000000000000000000000000000000000000000001010011100110101000000101010000101010
000000000000000000000000000000000000000000000000000000000000000000000000000000000000000000000000000000000000000000000000000000000000000000000000000000000000000000000000000000000000000000000000000000000000000000000000000000000000000000000000000000000000000000000000010111101100101011000101110100101110
000000000000000000000000000000000000000000000000000000000000000000000000000000000000000000000000000000000000000000000000000000000000000000000000000000000000000000000000000000000000000000000000000000000000000000000000000000000000000000000000000000000000000000000000000000000000000000000000000100000000
000000000000000000000000000000000000000000000000000000000000000000000000000000000000000000000000000000000000000000000000000000000000000000000000000000000000000000000000000000000000000000000000000000000000000000000000000000000000000000000000000000000000000000000000001111111110111001000101110111111110
000000000000000000000000000000000000000000000000000000000000000000000000000000000000000000000000000000000000000000000000000000000000000000000000000000000000000000000000000000000000000000000000000000000000000000000000000000000000000000000000000000000000000000000000000000110000000000000000000000000000
000000000000000000000000000000000000000000000000000000000000000000000000000000000000000000000000000000000000000000000000000000000000000000000000000000000000000000000000000000000000000000000000000000000000000000000000000000000000000000000000000000000000000000000000000011111100000100010100100110011110
000000000000000000000000000000000000000000000000000000000000000000000000000000000000000000000000000000000000000000000000000000000000000000000000000000000000000000000000000000000000000000000000000000000000000000000000000000000000000000000000000000000000000000000000000001101110101001000101110111111110
000000000000000000000000000000000000000000000000000000000000000000000000000000000000000000000000000000000000000000000000000000000000000000000000000000000000000000000000000000000000000000000000000000000000000000000000000000000000000000000000000000000000000000000000000000100110101011000101100111101110
000000000000000000000000000000000000000000000000000000000000000000000000000000000000000000000000000000000000000000000000000000000000000000000000000000000000000000000000000000000000000000000000000000000000000000000000000000000000000000000000000000000000000000000000000000011110101011000101111111111110
000000000000000000000000000000000000000000000000000000000000000000000000000000000000000000000000000000000000000000000000000000000000000000000000000000000000000000000000000000000000000000000000000000000000000000000000000000000000000000000000000000000000000000000000000000000000000100011010100110001000
000000000000000000000000000000000000000000000000000000000000000000000000000000000000000000000000000000000000000000000000000000000000000000000000000000000000000000000000000000000000000000000000000000000000000000000000000000000000000000000000000000000000000000000000000000000100100000000000110000001110
000000000000000000000000000000000000000000000000000000000000000000000000000000000000000000000000000000000000000000000000000000000000000000000000000000000000000000000000000000000000000000000000000000000000000000000000000000000000000000000000000000000000000000000000000000000011101011000111110111111110
000000000000000000000000000000000000000000000000000000000000000000000000000000000000000000000000000000000000000000000000000000000000000000000000000000000000000000000000000000000000000000000000000000000000000000000000000000000000000000000000000000000000000000000000000000000000001001000001100001101010
000000000000000000000000000000000000000000000000000000000000000000000000000000000000000000000000000000000000000000000000000000000000000000000000000000000000000000000000000000000000000000000000000000000000000000000000000000000000000000000000000000000000000000000000000000000000100000000000110100001000
000000000000000000000000000000000000000000000000000000000000000000000000000000000000000000000000000000000000000000000000000000000000000000000000000000000000000000000000000000000000000000000000000000000000000000000000000000000000000000000000000000000000000000000000000000000000001000000001110100001110
000000000000000000000000000000000000000000000000000000000000000000000000000000000000000000000000000000000000000000000000000000000000000000000000000000000000000000000000000000000000000000000000000000000000000000000000000000000000000000000000000000000000000000000000000000000000000000100000100100000000
000000000000000000000000000000000000000000000000000000000000000000000000000000000000000000000000000000000000000000000000000000000000000000000000000000000000000000000000000000000000000000000000000000000000000000000000000000000000000000000000000000000000000000000000000000000000000001000101100101101010
000000000000000000000000000000000000000000000000000000000000000000000000000000000000000000000000000000000000000000000000000000000000000000000000000000000000000000000000000000000000000000000000000000000000000000000000000000000000000000000000000000000000000000000000000000000000000000010010000000000000
000000000000000000000000000000000000000000000000000000000000000000000000000000000000000000000000000000000000000000000000000000000000000000000000000000000000000000000000000000000000000000000000000000000000000000000000000000000000000000000000000000000000000000000000000000000000000000000001000000000000
000000000000000000000000000000000000000000000000000000000000000000000000000000000000000000000000000000000000000000000000000000000000000000000000000000000000000000000000000000000000000000000000000000000000000000000000000000000000000000000000000000000000000000000000000000000000000000000000100001101010
000000000000000000000000000000000000000000000000000000000000000000000000000000000000000000000000000000000000000000000000000000000000000000000000000000000000000000000000000000000000000000000000000000000000000000000000000000000000000000000000000000000000000000000000000000000000000000000000100100000000
000000000000000000000000000000000000000000000000000000000000000000000000000000000000000000000000000000000000000000000000000000000000000000000000000000000000000000000000000000000000000000000000000000000000000000000000000000000000000000000000000000000000000000000000000000000000000000000010100010011000
000000000000000000000000000000000000000000000000000000000000000000000000000000000000000000000000000000000000000000000000000000000000000000000000000000000000000000000000000000000000000000000000000000000000000000000000000000000000000000000000000000000000000000000000000000000000000000000010000000000000
000000000000000000000000000000000000000000000000000000000000000000000000000000000000000000000000000000000000000000000000000000000000000000000000000000000000000000000000000000000000000000000000000000000000000000000000000000000000000000000000000000000000000000000000000000000000000000000001110001101010
000000000000000000000000000000000000000000000000000000000000000000000000000000000000000000000000000000000000000000000000000000000000000000000000000000000000000000000000000000000000000000000000000000000000000000000000000000000000000000000000000000000000000000000000000000000000000000000000000010000000
000000000000000000000000000000000000000000000000000000000000000000000000000000000000000000000000000000000000000000000000000000000000000000000000000000000000000000000000000000000000000000000000000000000000000000000000000000000000000000000000000000000000000000000000000000000000000000000000001001101100
000000000000000000000000000000000000000000000000000000000000000000000000000000000000000000000000000000000000000000000000000000000000000000000000000000000000000000000000000000000000000000000000000000000000000000000000000000000000000000000000000000000000000000000000000000000000000000000000000111111111
000000000000000000000000000000000000000000000000000000000000000000000000000000000000000000000000000000000000000000000000000000000000000000000000000000000000000000000000000000000000000000000000000000000000000000000000000000000000000000000000000000000000000000000000000000000000000000000000000100011010
000000000000000000000000000000000000000000000000000000000000000000000000000000000000000000000000000000000000000000000000000000000000000000000000000000000000000000000000000000000000000000000000000000000000000000000000000000000000000000000000000000000000000000000000000000000000000000000000000000100000
000000000000000000000000000000000000000000000000000000000000000000000000000000000000000000000000000000000000000000000000000000000000000000000000000000000000000000000000000000000000000000000000000000000000000000000000000000000000000000000000000000000000000000000000000000000000000000000000000011011110
000000000000000000000000000000000000000000000000000000000000000000000000000000000000000000000000000000000000000000000000000000000000000000000000000000000000000000000000000000000000000000000000000000000000000000000000000000000000000000000000000000000000000000000000000000000000000000000000000000010100
000000000000000000000000000000000000000000000000000000000000000000000000000000000000000000000000000000000000000000000000000000000000000000000000000000000000000000000000000000000000000000000000000000000000000000000000000000000000000000000000000000000000000000000000000000000000000000000000000000100110
000000000000000000000000000000000000000000000000000000000000000000000000000000000000000000000000000000000000000000000000000000000000000000000000000000000000000000000000000000000000000000000000000000000000000000000000000000000000000000000000000000000000000000000000000000000000000000000000000000001010
000000000000000000000000000000000000000000000000000000000000000000000000000000000000000000000000000000000000000000000000000000000000000000000000000000000000000000000000000000000000000000000000000000000000000000000000000000000000000000000000000000000000000000000000000000000000000000000000000000000000
000000000000000000000000000000000000000000000000000000000000000000000000000000000000000000000000000000000000000000000000000000000000000000000000000000000000000000000000000000000000000000000000000000000000000000000000000000000000000000000000000000000000000000000000000000000000000000000000000000000110
000000000000000000000000000000000000000000000000000000000000000000000000000000000000000000000000000000000000000000000000000000000000000000000000000000000000000000000000000000000000000000000000000000000000000000000000000000000000000000000000000000000000000000000000000000000000000000000000000000000011
000000000000000000000000000000000000000000000000000000000000000000000000000000000000000000000000000000000000000000000000000000000000000000000000000000000000000000000000000000000000000000000000000000000000000000000000000000000000000000000000000000000000000000000000000000000000000000000000000000000000
000000000000000000000000000000000000000000000000000000000000000000000000000000000000000000000000000000000000000000000000000000000000000000000000000000000000000000000000000000000000000000000000000000000000000000000000000000000000000000000000000000000000000000000000000000000000000000000000000000000000
