011111111111011111111111111111111111111111111111111111111111111111111111111111111111111111111111111111110111111111111111111011111111110111111111111111111111111111111111111111111111111111111111111111111111111111111111111111111111111111101101111111101111111100011111101111110010011111100100011111101111
001111111111011111111111111111111111011111111111111111111111111111110111111111111101101111111111111111110111111111111111111111111111110101111111111111111111111101111111111111111111111111111111111111011111111111111111001111111111110110111111000111111111111000011101101011110111111110111110011110111111
000111111011011111111111111111111101011111111111111111111111111111111111111110111111101111111111111111111111111111111111111011111111110111111111111111111111111111111111111111111111111111111111111111111111111111111111011111111111111111111111111111111111111111011101111111110111111111111110011111111111
000011111111011111111111111111111111111111111111111111111111111111111111111111111111111111111111111111111111111111111111111011111111110111111111111111111111111111111111111111111111111111111111111111111011111011111111111111111111111111111111111111111111111110011111111111110111111111111110111111111111
000001111111011111111111111111111111111111111111111111111111111111011111111111111111111111111111111111111111111111111111111011111111110111111111111111111111111111111111111111111111111111111101111111111111111011111111111111111111111111111111111111111111111100011111111111110111111111100100111111101111
000000111111111111111111101111111111111111111111111111111111111110110111111111111101111110111111111111110111111111111111111011111111111111111101111101111111111101111111111111111111111111111111111111111111111111111011111111111111110110101111010111111110101101101101111111110111111110111110111110111111
000000011111111111111111111111111111111111111111111111111111111111111111111111111111111111111111111111110111111111111111111011111111111111111111111101111111111101111111111111111111111111111111111111111011111111111111111111111111110010111111110111110100110100010111101111110010011110111100111111111111
000000001111111111110111111111111111011111011111111111111111111110111011111111111101101111110111111111111111111111111111111011110111110101111111111101111111111101111111111111111111111110111111111111111111111111111001001111111111101110111111010111111111111100111111111101110110011110111110011110111111
000000000111011111011111111111111111111111111111111111111111111111111111111111111111111111111111111111111111111111111111111111111111110111111111111111111111011111111111111111111111111111111111111111111011111011111111111111111111110110111111111111111111111110011111111111110111111111111100111111111111
000000000010111111111111111110110011111111110111111110111111111111111111101110111111111111111111111011111111111011111111111111111111110111111111111111111111011111111111111111111011111111111100111111111111110111111111111011010111111011101101101111101100110101010110010111111010011011001000011111001101
000000000001011111111111111111111111111111111111111111111111111111111111111111111111111111111111111111110111111111111111111111111111111101111111111111111111111101111111111111111111111111111111111111111111111111111111111111111111110110111111000111111111111100111111111111111111111110111110011110111111
000000000000011111110111111111111111111111111111111111111111111111111111111111111111111111111111111111111111111111111111111011111111110101111111111111111111111111111111111111111111111111111111111111111111111011111111011111111111101110111111000111110111101110011101111011110111111101111110011111111111
000000000000010000000100001001000010001001000001001010000001100010000001100000000000110100010000100001001000000001111001000100000010000011011100001100000100000101100000000000100000000001110011000100100100100100000011000111001000101000000000000001100010001111101000000001011000010100010000101100000010
000000000000001111111111111111111111111111111111111111111111111111111111111111111111111111111111111111111111111111111111111011111111110111111111111111111111111111111111111111111111111111111111111111111011111111111111111111111111111111111111111111111111111110011111111111110110111111011110111111111111
000000000000000111111111111111111111011111111111111111111111111111110111111111111101101111111111111111111111111111111111111111111111110101111111111111111111111101111111111111111111111111111111111111011111111111111011101111111111110110111111110111111111111000011101111111110111111110111110011110111111
000000000000000011111111111111111111111111111111111111111110111111011111111110111111111111111111111111111111111111111111111011011111110111110111111110111111111111111111111011111111111111111111111111111011111111111111111111111111111111111111111111111111110110111111111111110111111011101111111111111101
000000000000000001111111111111111111111111111111111111111111111111111111111110111111111111111111111111111111111111111111111011111111110111111101111101111111111111111111111111111111111111111111111111111011111111111111111111111111111111111110111111111111111110011111111011110011111111101110011111101111
000000000000000000111111111111111111011111111111111111111111111111111111111111111101101111111111111111111111110111111111111111111111110110101111111111111111111111111111111111111111101111111101111111111111111011111111111111111111111110111111011101101111111100011111111101110101111110101110011110111111
000000000000000000011111111111111111111111111111111111111111111111111111111110111111111111111111111111111111111111111111111111111111111111111101111110111111111111111111111111111111111110111111111111111011111101111111111111111111111111111111101111111111111111011111111011110011111111111110011111111111
000000000000000000001111111111111111111111111111111111111111111111111111111110111111111111111111111111111111111111111111111111111111111111111111111111111111111111111111111111111111111111111111111111111111111111111111111111111111111111111111111111111001111101011110111111110111011001011010101111101101
000000000000000000000111111110110111111111111111111111111110111011110111111111111111111111111111111111110111111111111111111111011111110111111111111111111111111111111111011011111111111111111111111111111111111111111111111111011111111010111111111111111111111100011111101011111011111111111110111111111111
000000000000000000000011111111111111111111111111111111111111111111010111111111111111111111111111111111111111111111111111111011111111110111111111111111111111111101111111111111111111111111111111111111111111111111111111111111111111110110111101110111111101110101111011111011111111010111111100111101011001
000000000000000000000001111111111111111111111111111111111111111111111111111111111111111111111111111111111111111111111111111011111111110111111111111111111111111111111111111111111111111111111111111111111111111111111111111111111111111111111111111111111111111110011111111111110111111111101110011111101111
000000000000000000000000111110111111111111111111111111111111111111111111111110111111111111111111111111111111111011111111111111111111111111111111111111111111011111111111111011111111111111101100111111111111111111111111111011111111111011001100101101101100110110010000011101110000010111000000011111101101
000000000000000000000000011111111111111111111111111111111111111111111111111111111111111111111111111111111111111111111111111011111111110111111111111111111111111111111111111111111111101111111111111111111111111111111111111111111111111111111111111111111111111110011111111111110111111111111110011111111111
000000000000000000000000001110111111111111111111111111111111111111111111111010111111111111111111111011111111111011111111111111111111111111111111111111111111011111111111111011111110111111101110111111111111111111111111111011111110111011101101001111101100110110010101010101111000011011000000011111001101
000000000000000000000000000111111111111111111111111111011111111111010111111111111101111111111111111111110111111111111111111111110111111111111111111111111111111100111111111111111111111110111111111110011111111111111011101111111111110111111111010111111111111100001111111101110111111110111110111110111111
000000000000000000000000000011111111111111111111111111111111111111111111111111111111111111111111111111111111111111111111111011111111110101111111111111111111111111111111111111111111111111111111111111111111111111111111111111111111101111111110110011110111111110011111111111110111111111111110001111111111
000000000000000000000000000001111111111111111111111111111111111111111111111111111111111111111111111111111111111111111111111011111111111101111111111111111111111111111111111111111111111111111111111111111011111111111111111111111111111111111111111111111111111110011111111111110111111111101110111111111111
000000000000000000000000000000111111011111011110111111011111111110111111111111111101101110110110111111110101111111111111111011110111110110111101111101111111111100111111111111111111111110111111111110011111111111111001001111111111110110101110010111111110001100011101110111110111110110111110111110111111
000000000000000000000000000000011111011111011111111111111111111111110111111111111101101110111111111111110111111111111111111111111111110101111101111101111111111100111111111111111111111111111111111111011111111111111011001111111111110110111111110111111111111000011101011111110111111110111110111110111111
000000000000000000000000000000001111011111011110111111011111011110111111111111111101101111110111101111111111111111111111111111111111111111111101111111111111111100111111111111111111101111111111111111011111111111111111111111111111111110111110111111101111111110001111111111110111111110011110011111111111
000000000000000000000000000000000111111111111111111111111111111111111111111111111101111110111111111111111111111111111111111011111111111101110101111111111111111111111111111111110111101111111111111111111111111111111011111111111111111111111111101111111111111110111111111111110111011110111110011111111111
000000000000000000000000000000000011111111111111111111111111111111111111111111111111111111110111111111111111111111111111111011111111111101111110111111111111111111101111111111111111111111111111111111111011111011111111011111111111111111111111100111111111111110011101111011111111111100101110011110111111
000000000000000000000000000000000001111111111111111111110111111011110111111111111111111111111101111111110111111111111111111111111111111111111111111111111111111101111111011111111011111011111101111111110011111011111111111110111111110010111111101111111111111110010110111111111110011011100000011111111111
000000000000000000000000000000000000111111111111111111111111111111011111111111111111111111111111111111111111111111111111111011111111110101111111111111111111111111111111111111111111111111111111111111111011111111111110111111111111111111111111111111111111111110011111111111110111111111101110111111111111
000000000000000000000000000000000000010011111111111111111110111111111111111110111111111111111111111011111111111111111111111011111110110111111111111111111110011111111111111011111011111111111100111111110111111111111111111000011110111010001100001111100100110010010110111001110110010011000000011111001001
000000000000000000000000000000000000001111111111111111111111111111111111111111111111111111111111111111111111111111111111111011111111110111111111111111111111111111111111111111111111111111111111111111111011111011111111111111111111111111111111111111111111111110011111111111110111111111111110111111111111
000000000000000000000000000000000000000111011111111111111111111111110111111111111101111110110110111111111111111111111111111111111111110101111101111101111111111100111111111111111111111111111111111111011111111111111011001111111111110100111111110111111111111101011111111111111111111110111111111110111111
000000000000000000000000000000000000000011111111111111111111111111111111111111111111101111111111111111110111111111111111111011111111110101111101111101111111111110111111111111111111111110111111111111011111111111111010001111111111111110110011010110111101111100111110111111110111011100011010111100001010
000000000000000000000000000000000000000001111111111111111111111111111111111111111111111111111111111111111111111111111111111111111111110111111111111111111111111111111111111111111111111111111111111111111111111111111111111111111111111110111111111111111111111110011111111111110111111111101110011111111111
000000000000000000000000000000000000000000111111111111111111111111011111111111111111111111111111111111111111111111111111111011111111110111111111111111111111111111111111111111111111111111111111111111111011111011111111011111111111111111111111111111111111111110011111111111110111111111111110111111111111
000000000000000000000000000000000000000000011111111111111110111111111111101110111111111111111111111011111111111111111111111011111111111011111111111111111111011111111111111111111010111111111110111111110111111111111111111110011111111011101101101111101100110110110101111111111110010011000000011111101101
000000000000000000000000000000000000000000001111111111111111111111111111111111111111111111111111111111111111111111111111111011111111110111111111111111111111111111111111111111111111111111111111111111111111111111111111111111111111111111111111111111111111111110011111111111110111111111101110011111111111
000000000000000000000000000000000000000000000111111111111111111111111111111111111111111111111111111111111111111111111111111011111111110111111111111101111111111111111111111111111111111110111111111111111011111111111111011111111111111110111111111111111111111101011101111111110111111111111110111111111111
000000000000000000000000000000000000000000000011111111111111111111111111111111111111111111111111111111111111111111111111111011111111110111111111111111111111011111111111111111111111111111111111111111111011111111111111111111111111111010111111111111111111111110011111101011110111111111111110011111111111
000000000000000000000000000000000000000000000001111111111111111111111111111111111111111111111111111111111111111111111111111011111111111111111111111111111111111111111111111111111111111111111111111111111111111111111111111111111111111111111111111111111111111110011111111111111111111111101110111111111111
000000000000000000000000000000000000000000000000111111111111111111111111101110111111111101111111111011111111111111111111111011111111111111111111101101101111011111101111111111011011111111111111110111110111111101111111011111011111111111111111111111111111111111111111111111110110101111101110111111111111
000000000000000000000000000000000000000000000000011111111111111111111111111111111111111111111111111111111111111111111111111111111111110111111111111111111111111111111111111111111111111111111111111111111111111011111111111111111111110110111111111111111111111110011111111111110011111110111110011111111111
000000000000000000000000000000000000000000000000001111111111111111111111111111111111111111111111111111111111111111111111111011111111110111111111111111111111111111111111111111111111111111111111111111111111111111111111111111111111111111111111111111111111111100011111111111110111111111111110011111111111
000000000000000000000000000000000000000000000000000111111111111111111111111110111111111111111111111111110111111111111111111111111111111111111111111111111111111111111111111111111111111111111111111111111011111111111111111111111111111110101101101111111110111110011111101011110111111111011110111111111111
000000000000000000000000000000000000000000000000000011111111111111111111111110111111111111111111111111111111111111111111111111111111110101111111111111111111111111111111111111111111111111111111111111111110111111111111111111111111111110111111010111111111101110011101111111110101111111101110111110111111
000000000000000000000000000000000000000000000000000001111111111111111111111111111111111111111111111111111111111111111111111111111111111111111111111111111111111111111111111111111111111111111111111111111111111111111111111111111111111111111110101111111100111110011101101011111111110111101100111111111111
000000000000000000000000000000000000000000000000000000111111111111111111111111111111111111111111111111111111111111111111111011111111110101111111111111111111111111111111111111111111111111111111111111111111111111111111011111111111111111111110000111111111101110011101111011110111111100111110011111111111
000000000000000000000000000000000000000000000000000000011111111111111111101010111111111111111111111011111111111011111111111011111111110111111111111111111111111111111111111011111110111111101100110111111111111111111111111010111111111111101100101101101100110110010101010101110100010011001010011111100101
000000000000000000000000000000000000000000000000000000001111111111111111111111111111111111111111111111111111111111111111111011111111110111111111111111111111111111111111111111111111111111111111111111111011111111111111111111111111111111111111011111111111111111011111111101111110011110101110011111111111
000000000000000000000000000000000000000000000000000000000111111111111011111111111111111111111111111111111111111111111111111011111111110111111111111111111111111111111111111111111111111111111111111111111111111011111111011111111111111110111111011111111111101110011101111101110101011101111110011110111111
000000000000000000000000000000000000000000000000000000000011111111111111111111111111111111111111101111111111111111111111111111111111111111111111111111111111111111111111111111111111111111111111111111111111111111111111111111111111111111111110101111111110111110011111111111111011010111101100011111111111
000000000000000000000000000000000000000000000000000000000001111111111111111111111111111111111111111111111111011111111111111011111111110111111111111111111111111111111111111111111111111111111111111111111111111011111111111111111111111111111111111111111111111100011111111111110111111111111110111111111111
000000000000000000000000000000000000000000000000000000000000111111110111111111111101111110111111111111111111111111111111111111111111110101111101111111111111111100111111111111111111101111111111111111011111111111111011101111111111110110111111110111111111111101011111111111110111111110111110011110111111
000000000000000000000000000000000000000000000000000000000000011111111111101110111111111111111111111111111111111011111111111011111111110111111111111111111111111111111111011011111110111111101100110111111111111111111111111110111111111111101100101101101100110110010101010101110100010011001000111111101101
000000000000000000000000000000000000000000000000000000000000001111111111111110111111111111111111111111111111111111111111111111111111111111111111111111111111111111111111111111111111111111111111111111111011111111111111111111111111111111111111101111111111110111111111111111111111111111101000011111101111
000000000000000000000000000000000000000000000000000000000000000111111111111111111111111111111111111111111111111111111111111011111111110101111111111111111111111111111111111111111111111111111111111111111111111111111011111111111111111110111111011111101111111110011101111011110111111101111110011111101111
000000000000000000000000000000000000000000000000000000000000000011111111111111110111111111111111111111111111111111111111111011111111111101110101111111111111111101111111111111111111111111111111111111111111111111111011111111111111110110111111010111111110101100011111111111111111011110111110111110111111
000000000000000000000000000000000000000000000000000000000000000001111111111010111111111111111111111111111111111111111111111111111111111111111111111111111111111111111111111111111111111111111111111111111011111111111111111111111111101110101111010001111101101110011111111001110101011100011110111100111111
000000000000000000000000000000000000000000000000000000000000000000111111101010111111111101111111111011111111111011111111111111111111110111110111111111101111011111111111101011010011111111101100111111110111111101111111111011111111101110101100000001101100100010010101111000100100001101001010011001101001
000000000000000000000000000000000000000000000000000000000000000000011111111010110111101111111111111011111111111011110111101110111111110101100111100101111111111111111111101011011010111111101101110111111100111101110011111011111101111100100001101101101100000010010101010001110000011100001010011110100100
000000000000000000000000000000000000000000000000000000000000000000001111111110111111111111111111111111111111111111111111111111111111110111111111111111111111111111111111111111111111111111111111111111111011111111111111111111111111110111111110111111111111111110011101111111111111111111101110111111101111
000000000000000000000000000000000000000000000000000000000000000000000111101010101111111111111111111011111111111011111111111011111100111111110110101111110101111111101111011011111110111111001101010111111110101111111111111000111110101111101101000001101000100010010101010001110100011000001010001100101001
000000000000000000000000000000000000000000000000000000000000000000000011111110111111111111111111111111110111111111111111111011111111110111111111111111111111111111111101111111111111111111111111111111111111111111111111111111111111110110111111110111111111111100011111111111110111111111111110111111111111
000000000000000000000000000000000000000000000000000000000000000000000001111111111111111111111111111111111111111111111111111011111111111111111111111111111111111111111111111111111111111111111111111111111111111111111111111111111111111111111111111111111110111111011111111111110110011110101110011111111111
000000000000000000000000000000000000000000000000000000000000000000000000111110111111111111111111111111111111111111111111111111111111111111111111111111111111111111111111111111111111111111111111111111111011111111111111111111111111111111111111011111111101111100011101111111110111111111011110111111111111
000000000000000000000000000000000000000000000000000000000000000000000000011110111111111111111111111111111111111111111111111111111111111111111111111111111111111111111111111111111111111111111111111111111111111111111111111111111111110110101111111111111111111100011111101111110111011111011110111111111111
000000000000000000000000000000000000000000000000000000000000000000000000001111111111101111111111111111110111111111111111111111111111110101111111111111111111111111111111111111111111101111111111111111111111111111111110101111111111110110111111100111111111111100111111101011111111111110111110111110111111
000000000000000000000000000000000000000000000000000000000000000000000000000111111111111111111111111111110111111111111111111111111111110111111111111111111111111111111111111111111111111111111111111111111111111111111111111111111111110110111111110111111111111110011111111011110011111110101110011111111111
000000000000000000000000000000000000000000000000000000000000000000000000000011111111101111111111111111111111111111111111111011111111110101111111111111111111011111111111111111111111111111111111111110111011111011111110011111111111110110111111110111111111111100011110111111110111111110101110111111111111
000000000000000000000000000000000000000000000000000000000000000000000000000000111111101111111111111111110111111111111111111011111111110101111111111111111111011111111111111111111111101111111111111111111011110011111111111111111111110110111101110111100111111100011110101011110011011110100100011111101111
000000000000000000000000000000000000000000000000000000000000000000000000000000111111101110110000011110110111001111111011111011110101110101110001111001110111111101010111111111111111111010111101011010111011111010111000000111111111010110111111100111111111111111111111111111111110111111111110010110111111
000000000000000000000000000000000000000000000000000000000000000000000000000000011111111111111111111111111111111111111111111011111111110101111111111111111111111111111111111111111111111111111111111111111111111111111111011111111111111111111101010011111111111111111111111011011111110110111110111111111111
000000000000000000000000000000000000000000000000000000000000000000000000000000001111111111111111111111111111111111111111111111111111111101111101111111111111111101111111111111111111111111111111111111111111111111111111101111111111100110111111000111111111111000011101101011111111111110111110011110111111
000000000000000000000000000000000000000000000000000000000000000000000000000000000111111111111111101111110111111111111111111011111111110111111111111111111101111111111111011011111111111111111111111111111011111011111110111111111111110110111111110111111111111101011111111111110111111111111110111111111111
000000000000000000000000000000000000000000000000000000000000000000000000000000000011111111111111111111111111111111111111111111111111110111111111111111111111111111111111111111111111111111111111111111111111111111111111111111111111111110111110101111111111111110011111111111110111011111101100011111111111
000000000000000000000000000000000000000000000000000000000000000000000000000000000001111111111111111011111111111111111111111011111110110111110111111111111111111111111111111011011100111111101110111111110111111011111111111000011110111111100100101111111100110111111101110101111000010111001000001111101101
000000000000000000000000000000000000000000000000000000000000000000000000000000000000111111111111111111110111111111111111111011111111110111111111111111111111111111111111111111111111111111111111111111111011111111111111111111111111111111111111101111111111111110011111111111110111111111111110011111101111
000000000000000000000000000000000000000000000000000000000000000000000000000000000000011111111111111111111111111111111111111011111111111111111111111111111111111111111111111111111111111111111111111111111111111111111111111111111111110110111111111111111111111110011111111111110111111111111110111111111111
000000000000000000000000000000000000000000000000000000000000000000000000000000000000001111111111111111111110111011111101111011111110111011011111111111111110011111111111111111111011111001111110110111110111111111111111111110011111111001000110110111100111110111010100000101110110110011010000101111001111
000000000000000000000000000000000000000000000000000000000000000000000000000000000000000111111111111111111111111111111111111011111111110111111111111111111111111111111111111111111111111111111111111111111111111011111111111111111111111111111111111111111111111110011111111111111111111111111110011111111111
000000000000000000000000000000000000000000000000000000000000000000000000000000000000000011111111111111111111111111111111111011111111110111111111111111111111111111111111111111111111111111111111111111111111111111111111111111111111111111111111111111111111111110011111111111110110111111111110011111111111
000000000000000000000000000000000000000000000000000000000000000000000000000000000000000001111111111111111111111111111111111111111111110111111111111111111111111111111111111111111111111111111111111111111111111111111110111111111111110110111111100111111111111110011111101011110111111111101100011111111111
000000000000000000000000000000000000000000000000000000000000000000000000000000000000000000111111111111111111111011111111111111111111111111111111111111111111111111111111111011111010111111111100111111111011111111111111111110111110111111101100101111101100110110010101111101110100011001001000011111101101
000000000000000000000000000000000000000000000000000000000000000000000000000000000000000000011111111111111111111111111111111011111111110111111111111111111111111111111111111111111111111111111111111111111111111111111111111111111111111110111111101111111111111110011111101011110011111111101110011111101111
000000000000000000000000000000000000000000000000000000000000000000000000000000000000000000001111111111111111111111111111111111111111110111111111111111111111111111111111111111111111111111111111111111111111111111111111111111111111111111111101111111111111111110011111101111110111011111111110111111111111
000000000000000000000000000000000000000000000000000000000000000000000000000000000000000000000111111011111111111111111111111011111111111111111111111111111111011111111111111111111110111111111100111111110111111111111111111110111111111011101101101111101100110100110101101101111010011011001010001111101101
000000000000000000000000000000000000000000000000000000000000000000000000000000000000000000000011111111111111111111111111111111111111110111111111111111111111111111111111111111111111111111111111111111111111111111111111111111111111111111111111101111111111111111111111101111110111111111111111011111111111
000000000000000000000000000000000000000000000000000000000000000000000000000000000000000000000001111111111111111111111111111011111111110101111111111111111111111111111111111111111111111111111111111111111111111111111111111111111111111111101111100011111111101110011101111001110011111100011010011100101111
000000000000000000000000000000000000000000000000000000000000000000000000000000000000000000000000111011111111111111111111111111111111111011111111111111111111111111111111111111111110111111111110111111111111111111111111111110111110111011100100101111101100110111110101010101111000010010001000011111101101
000000000000000000000000000000000000000000000000000000000000000000000000000000000000000000000000011111111111111111111111111011111111110111111111111101111111111111111111111111111111111111111111111111111111111111111111111111111111101111111111000011111111101110011101111011110111111101011110111111101111
000000000000000000000000000000000000000000000000000000000000000000000000000000000000000000000000001111111111111111111011111111111011110101110111001001111111111111111111101111111110111110111111111111111011111111111111111111011111111111111111011111111111111110011101111101110101101011111110111111111101
000000000000000000000000000000000000000000000000000000000000000000000000000000000000000000000000000111110111111111111111111111111111111111111111111111111111111101111111111111111111111111111111111111111111111111111111111111111111110010111111110111110110111100011110101111110010011110100100011111111111
000000000000000000000000000000000000000000000000000000000000000000000000000000000000000000000000000011110111111111111111111011110111111101111111111101111111111101111111111111110111111110111111111110111011111111111001001111111111110010111111000111110111111100101111111010100011110110111100111110111111
000000000000000000000000000000000000000000000000000000000000000000000000000000000000000000000000000001111111111111111111111011111111110111111111111111111111011111111111111111111111111111111111111111111111111111111111111111111111111111111111111111111111111110011110111111110111011111110110111111111101
000000000000000000000000000000000000000000000000000000000000000000000000000000000000000000000000000000111111111111111111111011111111110111111111111111111111111111111111111111111111111111111111111111111011111111111111111111111111111111101101111111111110111110011111111111110111011111011110111111101111
000000000000000000000000000000000000000000000000000000000000000000000000000000000000000000000000000000010111111111111111111111111111111111111111111111111111111111111111111111111111111111111111111111111111111111111111111111111111110110111111110111111111111100011110101011110011111111101100011111111111
000000000000000000000000000000000000000000000000000000000000000000000000000000000000000000000000000000000111111111111111111011111111110111111111111111111111111111111111111111111111111111111111111111111111111111111111111111111111111111111111111111111111111100011111111111110111111111101110011111101111
000000000000000000000000000000000000000000000000000000000000000000000000000000000000000000000000000000000111110011110010110010111110110111011110000111010101011111100111011010111011011111010100100111110110111110110111011011001100101111101101000001101100100010010101111001110100011001001010011101101001
000000000000000000000000000000000000000000000000000000000000000000000000000000000000000000000000000000000011111111111111111011111111110111111111111111111111111111111111111111111111111111111111111111111111111111111111111111111111111110111111101111111111111100011111101011110111111111111110011111111111
000000000000000000000000000000000000000000000000000000000000000000000000000000000000000000000000000000000001111111111111111111111111111111111111111111111111111111111111011111111111111111111111111111111011111111111111111111111111111110111101111101111110111110011111011111111011111111101110111111111111
000000000000000000000000000000000000000000000000000000000000000000000000000000000000000000000000000000000000111111111111111011111111110111111111111111111111111111111111111111111111111111111111111111111111111011111111111111111111111111111111111111111111111101111111101111110011111111111110111111111111
000000000000000000000000000000000000000000000000000000000000000000000000000000000000000000000000000000000000011111111111111111111111111111111101111111101111111111111111111111110111111110111111111111111011111111111111111111111111111110111111110111111111111101011111111101110111001110111110111111111111
000000000000000000000000000000000000000000000000000000000000000000000000000000000000000000000000000000000000001111111111111011111111111111111111111111111111111111111111111111111111111111111111111111111111111111111111111111111111111111101101011111101110111110011101110011110011011110001110011111101111
000000000000000000000000000000000000000000000000000000000000000000000000000000000000000000000000000000000000000111111111111111111111110111111111111111111111111111111111111111111111111111111111111111111111111111111111111111111111110110111111100111111111111110011111101011110111111111101100111111111111
000000000000000000000000000000000000000000000000000000000000000000000000000000000000000000000000000000000000000011111111111011110111110101101101111111111111111101111111111111111111101111111111111110111111111111111000011111111111110110111111010111111111111100011111111111111101111110111110011110111111
000000000000000000000000000000000000000000000000000000000000000000000000000000000000000000000000000000000000000001111111111011111111110101111111111111111111111111111111111111111111111111111101111111111011111011111111011111111111111111111111111111111111111110011111111111110111111111101110111111111111
000000000000000000000000000000000000000000000000000000000000000000000000000000000000000000000000000000000000000000111111111011111111110111111111111111111111111111111111111111111111111111111111111111111111111111111111111111111111111111111111111111111111111100011111011111110110111111111110011111111111
000000000000000000000000000000000000000000000000000000000000000000000000000000000000000000000000000000000000000000011111111011111111110111111111111111111111111111111111111111111111111111111111111111111011111111111111011111111111111111111111111111111111111110011111111111110111111110111110111111111111
000000000000000000000000000000000000000000000000000000000000000000000000000000000000000000000000000000000000000000001111111111111111111111111111111111111111011111111111111111111111111111111111111111111011111011111111111111111111110010111111110111111111111110011111111011110111011110111100111111111111
000000000000000000000000000000000000000000000000000000000000000000000000000000000000000000000000000000000000000000000111111111111111111111111111111111111111111111111111111111111111111111111111111111111111111011111111111111111111110110111111010111111101111110011111111011111111011110111100111111111111
000000000000000000000000000000000000000000000000000000000000000000000000000000000000000000000000000000000000000000000011111111111111111111111111111111111111111101111111111111111111101111111111111111111111110111111111111111111111110010111111110111100111111100011110101011110010111110000000011111111111
000000000000000000000000000000000000000000000000000000000000000000000000000000000000000000000000000000000000000000000001111011111111110111111111111111111111111111111111111111111111111111111101111111111011111011111111011111111111111111111111111111111111111110011111111111110111111111111110111111111111
000000000000000000000000000000000000000000000000000000000000000000000000000000000000000000000000000000000000000000000000111011111111110111111111111111111111111111111111111111111111111111111111111111111111111111111111111111111111111110111111111111101111111100011111111011110111111111111110111111101111
000000000000000000000000000000000000000000000000000000000000000000000000000000000000000000000000000000000000000000000000011011111111110111111111111111111111111111111111111111111111111111111111111111111111111111111111111111111111111111111111101111111111111110011111111111110111111111111110011111111111
000000000000000000000000000000000000000000000000000000000000000000000000000000000000000000000000000000000000000000000000001011111111110111111111111111111111111111111111111111111111111111111111111111111111111111111110111111111111111011111111110111110111111111111111111111111111111111101110011111111111
000000000000000000000000000000000000000000000000000000000000000000000000000000000000000000000000000000000000000000000000000111111111111111111111111111111111111111111111111111111111111111111111111111111011111111111111111111111111110010111111110111111111111110011110111011110110011111100100111111111111
000000000000000000000000000000000000000000000000000000000000000000000000000000000000000000000000000000000000000000000000000000010001001010101110100011000000010000001010000001000011000001000000101001010100100101100111101011001100000001001000000000100000000001000000000000001000000100000000101000011000
000000000000000000000000000000000000000000000000000000000000000000000000000000000000000000000000000000000000000000000000000001111111110101111111111111111111111111111111111111111111111111111111111111111111111111111111011111111111111110111111011111111111111110011101111001110101111110101110011110111111
000000000000000000000000000000000000000000000000000000000000000000000000000000000000000000000000000000000000000000000000000000111111110111111111111111111111111111111111111111111111101111111111111111111111111111111111111111111111111110111111101111111111111100011111101011110011111111111110011111111111
000000000000000000000000000000000000000000000000000000000000000000000000000000000000000000000000000000000000000000000000000000011111110111101111111111111111111111111111111111111111111111111111111111111111111111111111011111111111111111111111010101111111111110011111111101110110111111111110011111111111
000000000000000000000000000000000000000000000000000000000000000000000000000000000000000000000000000000000000000000000000000000001111110111111111111111111111111111111111111111111111111111111111111111111111111111111111111111111111111111111111111111111110111110011111111111110111111111101100111111111111
000000000000000000000000000000000000000000000000000000000000000000000000000000000000000000000000000000000000000000000000000000000111111111111111111111111111011111111111111011111010111111101100111111111111111111111111111010111110110011001100101101101100110110010100011101110000011011000000011111101101
000000000000000000000000000000000000000000000000000000000000000000000000000000000000000000000000000000000000000000000000000000000011110111111111111111111111111111111111111111111111111111111111111111111111111111111111111111111111111111111111111111111111111111111111111111111110011111111110011111111111
000000000000000000000000000000000000000000000000000000000000000000000000000000000000000000000000000000000000000000000000000000000001110111111111111111111111111111111111111111111111111111111111111111111011111111111111111111111111110111100110111111101111110100001111101111110011011111111110111111101111
000000000000000000000000000000000000000000000000000000000000000000000000000000000000000000000000000000000000000000000000000000000000110101111101111101111111111110111111111111111111111111111111111111011111111111111111001111111111110110111110100111111111111100011111001011110111110110111110011110111111
000000000000000000000000000000000000000000000000000000000000000000000000000000000000000000000000000000000000000000000000000000000000010111111111111111111111011101111111111111111111111111111111111111111011111111111111111111111111110110111111111111111111111110011111111111110111111111111110111111111111
000000000000000000000000000000000000000000000000000000000000000000000000000000000000000000000000000000000000000000000000000000000000000111111111111111111111111111111111111111111111111111111111111111111111111111111111111111111111111111111111101111110111111110011111111111110111110111101100011111111111
000000000000000000000000000000000000000000000000000000000000000000000000000000000000000000000000000000000000000000000000000000000000000000010100000110000010000000000110101100000010001000000000000011000100100101001011111010100000000000000000000000000000000000000000000000001000000000000000000000000000
000000000000000000000000000000000000000000000000000000000000000000000000000000000000000000000000000000000000000000000000000000000000000001111111111111111111011111111111111111111111111111111111111111111011111011111011011111111111111111111111011111111111101110011101111011110111111111111110111111111111
000000000000000000000000000000000000000000000000000000000000000000000000000000000000000000000000000000000000000000000000000000000000000001111111111111110100011011111011010001111000101111101100111111110111110011101111111010010110101001101101001011100000111101110010000011111010011011010000101101111011
000000000000000000000000000000000000000000000000000000000000000000000000000000000000000000000000000000000000000000000000000000000000000000111111111111111110011111111111111111111011111111111111111111110011111111111111111111011111111111111111111111111111111110010110111111110110011111111010111111111111
000000000000000000000000000000000000000000000000000000000000000000000000000000000000000000000000000000000000000000000000000000000000000000011111111111111111011111111111111111111111111111111111111111111111111011111111111111111111110110111111110111111111111100011111101011111011111110101110011111111111
000000000000000000000000000000000000000000000000000000000000000000000000000000000000000000000000000000000000000000000000000000000000000000001111111111111110111101111111011111111011111011111111111111111011111111111111111111111111111111101111101111101100111111100110111111110110010111110100111111001111
000000000000000000000000000000000000000000000000000000000000000000000000000000000000000000000000000000000000000000000000000000000000000000000101111111111111011111111011111111111111101111111111111111111011111011111111111111111111110010111111110111101111111100011111111011110011111110111110111111111111
000000000000000000000000000000000000000000000000000000000000000000000000000000000000000000000000000000000000000000000000000000000000000000000011111111111111111111111111111111111111111111111111111111111011111111111111111111111111111111101101111111111111111110011111111111110111011111011110111111111111
000000000000000000000000000000000000000000000000000000000000000000000000000000000000000000000000000000000000000000000000000000000000000000000001111110111110011011111011011011111100111111001100111111111111111111111111111000011110111011100100101111100100110010010010111101111110010011000000011111000101
000000000000000000000000000000000000000000000000000000000000000000000000000000000000000000000000000000000000000000000000000000000000000000000000111111111111111101111111111111111111111111111111111111111011111111111111111111111111110111111111111111111111111110011111111111110111110111111110011111111111
000000000000000000000000000000000000000000000000000000000000000000000000000000000000000000000000000000000000000000000000000000000000000000000000011111111111111111111111111111111111101111111111111111111111111111111111111111111111110110111111100111111111111100011111101011110011111110101110011111111111
000000000000000000000000000000000000000000000000000000000000000000000000000000000000000000000000000000000000000000000000000000000000000000000000001111111111111101111111111111111111101111111111111111111111111111111110111111111111110110111111111111111111111100011111111111110111111111111110011111111111
000000000000000000000000000000000000000000000000000000000000000000000000000000000000000000000000000000000000000000000000000000000000000000000000000111111111111111111111111111111111111111111111111111111111111111111111111111111111111110111111100111111111111100011111101011110011111111101100111111111111
000000000000000000000000000000000000000000000000000000000000000000000000000000000000000000000000000000000000000000000000000000000000000000000000000011111111111111111111111111111111101111111111111111111011111111111111111111111111111010101101111111101110111110011111101011110011111111011110111111101111
000000000000000000000000000000000000000000000000000000000000000000000000000000000000000000000000000000000000000000000000000000000000000000000000000001111111011011111111111011100011111111111100111111110111111111111111111110001110011010001100101111100100100110010100111001110010010001000000011111001101
000000000000000000000000000000000000000000000000000000000000000000000000000000000000000000000000000000000000000000000000000000000000000000000000000000111111111001111111111111111111111110111111111111111111111011111111111111111111110110101111001111111100111100010110111111110111011110111100011111101111
000000000000000000000000000000000000000000000000000000000000000000000000000000000000000000000000000000000000000000000000000000000000000000000000000000011111111111111111111111111111111111111111111111111111111111111111111111111111110110111111111111111111111110011111111011110010111111111100011111111111
000000000000000000000000000000000000000000000000000000000000000000000000000000000000000000000000000000000000000000000000000000000000000000000000000000001111111111111111111111111111111111111111111111111011111011111111111111111111111111111111111111111111111100011111111111110011111111111110111111111111
000000000000000000000000000000000000000000000000000000000000000000000000000000000000000000000000000000000000000000000000000000000000000000000000000000000111111101111111111111111111111111111111111111111111111111111111111111111111110111111111111111111111111110001111111111110111111111111110111111111111
000000000000000000000000000000000000000000000000000000000000000000000000000000000000000000000000000000000000000000000000000000000000000000000000000000000011111111111111111111111111111111111111111111111111111111111111111111111111111111111111111111111111111111011111111111110111111011111110111111111111
000000000000000000000000000000000000000000000000000000000000000000000000000000000000000000000000000000000000000000000000000000000000000000000000000000000001111101111111111111111111111110111111111111011111111111111010101111111111110110111111010111111111111000011101111111110101011110111110111110111111
000000000000000000000000000000000000000000000000000000000000000000000000000000000000000000000000000000000000000000000000000000000000000000000000000000000000111110111111111111111111111111111111111111011111111111111011001111111111111110101110010111111110101100111111010111110111111110111110111110111111
000000000000000000000000000000000000000000000000000000000000000000000000000000000000000000000000000000000000000000000000000000000000000000000000000000000000011100111111111111111111101110111111110110011111110101111000001111111111111110100110010001111111101000101110010011010001010100111010101110000111
000000000000000000000000000000000000000000000000000000000000000000000000000000000000000000000000000000000000000000000000000000000000000000000000000000000000001111111111111111111111111111111111111111111111111111111111111111111111110111111111111111111111111110011111101111110111111111111110011111111111
000000000000000000000000000000000000000000000000000000000000000000000000000000000000000000000000000000000000000000000000000000000000000000000000000000000000000111111111111111111111111111111111111111111111111111111111111111111111111110111111111111111111111101111111111111110110111111111110011111111111
000000000000000000000000000000000000000000000000000000000000000000000000000000000000000000000000000000000000000000000000000000000000000000000000000000000000000011111111111111111111111110111111111111111011111111111011001111111111111111111111110111111111111110111111111111110111110110111110111110111111
000000000000000000000000000000000000000000000000000000000000000000000000000000000000000000000000000000000000000000000000000000000000000000000000000000000000000001101011001011111110111111001100111111111111101111111111111000001110101111101101000001101000100111111101111001111100011101001011001101101001
000000000000000000000000000000000000000000000000000000000000000000000000000000000000000000000000000000000000000000000000000000000000000000000000000000000000000000111111111111111010111111111100111111110111111111111111111011011110111111011111101111111100110111110111111111111110111011101001011111101101
000000000000000000000000000000000000000000000000000000000000000000000000000000000000000000000000000000000000000000000000000000000000000000000000000000000000000000011111111111111111101111111111111111111111111111111111111111111111111111111111111111111110111110011111111111110111111111111110111111101111
000000000000000000000000000000000000000000000000000000000000000000000000000000000000000000000000000000000000000000000000000000000000000000000000000000000000000000001111111111111111111111111111111111111111111111111111111111111111110111111111101111111111111110011111101111110111111111111110011111111111
000000000000000000000000000000000000000000000000000000000000000000000000000000000000000000000000000000000000000000000000000000000000000000000000000000000000000000000111111111111111111111111111111111111111110111111111111111111111110110111111011111111111111100011111100111110111011111111100011111111111
000000000000000000000000000000000000000000000000000000000000000000000000000000000000000000000000000000000000000000000000000000000000000000000000000000000000000000000011111111111111101111111111111111111111111111111011111111111111110110111111000111111111101100101101111111110111111100111110011110111111
000000000000000000000000000000000000000000000000000000000000000000000000000000000000000000000000000000000000000000000000000000000000000000000000000000000000000000000001111111111111111111111111111111111011111111111111111111111111111110111111010111111100101110011111111111111101111100101010111100111011
000000000000000000000000000000000000000000000000000000000000000000000000000000000000000000000000000000000000000000000000000000000000000000000000000000000000000000000000111111111111111111111111111111111111111111111111111111111111111111111111111111111111111110011111111111110111111111101110011111101111
000000000000000000000000000000000000000000000000000000000000000000000000000000000000000000000000000000000000000000000000000000000000000000000000000000000000000000000000011111111111111110111111111111011111111111111010101111111111110110111111010111111111111000011101111111110101011110111110110110111111
000000000000000000000000000000000000000000000000000000000000000000000000000000000000000000000000000000000000000000000000000000000000000000000000000000000000000000000000001111111111101111111111111111111111111111111110111111111111110110111111110111111111111100011111011111110111111111111110011111111111
000000000000000000000000000000000000000000000000000000000000000000000000000000000000000000000000000000000000000000000000000000000000000000000000000000000000000000000000000111111111111111111111111111111111111111111111111111111111111111111111111111111101111110011101111111110111111110101110111111111111
000000000000000000000000000000000000000000000000000000000000000000000000000000000000000000000000000000000000000000000000000000000000000000000000000000000000000000000000000011111111111110111111111110011011111111111000101111111111110110111111100111111111111101011111111111110110011110111110011110111111
000000000000000000000000000000000000000000000000000000000000000000000000000000000000000000000000000000000000000000000000000000000000000000000000000000000000000000000000000001111111111111111111111111111011111111111111011111111111111111111111001111111111111110010111111111110110011111111010011111111111
000000000000000000000000000000000000000000000000000000000000000000000000000000000000000000000000000000000000000000000000000000000000000000000000000000000000000000000000000000111111111111111111111111111011111111111111111111111111110110111111111111101111111100011111111011110010111111111100111111111111
000000000000000000000000000000000000000000000000000000000000000000000000000000000000000000000000000000000000000000000000000000000000000000000000000000000000000000000000000000011111111111111111111111111011110011111111011111111111111111111111111111111111111100011111101111110011111111111110111111110111
000000000000000000000000000000000000000000000000000000000000000000000000000000000000000000000000000000000000000000000000000000000000000000000000000000000000000000000000000000001111111111111111111111111111111111111111111111111111111111111111111111111111111111111111111111110110111111111110011111111111
000000000000000000000000000000000000000000000000000000000000000000000000000000000000000000000000000000000000000000000000000000000000000000000000000000000000000000000000000000000111101111111111111111111011111011111111111111111111111111111111111111111111111100011111111111110110111111111111111111111111
000000000000000000000000000000000000000000000000000000000000000000000000000000000000000000000000000000000000000000000000000000000000000000000000000000000000000000000000000000000011111111111111111110111111111111111110001111111111110110111111010111111111111101111111111111110111111110111110111110111111
000000000000000000000000000000000000000000000000000000000000000000000000000000000000000000000000000000000000000000000000000000000000000000000000000000000000000000000000000000000001111110111111111111110011111111111011101111111111111110101111010101111100101100011111111011110111011100011110111110111111
000000000000000000000000000000000000000000000000000000000000000000000000000000000000000000000000000000000000000000000000000000000000000000000000000000000000000000000000000000000000101111111111111110011111111111111010001111111111110110111111110111111111111100011111111111110111111110111110011110111111
000000000000000000000000000000000000000000000000000000000000000000000000000000000000000000000000000000000000000000000000000000000000000000000000000000000000000000000000000000000000011111111111111111111111111111111111111111111111110110111111110111111111111100111111011111110111111111101110111111111111
000000000000000000000000000000000000000000000000000000000000000000000000000000000000000000000000000000000000000000000000000000000000000000000000000000000000000000000000000000000000001111111111111111110011111101011011111110011111111111111111111111111100101111111110011111111101011011100110101111111101
000000000000000000000000000000000000000000000000000000000000000000000000000000000000000000000000000000000000000000000000000000000000000000000000000000000000000000000000000000000000000111111111111111111111111111111111111111111111111110111111101111111111111110011111111111110111111111111110011111111111
000000000000000000000000000000000000000000000000000000000000000000000000000000000000000000000000000000000000000000000000000000000000000000000000000000000000000000000000000000000000000011111111111111111111111111111111111111111111111111111111111111111111111110011111111111110111111111111110111111111111
000000000000000000000000000000000000000000000000000000000000000000000000000000000000000000000000000000000000000000000000000000000000000000000000000000000000000000000000000000000000000001111111111111111111111011111111011111111111111111111111111111111111111110011101111111100111111111111110011111111111
000000000000000000000000000000000000000000000000000000000000000000000000000000000000000000000000000000000000000000000000000000000000000000000000000000000000000000000000000000000000000000101100111111110111111111111111111011011111111111100101111111101100110111100111111111111110011111001010111111101101
000000000000000000000000000000000000000000000000000000000000000000000000000000000000000000000000000000000000000000000000000000000000000000000000000000000000000000000000000000000000000000011111111111111111111111111111111111111111110110111111100111111110111100011111101011110111111111111110111111111111
000000000000000000000000000000000000000000000000000000000000000000000000000000000000000000000000000000000000000000000000000000000000000000000000000000000000000000000000000000000000000000001111111110111011111111111001001111111111111110111111110111111111111100111111111111110111111110111111111110111111
000000000000000000000000000000000000000000000000000000000000000000000000000000000000000000000000000000000000000000000000000000000000000000000000000000000000000000000000000000000000000000000111111111111111111111111111111111111111110110111111110111111111111100011111111111110111111111111110111111111111
000000000000000000000000000000000000000000000000000000000000000000000000000000000000000000000000000000000000000000000000000000000000000000000000000000000000000000000000000000000000000000000011111111111111111111111111111111111111111110111111101111111111111110011111111111110111011111101100011111111111
000000000000000000000000000000000000000000000000000000000000000000000000000000000000000000000000000000000000000000000000000000000000000000000000000000000000000000000000000000000000000000000001111110011011111111111000001111111111100110110110100100110110100000010101001011110011001100111100111110011111
000000000000000000000000000000000000000000000000000000000000000000000000000000000000000000000000000000000000000000000000000000000000000000000000000000000000000000000000000000000000000000000000111110011111111111111000001111111111110110111111110111111111111100011111111111110111111110111110111110111111
000000000000000000000000000000000000000000000000000000000000000000000000000000000000000000000000000000000000000000000000000000000000000000000000000000000000000000000000000000000000000000000000011111111111111111111111111111111111111111111110101111101111111111011111101111110011111111111111011111111111
000000000000000000000000000000000000000000000000000000000000000000000000000000000000000000000000000000000000000000000000000000000000000000000000000000000000000000000000000000000000000000000000001111111111111111111111111111111111111110111111101111111111111100011111101011110111111111101110011111111111
000000000000000000000000000000000000000000000000000000000000000000000000000000000000000000000000000000000000000000000000000000000000000000000000000000000000000000000000000000000000000000000000000111111011111011111111111111111111110110111111100111111111111110011111101111111111111110101100011111111111
000000000000000000000000000000000000000000000000000000000000000000000000000000000000000000000000000000000000000000000000000000000000000000000000000000000000000000000000000000000000000000000000000011111011111111111111111111111111111111111111111111111111111110011111111111110111111111111110111111101111
000000000000000000000000000000000000000000000000000000000000000000000000000000000000000000000000000000000000000000000000000000000000000000000000000000000000000000000000000000000000000000000000000001111011111111111111011111111111111110111111101111111110111110011111111111110111011111101100011111111111
000000000000000000000000000000000000000000000000000000000000000000000000000000000000000000000000000000000000000000000000000000000000000000000000000000000000000000000000000000000000000000000000000000111111111111111111111011111111111011001100101101101100110110010001011101110000010011000000011111101101
000000000000000000000000000000000000000000000000000000000000000000000000000000000000000000000000000000000000000000000000000000000000000000000000000000000000000000000000000000000000000000000000000000010111111111111111111010011110111111111101101111111100111111111111111111111110011111001001011111101101
000000000000000000000000000000000000000000000000000000000000000000000000000000000000000000000000000000000000000000000000000000000000000000000000000000000000000000000000000000000000000000000000000000001111111111111111111111111111111011111111111111110111111111111111111111111011110111111110011111111111
000000000000000000000000000000000000000000000000000000000000000000000000000000000000000000000000000000000000000000000000000000000000000000000000000000000000000000000000000000000000000000000000000000000111111111111000001111111111110110111111100111111111111101011101101011110011110110111110011110111111
000000000000000000000000000000000000000000000000000000000000000000000000000000000000000000000000000000000000000000000000000000000000000000000000000000000000000000000000000000000000000000000000000000000001110111101111100011101011111100000100011101100100001011111000000001011000010100011100100110000110
000000000000000000000000000000000000000000000000000000000000000000000000000000000000000000000000000000000000000000000000000000000000000000000000000000000000000000000000000000000000000000000000000000000001111111111111111111111111111111111101111111111111110111111111111111111111010011101100111111111111
000000000000000000000000000000000000000000000000000000000000000000000000000000000000000000000000000000000000000000000000000000000000000000000000000000000000000000000000000000000000000000000000000000000000111011111110111111111111111010111111101111111110111110011111111111110111010111111100011111111111
000000000000000000000000000000000000000000000000000000000000000000000000000000000000000000000000000000000000000000000000000000000000000000000000000000000000000000000000000000000000000000000000000000000000011111111111111111111111101110111110000001110110101110011111111000110101011101111110111111111111
000000000000000000000000000000000000000000000000000000000000000000000000000000000000000000000000000000000000000000000000000000000000000000000000000000000000000000000000000000000000000000000000000000000000000111111111111111111111110110111111111111111111111100011111101011110011111111101110011111101111
000000000000000000000000000000000000000000000000000000000000000000000000000000000000000000000000000000000000000000000000000000000000000000000000000000000000000000000000000000000000000000000000000000000000000011111001011111111111111111111111111111111111111111011101111111110111111111111110111111111111
000000000000000000000000000000000000000000000000000000000000000000000000000000000000000000000000000000000000000000000000000000000000000000000000000000000000000000000000000000000000000000000000000000000000000011011111101111111011100000000000000000100000000001000000000000000000010100000000100000000000
000000000000000000000000000000000000000000000000000000000000000000000000000000000000000000000000000000000000000000000000000000000000000000000000000000000000000000000000000000000000000000000000000000000000000001111110111111111111111110111111110111110111111110011110111011110010111110100100011111111111
000000000000000000000000000000000000000000000000000000000000000000000000000000000000000000000000000000000000000000000000000000000000000000000000000000000000000000000000000000000000000000000000000000000000000000111111111111111111111110101111110111101100111100011111110111110111111111111000111111111111
000000000000000000000000000000000000000000000000000000000000000000000000000000000000000000000000000000000000000000000000000000000000000000000000000000000000000000000000000000000000000000000000000000000000000000011111111111111111110110111111111111111111111110011111111111110111111110111110011111111111
000000000000000000000000000000000000000000000000000000000000000000000000000000000000000000000000000000000000000000000000000000000000000000000000000000000000000000000000000000000000000000000000000000000000000000001011111111111111111110111111111111111111111100011101101011110111111110111110111111111111
000000000000000000000000000000000000000000000000000000000000000000000000000000000000000000000000000000000000000000000000000000000000000000000000000000000000000000000000000000000000000000000000000000000000000000000111111111111111100110111111010111111111111101011111111111110111011111111110011111111111
000000000000000000000000000000000000000000000000000000000000000000000000000000000000000000000000000000000000000000000000000000000000000000000000000000000000000000000000000000000000000000000000000000000000000000000011111000011110111011101101101111101100110100110111100111110110011111000000111111101101
000000000000000000000000000000000000000000000000000000000000000000000000000000000000000000000000000000000000000000000000000000000000000000000000000000000000000000000000000000000000000000000000000000000000000000000001111111111111111011100101101111101100110100110010000011110010011011000000111111001111
000000000000000000000000000000000000000000000000000000000000000000000000000000000000000000000000000000000000000000000000000000000000000000000000000000000000000000000000000000000000000000000000000000000000000000000000111111111111101101101001000000101100000110010111011001011100011001001010101101101001
000000000000000000000000000000000000000000000000000000000000000000000000000000000000000000000000000000000000000000000000000000000000000000000000000000000000000000000000000000000000000000000000000000000000000000000000011110011110000000000101001001100000000000000000000101110000010001000000000101001001
000000000000000000000000000000000000000000000000000000000000000000000000000000000000000000000000000000000000000000000000000000000000000000000000000000000000000000000000000000000000000000000000000000000000000000000000001000011110110111101101101111111100110111010110111111110110010011000000011111101101
000000000000000000000000000000000000000000000000000000000000000000000000000000000000000000000000000000000000000000000000000000000000000000000000000000000000000000000000000000000000000000000000000000000000000000000000000111111111111111111111111111111111111110011111111111110111111111001110111111111111
000000000000000000000000000000000000000000000000000000000000000000000000000000000000000000000000000000000000000000000000000000000000000000000000000000000000000000000000000000000000000000000000000000000000000000000000000011111111110110111111010111111111111100011101111111110111111110111110111110111111
000000000000000000000000000000000000000000000000000000000000000000000000000000000000000000000000000000000000000000000000000000000000000000000000000000000000000000000000000000000000000000000000000000000000000000000000000001111111110011111111110011110111111100011111101111111011100110111111011110111111
000000000000000000000000000000000000000000000000000000000000000000000000000000000000000000000000000000000000000000000000000000000000000000000000000000000000000000000000000000000000000000000000000000000000000000000000000000111111111110111111100111111111111101111111101011111111111110111111011110111111
000000000000000000000000000000000000000000000000000000000000000000000000000000000000000000000000000000000000000000000000000000000000000000000000000000000000000000000000000000000000000000000000000000000000000000000000000000011111110110111110000111111111111100101111101011110011110111111110011110111111
000000000000000000000000000000000000000000000000000000000000000000000000000000000000000000000000000000000000000000000000000000000000000000000000000000000000000000000000000000000000000000000000000000000000000000000000000000000111110010111111110111110111111100011111101011110110011111110100111101111111
000000000000000000000000000000000000000000000000000000000000000000000000000000000000000000000000000000000000000000000000000000000000000000000000000000000000000000000000000000000000000000000000000000000000000000000000000000000111111111111110011101111111111110011111111111110111111111111110011111111111
000000000000000000000000000000000000000000000000000000000000000000000000000000000000000000000000000000000000000000000000000000000000000000000000000000000000000000000000000000000000000000000000000000000000000000000000000000000011110110111111111111111111111100011111111111110111111111101110011111111111
000000000000000000000000000000000000000000000000000000000000000000000000000000000000000000000000000000000000000000000000000000000000000000000000000000000000000000000000000000000000000000000000000000000000000000000000000000000001111111111111101111111111111100011111101011110011111111111110011111111111
000000000000000000000000000000000000000000000000000000000000000000000000000000000000000000000000000000000000000000000000000000000000000000000000000000000000000000000000000000000000000000000000000000000000000000000000000000000000110110111111110111111111111100011111111111110111111110111110111110111111
000000000000000000000000000000000000000000000000000000000000000000000000000000000000000000000000000000000000000000000000000000000000000000000000000000000000000000000000000000000000000000000000000000000000000000000000000000000000011110111111000001111111101110011101111011110101111111011110111111101111
000000000000000000000000000000000000000000000000000000000000000000000000000000000000000000000000000000000000000000000000000000000000000000000000000000000000000000000000000000000000000000000000000000000000000000000000000000000000001111111111111111111111111111111111111111111111111111111110111111111111
000000000000000000000000000000000000000000000000000000000000000000000000000000000000000000000000000000000000000000000000000000000000000000000000000000000000000000000000000000000000000000000000000000000000000000000000000000000000000111101001111101111111101111111101111001011101111111011011011111101111
000000000000000000000000000000000000000000000000000000000000000000000000000000000000000000000000000000000000000000000000000000000000000000000000000000000000000000000000000000000000000000000000000000000000000000000000000000000000000011111011111111111111111111111101111111111111011111011111111111101110
000000000000000000000000000000000000000000000000000000000000000000000000000000000000000000000000000000000000000000000000000000000000000000000000000000000000000000000000000000000000000000000000000000000000000000000000000000000000000001111111111111111111111111011111111111110110111111111110111111111111
000000000000000000000000000000000000000000000000000000000000000000000000000000000000000000000000000000000000000000000000000000000000000000000000000000000000000000000000000000000000000000000000000000000000000000000000000000000000000000101101101110111110111111111011111111111111011011011011011111111111
000000000000000000000000000000000000000000000000000000000000000000000000000000000000000000000000000000000000000000000000000000000000000000000000000000000000000000000000000000000000000000000000000000000000000000000000000000000000000000011111111111111111111111111111111111110110111111111111111111111111
000000000000000000000000000000000000000000000000000000000000000000000000000000000000000000000000000000000000000000000000000000000000000000000000000000000000000000000000000000000000000000000000000000000000000000000000000000000000000000001111110111110111111101111111111111100111101110111110111010111111
000000000000000000000000000000000000000000000000000000000000000000000000000000000000000000000000000000000000000000000000000000000000000000000000000000000000000000000000000000000000000000000000000000000000000000000000000000000000000000000111111111111111111111111111111111111111111111111111111111111111
000000000000000000000000000000000000000000000000000000000000000000000000000000000000000000000000000000000000000000000000000000000000000000000000000000000000000000000000000000000000000000000000000000000000000000000000000000000000000000000011111111111111111101111111111111111110111111111110111111111111
000000000000000000000000000000000000000000000000000000000000000000000000000000000000000000000000000000000000000000000000000000000000000000000000000000000000000000000000000000000000000000000000000000000000000000000000000000000000000000000001111111111111111111111111111101111111111111111111111110111111
000000000000000000000000000000000000000000000000000000000000000000000000000000000000000000000000000000000000000000000000000000000000000000000000000000000000000000000000000000000000000000000000000000000000000000000000000000000000000000000000111111111111111111111111111111111110111111111111111111111111
000000000000000000000000000000000000000000000000000000000000000000000000000000000000000000000000000000000000000000000000000000000000000000000000000000000000000000000000000000000000000000000000000000000000000000000000000000000000000000000000001111111111111111111111111111111110111111111111011111111111
000000000000000000000000000000000000000000000000000000000000000000000000000000000000000000000000000000000000000000000000000000000000000000000000000000000000000000000000000000000000000000000000000000000000000000000000000000000000000000000000001111111111111111111111111111111111111110111111111110111111
000000000000000000000000000000000000000000000000000000000000000000000000000000000000000000000000000000000000000000000000000000000000000000000000000000000000000000000000000000000000000000000000000000000000000000000000000000000000000000000000000111111111111111101111111111111111111111011111110111101111
000000000000000000000000000000000000000000000000000000000000000000000000000000000000000000000000000000000000000000000000000000000000000000000000000000000000000000000000000000000000000000000000000000000000000000000000000000000000000000000000000011111111111111111111111111111110111111111110111111111111
000000000000000000000000000000000000000000000000000000000000000000000000000000000000000000000000000000000000000000000000000000000000000000000000000000000000000000000000000000000000000000000000000000000000000000000000000000000000000000000000000001111111111111111111111111110111111111111110111111111111
000000000000000000000000000000000000000000000000000000000000000000000000000000000000000000000000000000000000000000000000000000000000000000000000000000000000000000000000000000000000000000000000000000000000000000000000000000000000000000000000000000111111111111111111101111111111111111111111111111111111
000000000000000000000000000000000000000000000000000000000000000000000000000000000000000000000000000000000000000000000000000000000000000000000000000000000000000000000000000000000000000000000000000000000000000000000000000000000000000000000000000000011111111111111111111111111110111111111111111111111111
000000000000000000000000000000000000000000000000000000000000000000000000000000000000000000000000000000000000000000000000000000000000000000000000000000000000000000000000000000000000000000000000000000000000000000000000000000000000000000000000000000001111111111111111111111111111111111111111111110111111
000000000000000000000000000000000000000000000000000000000000000000000000000000000000000000000000000000000000000000000000000000000000000000000000000000000000000000000000000000000000000000000000000000000000000000000000000000000000000000000000000000000111111111111111111111110111111111011110111111111111
000000000000000000000000000000000000000000000000000000000000000000000000000000000000000000000000000000000000000000000000000000000000000000000000000000000000000000000000000000000000000000000000000000000000000000000000000000000000000000000000000000000011111111111111111111111110111111111110111111111111
000000000000000000000000000000000000000000000000000000000000000000000000000000000000000000000000000000000000000000000000000000000000000000000000000000000000000000000000000000000000000000000000000000000000000000000000000000000000000000000000000000000001111111111111111111111111111110111111111111111111
000000000000000000000000000000000000000000000000000000000000000000000000000000000000000000000000000000000000000000000000000000000000000000000000000000000000000000000000000000000000000000000000000000000000000000000000000000000000000000000000000000000000111111111111111101111111111110111111111111111111
000000000000000000000000000000000000000000000000000000000000000000000000000000000000000000000000000000000000000000000000000000000000000000000000000000000000000000000000000000000000000000000000000000000000000000000000000000000000000000000000000000000000011111111111111111111110111111111111111111111111
000000000000000000000000000000000000000000000000000000000000000000000000000000000000000000000000000000000000000000000000000000000000000000000000000000000000000000000000000000000000000000000000000000000000000000000000000000000000000000000000000000000000001110111111111111110111111111111111111111111111
000000000000000000000000000000000000000000000000000000000000000000000000000000000000000000000000000000000000000000000000000000000000000000000000000000000000000000000000000000000000000000000000000000000000000000000000000000000000000000000000000000000000000111111111111111111111111111111111111110111111
000000000000000000000000000000000000000000000000000000000000000000000000000000000000000000000000000000000000000000000000000000000000000000000000000000000000000000000000000000000000000000000000000000000000000000000000000000000000000000000000000000000000000011111111111111111111111111111111111111111111
000000000000000000000000000000000000000000000000000000000000000000000000000000000000000000000000000000000000000000000000000000000000000000000000000000000000000000000000000000000000000000000000000000000000000000000000000000000000000000000000000000000000000001110111111110111110111111011011010111111111
000000000000000000000000000000000000000000000000000000000000000000000000000000000000000000000000000000000000000000000000000000000000000000000000000000000000000000000000000000000000000000000000000000000000000000000000000000000000000000000000000000000000000000111111111111111101111111111111110111011111
000000000000000000000000000000000000000000000000000000000000000000000000000000000000000000000000000000000000000000000000000000000000000000000000000000000000000000000000000000000000000000000000000000000000000000000000000000000000000000000000000000000000000000001011111111011111111111111111110111011111
000000000000000000000000000000000000000000000000000000000000000000000000000000000000000000000000000000000000000000000000000000000000000000000000000000000000000000000000000000000000000000000000000000000000000000000000000000000000000000000000000000000000000000001111111111110111111111111110111111111111
000000000000000000000000000000000000000000000000000000000000000000000000000000000000000000000000000000000000000000000000000000000000000000000000000000000000000000000000000000000000000000000000000000000000000000000000000000000000000000000000000000000000000000000111111111110111111111111111111010111111
000000000000000000000000000000000000000000000000000000000000000000000000000000000000000000000000000000000000000000000000000000000000000000000000000000000000000000000000000000000000000000000000000000000000000000000000000000000000000000000000000000000000000000000011111111111110111111111111111111111111
000000000000000000000000000000000000000000000000000000000000000000000000000000000000000000000000000000000000000000000000000000000000000000000000000000000000000000000000000000000000000000000000000000000000000000000000000000000000000000000000000000000000000000000001111111110111111111111111111111111111
000000000000000000000000000000000000000000000000000000000000000000000000000000000000000000000000000000000000000000000000000000000000000000000000000000000000000000000000000000000000000000000000000000000000000000000000000000000000000000000000000000000000000000000000111111111111111111111111111111111111
000000000000000000000000000000000000000000000000000000000000000000000000000000000000000000000000000000000000000000000000000000000000000000000000000000000000000000000000000000000000000000000000000000000000000000000000000000000000000000000000000000000000000000000000011111111110111111111111111111111111
000000000000000000000000000000000000000000000000000000000000000000000000000000000000000000000000000000000000000000000000000000000000000000000000000000000000000000000000000000000000000000000000000000000000000000000000000000000000000000000000000000000000000000000000001111111111111111111110111111111111
000000000000000000000000000000000000000000000000000000000000000000000000000000000000000000000000000000000000000000000000000000000000000000000000000000000000000000000000000000000000000000000000000000000000000000000000000000000000000000000000000000000000000000000000000111111111111111111110111110111111
000000000000000000000000000000000000000000000000000000000000000000000000000000000000000000000000000000000000000000000000000000000000000000000000000000000000000000000000000000000000000000000000000000000000000000000000000000000000000000000000000000000000000000000000000011111111111111111111111111111111
000000000000000000000000000000000000000000000000000000000000000000000000000000000000000000000000000000000000000000000000000000000000000000000000000000000000000000000000000000000000000000000000000000000000000000000000000000000000000000000000000000000000000000000000000001111111011111111111111111110111
000000000000000000000000000000000000000000000000000000000000000000000000000000000000000000000000000000000000000000000000000000000000000000000000000000000000000000000000000000000000000000000000000000000000000000000000000000000000000000000000000000000000000000000000000000110110111111111110111111111111
000000000000000000000000000000000000000000000000000000000000000000000000000000000000000000000000000000000000000000000000000000000000000000000000000000000000000000000000000000000000000000000000000000000000000000000000000000000000000000000000000000000000000000000000000000011110111111111110111111111111
000000000000000000000000000000000000000000000000000000000000000000000000000000000000000000000000000000000000000000000000000000000000000000000000000000000000000000000000000000000000000000000000000000000000000000000000000000000000000000000000000000000000000000000000000000001111111111011111111111111111
000000000000000000000000000000000000000000000000000000000000000000000000000000000000000000000000000000000000000000000000000000000000000000000000000000000000000000000000000000000000000000000000000000000000000000000000000000000000000000000000000000000000000000000000000000000101111101111111011110011111
000000000000000000000000000000000000000000000000000000000000000000000000000000000000000000000000000000000000000000000000000000000000000000000000000000000000000000000000000000000000000000000000000000000000000000000000000000000000000000000000000000000000000000000000000000000011111111111111111111111111
000000000000000000000000000000000000000000000000000000000000000000000000000000000000000000000000000000000000000000000000000000000000000000000000000000000000000000000000000000000000000000000000000000000000000000000000000000000000000000000000000000000000000000000000000000000001111111111111111111111111
000000000000000000000000000000000000000000000000000000000000000000000000000000000000000000000000000000000000000000000000000000000000000000000000000000000000000000000000000000000000000000000000000000000000000000000000000000000000000000000000000000000000000000000000000000000000111111111001101110000010
000000000000000000000000000000000000000000000000000000000000000000000000000000000000000000000000000000000000000000000000000000000000000000000000000000000000000000000000000000000000000000000000000000000000000000000000000000000000000000000000000000000000000000000000000000000000011111111111111110111111
000000000000000000000000000000000000000000000000000000000000000000000000000000000000000000000000000000000000000000000000000000000000000000000000000000000000000000000000000000000000000000000000000000000000000000000000000000000000000000000000000000000000000000000000000000000000001111011111111111111111
000000000000000000000000000000000000000000000000000000000000000000000000000000000000000000000000000000000000000000000000000000000000000000000000000000000000000000000000000000000000000000000000000000000000000000000000000000000000000000000000000000000000000000000000000000000000000111111111111111111111
000000000000000000000000000000000000000000000000000000000000000000000000000000000000000000000000000000000000000000000000000000000000000000000000000000000000000000000000000000000000000000000000000000000000000000000000000000000000000000000000000000000000000000000000000000000000000011111111111110111111
000000000000000000000000000000000000000000000000000000000000000000000000000000000000000000000000000000000000000000000000000000000000000000000000000000000000000000000000000000000000000000000000000000000000000000000000000000000000000000000000000000000000000000000000000000000000000001111111111111111111
000000000000000000000000000000000000000000000000000000000000000000000000000000000000000000000000000000000000000000000000000000000000000000000000000000000000000000000000000000000000000000000000000000000000000000000000000000000000000000000000000000000000000000000000000000000000000000001011011111101111
000000000000000000000000000000000000000000000000000000000000000000000000000000000000000000000000000000000000000000000000000000000000000000000000000000000000000000000000000000000000000000000000000000000000000000000000000000000000000000000000000000000000000000000000000000000000000000011111111010111111
000000000000000000000000000000000000000000000000000000000000000000000000000000000000000000000000000000000000000000000000000000000000000000000000000000000000000000000000000000000000000000000000000000000000000000000000000000000000000000000000000000000000000000000000000000000000000000001111111110111111
000000000000000000000000000000000000000000000000000000000000000000000000000000000000000000000000000000000000000000000000000000000000000000000000000000000000000000000000000000000000000000000000000000000000000000000000000000000000000000000000000000000000000000000000000000000000000000000111111111111111
000000000000000000000000000000000000000000000000000000000000000000000000000000000000000000000000000000000000000000000000000000000000000000000000000000000000000000000000000000000000000000000000000000000000000000000000000000000000000000000000000000000000000000000000000000000000000000000011111110111111
000000000000000000000000000000000000000000000000000000000000000000000000000000000000000000000000000000000000000000000000000000000000000000000000000000000000000000000000000000000000000000000000000000000000000000000000000000000000000000000000000000000000000000000000000000000000000000000000111111111111
000000000000000000000000000000000000000000000000000000000000000000000000000000000000000000000000000000000000000000000000000000000000000000000000000000000000000000000000000000000000000000000000000000000000000000000000000000000000000000000000000000000000000000000000000000000000000000000000010111010111
000000000000000000000000000000000000000000000000000000000000000000000000000000000000000000000000000000000000000000000000000000000000000000000000000000000000000000000000000000000000000000000000000000000000000000000000000000000000000000000000000000000000000000000000000000000000000000000000011110111111
000000000000000000000000000000000000000000000000000000000000000000000000000000000000000000000000000000000000000000000000000000000000000000000000000000000000000000000000000000000000000000000000000000000000000000000000000000000000000000000000000000000000000000000000000000000000000000000000001111111111
000000000000000000000000000000000000000000000000000000000000000000000000000000000000000000000000000000000000000000000000000000000000000000000000000000000000000000000000000000000000000000000000000000000000000000000000000000000000000000000000000000000000000000000000000000000000000000000000000111111111
000000000000000000000000000000000000000000000000000000000000000000000000000000000000000000000000000000000000000000000000000000000000000000000000000000000000000000000000000000000000000000000000000000000000000000000000000000000000000000000000000000000000000000000000000000000000000000000000000011111111
000000000000000000000000000000000000000000000000000000000000000000000000000000000000000000000000000000000000000000000000000000000000000000000000000000000000000000000000000000000000000000000000000000000000000000000000000000000000000000000000000000000000000000000000000000000000000000000000000001111111
000000000000000000000000000000000000000000000000000000000000000000000000000000000000000000000000000000000000000000000000000000000000000000000000000000000000000000000000000000000000000000000000000000000000000000000000000000000000000000000000000000000000000000000000000000000000000000000000000000101101
000000000000000000000000000000000000000000000000000000000000000000000000000000000000000000000000000000000000000000000000000000000000000000000000000000000000000000000000000000000000000000000000000000000000000000000000000000000000000000000000000000000000000000000000000000000000000000000000000000011111
000000000000000000000000000000000000000000000000000000000000000000000000000000000000000000000000000000000000000000000000000000000000000000000000000000000000000000000000000000000000000000000000000000000000000000000000000000000000000000000000000000000000000000000000000000000000000000000000000000001111
000000000000000000000000000000000000000000000000000000000000000000000000000000000000000000000000000000000000000000000000000000000000000000000000000000000000000000000000000000000000000000000000000000000000000000000000000000000000000000000000000000000000000000000000000000000000000000000000000000000111
000000000000000000000000000000000000000000000000000000000000000000000000000000000000000000000000000000000000000000000000000000000000000000000000000000000000000000000000000000000000000000000000000000000000000000000000000000000000000000000000000000000000000000000000000000000000000000000000000000000011
000000000000000000000000000000000000000000000000000000000000000000000000000000000000000000000000000000000000000000000000000000000000000000000000000000000000000000000000000000000000000000000000000000000000000000000000000000000000000000000000000000000000000000000000000000000000000000000000000000000001
000000000000000000000000000000000000000000000000000000000000000000000000000000000000000000000000000000000000000000000000000000000000000000000000000000000000000000000000000000000000000000000000000000000000000000000000000000000000000000000000000000000000000000000000000000000000000000000000000000000000
