000000000100011101011000111110010001000000100100000100010100111011001100001111100111111101111100101010101001111001001101111000110000010010000000001001110101111000011110111010001001100000010100111111001111001111111010001100100011001110111000111011111111111110000110011000000111000011001011101111000010
000100001001100010000100000001000000000010010001010010000000000000100001000000010000000000000001010000000010000100010000000000001100000100010100000000000000000000100000000000000100000000101000000000000000010000000000000000010000000000000100000000000000000000001001000011000000010100000000000000100000
000000000000000000100000000000100100001000000010000000000000000000010000000000000000000000000010000000000100000000000000000000000010001000000000000000000000000100000000000000000000000001000010000000000000100000000000000000000000010000000000000000000000000000000000000000000000000000000000000000000000
000000001001100010000100000001000000000010010001010010000000000000100001000000010000000000000001010000000010000100010000000000001100000100010100000000000000000000100000000001000100000000101000000000000000010000000000000000011000100000000100000000000000000000001001000011000000010100100000000000100000
000000000001100010000100000001001000000010010001000000000000000000100000000000000000000000000001010000000010000100010000000000001100000100010100000000000000000000100000000001000100000000101000000000000000010000000000000000010000000000000100000000000000000000001001000011000000010100100000000000100000
000000000000000000000000000000000000000000000000000000000000000000000000000000000000000000000000000000000000000000000000000000000000000000000000000000000000000000000000000000000000000100000000000000000000000000000000000000000000000000000000000000000000000000000000000000000000000000000000010000000000
000000000010000000000000000000100100100100000000000000000000000000010000000000000000000000000010000000000000000000000000000000000010000000000010000000000000000101000000000000000000000000000011000000000000100000000000000000000000000000000000000000000000000000010000100000010000000000010100000000000000
000000000000000000000001000000000010000000000000000000000000000000000000000000001000000000000000000100000000000000000000000100000000101000000000000000000000000000000000000000000000001000000000000000000000000000000000000000000000000001000000000000000000000000100000000000000000000000000000000000000000
000000000001000010000100000001000000000010010001010000000000000000100000000000010000000000000001010000000000000000000000000000001110000000100100000000000000000000000000000000000100000010100000000000000000000000000000000000001000000000000000000000000000000000001000000000000000000100100000000000100000
000000000000011100001000101110010001000000100100100100010100110011001100001011100110011101111100001010101001101000001101111000110000010010000000001001100101111000011110111010011001100000010100001011001011001111011110001100100010001110111000011011111111111010000010011000000011000010001011101011000000
000000000000000000000001000000100100101100000010000000000000000000010000000000000000000000000010000000000000000000000000000001000010001000000010000000000000000101000001000000000000000000000011000000000000000000000000000000000000000000000010000000000000000000010000000000010000101000000000000000000000
000000000000100010000100000001001000010010010001010010000000000000100001000000010000000000000001010000000010000100010000000000001100000100011101000010000000000010100000000001100100000010101000000000000000010000000000000000011000000000000100000000000000000000001001000011000000010100100000000000100000
000000000000000010000110000001000000000010010001000010000000000000100001000000010000000000000001010000000010000100010000000000001100000100010100000000000000000000100000000001100100000000101000000000000000010000000000000000011000000000000100000000000000000001001001000011000000010100100000000000100000
000000000000001101011000111110010001000000100100101100010101111011001100001111100111111111111100101010111001111001001111111000110001010010000000001101110101111000011110111010011001100000010100111111001111001111111110111101100011001110111001111011111111111110000110011000000111000011001011101111001011
000000000000000100001000101110010001000000000100101100010101111011001100001111100111111101111100001010001001111001000111110000110001010010000000001001110101111000011110111010011001100000010100110011001111001111111010011100100011001110111001111011111111110110000110001000000011000011001010101011000010
000000000000000001001000111110010001000000100100000100010100111011001100001101100110111101111100101010101001101000000101111000100000010010000000001001110001111000011110101010001001100000010100111011001111001111111110001100000010001110111000001011111111111110000110011000000011000000001011101011000000
000000000000000000000100000001000000000010010001010010000000000000100001000000010000000000000001010000000010000100010000000000001100000100010100000000000000000000100000000001000100000000101000000000000000010000000000000000011000000000000100000000000000000000001001000011000000010100100000000000100000
000000000000000000001000101010000000000000100100000100010100011011000100000011100111111110101100101010101001011000001111000000110001010000000000001001100001111000011110101010001001000000000000110111000111001110111010101100100110001110110000111011101111111110000110011000000001000011001011101101000010
000000000000000000000000000000100000000000000010000001000000000000010000000000000000000000000000000000000000000000000000000000000010000000000000000000000000000000000000000000000000000000000000000000000000100000000000000000000000000000000000000000000000000000100000000000000000000000000000000000000000
000000000000000000001000101000010000000000000000000000000101000011001000000001100111001000000100100010010001110000000000100000010000000010000000000000100001010000010000100000000000000000000100100010000010000010010110011100100000001000100000110001011000010000000000010000000011000010001000100111001010
000000000000000000000000111110010001000000100100101100010100111011001100001111100110111101111100101010111001111001001101111000110001010010000000001101110101111000011110111010011001100000010100111111001111001111111110011101100011001110111001101011111111111110000110011000000111000011001011101011001011
000000000000000000000000000001000000000010010001010010000000000000100001000000010000000000000001010000000010000100010000000000001100000100010100000000000000000010100000000001100100000000101000000000000000010000000000000000011000000000000100000000000000000000001001000011000000010100100000000000100000
000000000000000000000000000001000000000000010000000000000000000000100000100000010000000000000001010000000000000100000000000000001000000100010100000000000000000000000000000000000000000000100000000000000000010000000000000000010000100000000000000000000000000000000000000011000000000000000000000000100000
000000000000000000000000000000100000001000001010000001000000000000010000010000001000000000000010000100000100000000000000000100000010101001000000000000000010000001000000000000000000000100000011000000000000100000000000000010000000010000000010000000000000000000110000000000100000001000000000010000000100
000000000000000000000000011110010001000000100100101100010101111011001100001111100111111101111100101010101001111000001111111000110011010010000000001001110101111000011110111010011001100000010100111111001011001111111010011101100011001110111001111011111111111110000110011000000111000011001011101111001011
000000000000000000000000001110000000000000100100100100010100111011001100001101100110111100101100001010101001001000001111100000110000010010000000001001100001111000011110101010001001100000010100011011000111001111111010011100000001001110110000101011111101111110000110011000000111000001001011101111000010
000000000000000000000000000110010001000000100100000100010100111011001100001111100111111101111100101010101001111001001101111000110000010010000000001001110101111000011110111010001001100000010100111111001111001111111010001100100011001110111000111011111111111110000110011000000111000011001011101111000010
000000000000000000000000000010010001000000000100101100010101111011001100001101100111111101111100001010101001111000001111110000110001010010000000001001110001111000011110111010011001100000010100011111001011001111111010011101100001001110111001111011111101111110000110011000000111000011001011101011000011
000000000000000000000000000000010001000000100100101100010100111011001100001101100110111101111100001010101001111000001111111000110001010010000000001001110101111000011110111010011001100000010100011111001111001111111010011101100011001110111001111011111111111110000110011000000011000011001011101111000011
000000000000000000000000000000000000000010010001010010000000000000100001000000010000000000000001010000000010000100010000000000001100000100010100000000000000000000100000000001100100000000101000000000000000010000000000000000010000000000000100000000000000000000001001000011000000010100100000000000100000
000000000000000000000000000000000100101000000010000001000000000001010000010000000000000000000010000000000100000000000000000000000010001001000010000000000010000101000001000000000000000001000011000000000000100000000000000000000000010000000000000000000000000000110000100000010000001000000000010000000000
000000000000000000000000000000000001000000100100100100010100111011001100001101100110111101111100001010101001111000001111111000010001010010000000001001110101111000011110111010011001100000010100011111001111001111111010011101100011001110111001111011111111111110000110011000000011000011001011101111000011
000000000000000000000000000000000000000010000000000000000000000000000000000000000000000000000000000000000000000100000000000000000000000000000000000000000000000010100000000001000100000000000000000000000000000000000000000000000000000000000100000000000000000000000001000010000000010100100000000000100000
000000000000000000000000000000000000100100000010000000000000000000010000000000000000000000000010000000000000000010000000000000000010000000000010000000000000000101000001000000000000000000000011000000000000100000000000000000000000000000000010000000000000000000100000100000010000000000000000000000000000
000000000000000000000000000000000000000000000000000000000000000000000000010000000000000000000000000000000000000000000000000100000000000000000000000000000000000000000000000000000000001000000000000000000000000000000000000000000000000001000000000000000000000000000000000000000000000000000000010000000000
000000000000000000000000000000000000000000100100000100010100110011001100001111100110111101111100001010111001101000001101111000110000010010000000001001100101111000011110111010011001100000010100011011001111001111011110001100100011001110111000011011111110111110000110011000000011000011001011101011000000
000000000000000000000000000000000000000100000000000000000000000000010000000000000000000000000000000000000000000000000000000001000010000001000010000000000010000101000001000000000000000000000011000000000000000000000000000000000000000000000010000000000000000000010000000000010000101000000000000000000000
000000000000000000000000000000000000000000010001000000000000000000000000000000000000000000000000000000000000000100010000000000000000000000001001000010000000000000100000000001100100000000100000000000000000000000000000000000010000000000000100000000000000000000000000000011000000010100000000000000100000
000000000000000000000000000000000000000000001010000001000010000000010010010000001000000000000010000100000100000000000000000000000010101001000000000000000010000100000001000000000000000001001001000000000000100000000000000000000000010000000000000000000000000000110000010000011000000000000000000000000000
000000000000000000000000000000000000000000000000000000000000000000000000000000000000000000000010000000000000000000000000000000000000000000000000000000000000000001000000000000000000000000000010000000000000000000000000000000000000000000000000000000000000000000000000000000010000000000010100000000000000
000000000000000000000000000000000000000000010001000000000000000000100000000000010000000000000001010000000010000100010000000000001100000100010100000000000000000010100000000001100100000010101000000000000000010000000000000000010000000000000100000000000000000000001001000011000000010100100000000000100000
000000000000000000000000000000000000000000000000000000100000000000000000000000000000000000000000000001000000000000000000000000000000000000000000110000000000000000000000000000000000010000000000000000010000000000000000000000000000000000000000000000000000000000000000000100000000000000000000000000000000
000000000000000000000000000000000000000000000100100100010100110011000100001001100110111101111100101010101001111001001101110000110000010000000000001001110001111000011110101010001001100000000100011111001111001110110010001101000011001110110000011011101111111010000100011000000001000001001011101111000010
000000000000000000000000000000000000000000000001010010000000000100100001000000010000000000000001010000000010000100010000000000001100000100010100000000001000000000100000000001100100000000101000000000100000110000000001000000011000000000000100000000000000000001001000000011000000000100100000000000100000
000000000000000000000000000000000000000000000000000001000000000000010000010000001000000000000010000100000100000000000000000000000010101001000000000000000010000000000000000000000000000001000000000000000000100000000000000010000000010000000000000000000000000000110000000000100000000000000000000000000100
000000000000000000000000000000000000000000000000101100010100111011001100001111100110111101111100001010101001111000001101111000110001010010000000001001110101111000011110111010011001100000010100111111001111001111111010011101100011001110111001111011111111111110000110011000000111000011001011101111000011
000000000000000000000000000000000000000000000000000000000000000000010000010000000000000000000010000000000000000010100000000000000010101001000010000000000010000101000001000000000000000101000011000000000000100000000000000000000000010000000000000000000000000000110000100000010000000000000000010000000000
000000000000000000000000000000000000000000000000010010000000000000100001000000010000000000000001010000000010000100010000000000001100000100010100000010000000000010100000000001100100000000101000000000000000010000000000000000011000000000000100000000000000000000001001000011000000010100100000000000100000
000000000000000000000000000000000000000000000000000100010100111011001100001111100000001101111100001010101001101000001101010010110000010010000000001001100101111000011110111010011001000000010100011111001010001111111010001100100001001110111000011011101101110110000110011000000011000011001011101011000000
000000000000000000000000000000000000000000000000000000000000000000100000000000010000000000000000000000000000000100000000000000001100000000100100000000000000000000000000000000000100000010100000000000000000010000000000000000011000000000000000000000000000000000000000000011000000000100000000000000100000
000000000000000000000000000000000000000000000000000000010100001000000100000101000000100100001100000000001000000000000101110000010001010000000000000001110001101000011110101010001001000000010000000111000010000011100000011101100000001110110001100011111101110000000010001000000011000011001011101000000001
000000000000000000000000000000000000000000000000000000010101111011001100001111100111111111111100101010111001111001001111111000110001010010000000001001100001111000011110111010001001100000010100111111001111001111111110001100100011001110111001111011111111111110000110011000000011000011001011101111000010
000000000000000000000000000000000000000000000000000000000000000000100001000000010000000000000001010000000010000100010000000000001100000100010100000000000000000000100000000001000100000000101000000000000000010000000000000000010000000000000100000000000000000000001000000011000000000100000000000000100000
000000000000000000000000000000000000000000000000000000000010000000010000010000001000000000000010000100000100000000000000000000000010101000000010000000000010000000000000000000000000000001000010000000000000100000000000000010000000000000000000000000000000000000110000000000100000000000000000000000000100
000000000000000000000000000000000000000000000000000000000000000000000000000000000000000000000000000001000000000000000000000000000000000000000000110000000000000000000000000000000000010000000100000000010000000000000000000000000000000000000000000000000000000000000000000100000000000000001000000000000000
000000000000000000000000000000000000000000000000000000000101111011001100001111100111111101111100101010111001111001001111111010110001010010000000001101110101111000011110111010011001100000010100111111001111001111111110011101100011001110111001111011111111111110000110011000000111000011001011101111001011
000000000000000000000000000000000000000000000000000000000000000000000000000000000000000010000000000000000000000000000000000000000000000000000000000000000000000000000000000000000000000000000000000000000000000000000000100000000100000000000000010000000000000000000000000000000000000000000000000000000010
000000000000000000000000000000000000000000000000000000000001111011001100001111100111111101111100101010111011111001001111111010110001010010000000001101110101111000011110111010011001100000010100111111001111001111111110011101100011001110111001111011111111111110000110011000000111000011001011101111001011
000000000000000000000000000000000000000000000000000000000000000000000000000000001000000000000000000100000100000000000000000000000000000000000000000000000010000000000000000000000000000000000000000000000000000000000000000000000000000000000000000000000000000000000000000000000000000000000000000000000000
000000000000000000000000000000000000000000000000000000000000011010000000000101100001001101100100000010000001011000000111000000010001000000000000001000100001100000001100000010000000000000010100100111000010000000100010011100000001000110101001100010000001000000000010000000000011000000001010101001000010
000000000000000000000000000000000000000000000000000000000000011011001100001111100110111101111100001010101001111000001111111010110001010010000000001001110101111000011110111010001001100000010100111111001011001111111010001101100001001110111001101011111111111110000010011000000111000011001011101111001011
000000000000000000000000000000000000000000000000000000000000001011001100001101100111111101111100101010101001111001001111110000110001010010000000001001110101111000011110111010011001100000010100111111001111001111111010011101100011001110111001111011111111111110000110011000000111000011001011101011000011
000000000000000000000000000000000000000000000000000000000000000011001100001111100111101101101100001010101001011001001111110000110001010010000000001001110101111000011110111010011001000000010100110111000011001111111010011101100001000110111001111011111101110110000110011000000011000011001011101011001011
000000000000000000000000000000000000000000000000000000000000000000100001000000010000000000000000010000000010000000000000000000001100000100010100000000000000000000000000000000100000000000101000000000000000010000000001000000010000000000000000000000000000000000001000000001000000000000000000000000000000
000000000000000000000000000000000000000000000000000000000000000001001100001111100111111111111100101010101001111001001111111000110001010010000000001001110101111000011110111010011001100000010100111111001111001111111110011101100011001110111001111011111111111110000110011000000111000011001011101111001011
000000000000000000000000000000000000000000000000000000000000000000001100001111100110111101111100101010111001111001001111110000110001010010000000001001110101111000011110111010011001100000010100111111000111001111111110011101100011001110111001101011111111111110000110011000000111000011001011101111001010
000000000000000000000000000000000000000000000000000000000000000000000001000000010000000000000101010000000010000100010000000000001100000100010100000000000000100000100000000001101100000000101000000000000000010000000001000000011000000100000100000000000000000001001001000011000000000100100000000000100000
000000000000000000000000000000000000000000000000000000000000000000000000010000001000000000000010000100000110000000100000000100000010101001000010000000000010000101000001000000000000000101000011000000000000100000000000000010000000010000000010000000000000000000110000000000111000000000000000010000000100
000000000000000000000000000000000000000000000000000000000000000000000100001111100110111101111100001010101001111000001101111010110000010010000000001101110101111000011110111010011001100000010100001111001010001111111110001101100000001110111001101011111101111110000110011000000011000011001011101010000001
000000000000000000000000000000000000000000000000000000000000000000000000001111100110111101111100101010111001111001001101111000110000010010000000001101110101111000011110111010011001100000010100011111001111001111111110001101100011001110111001111011111111111110000110011000000111000011001011101110000011
000000000000000000000000000000000000000000000000000000000000000000000000010000000000000000000000000100000000000000000000000000000010000001000000000000000000000000000000000000000000000000000000000000000000100000000000000000000000010000000000000000000000000000000000000000001000000000000000000000000000
000000000000000000000000000000000000000000000000000000000000000000000000000000010000000000000001010000000010000100010000000000001100000100010100000000000000000000100000000001000100000000101000000000000000010000000000000000010000100000000100000000000000000001001000000011000000010100000000000000100000
000000000000000000000000000000000000000000000000000000000000000000000000000000000000000000000001000000000000000000000000000000001000000100010100000000000000000000000000000000000000000000000000000000000000000000000000000000000000100000000000000000000000000000000000000000000000000000000000000000000000
000000000000000000000000000000000000000000000000000000000000000000000000000000001000000000000010000100000100000000000000000000000010101001000000000000000010000001000001000000000000001101000010000000000000100000000000000010000000010001000010000000000000000000110000000000100000000000000000010000000100
000000000000000000000000000000000000000000000000000000000000000000000000000111100110111101111100101010101001111001001111111010110001010010000000001101110101111000011110111010011001100000010100111111001111001111111110011101100011001110111001111011111111111110000110011000000111000011001011101111000001
000000000000000000000000000000000000000000000000000000000000000000000000000001100101101101101100001010111001111000001111110000110001010010000000001001110101111000011110111010001001100000010100010111001111001111111010011101100011001110111001111011111111110110000110001000000111000011001011101111001011
000000000000000000000000000000000000000000000000000000000000000000000000000001100110101101111100000010101001101001001101100010110001000010000000000001100101111000001110111010010001100000000100011011000011001111011010001100100000001110111001001011111101111000000000011000000011000010001011101010000000
000000000000000000000000000000000000000000000000000000000000000000000000000000100110111101111100101010111001111001001111111010110001010010000000001101110101111000011110111010011001100000010100111111001111001111111110001101100011001110111001111011111111111110000110011000000111000011001011101111001011
000000000000000000000000000000000000000000000000000000000000000000000000000000000111111101111100101010111001111001001111111000110001010010000000001101110001111000011110111010011001100000010100111111001111001111111110011101100011001110111001111011111111111110000110011000000111000011001011101111001011
000000000000000000000000000000000000000000000000000000000000000000000000000000000000000000000001010000000010000100010000000000001110000100010100000000001000000000100000000001100100000000101000000000100000110000000001000000011000000000000100000000000000000001001000000011000000000100100000000000100000
000000000000000000000000000000000000000000000000000000000000000000000000000000000000000000000010000100000100000000000000000000000010101001000000000000000010000000000000000000000000000001000000000000000000100000000000000010000000010000000000000000000000000000110000000000100000000000000000010000000100
000000000000000000000000000000000000000000000000000000000000000000000000000000000011111101111100101010101001111001001101111000110000010010000000001001110101111000011110111010001001100000010100111111001111001111111010001100100011001110111000111011111111111110000110011000000111000011001011101111001010
000000000000000000000000000000000000000000000000000000000000000000000000000000000000111101111100001010111001110001000111110000110001000010000000001001100101111000001110111010011001100000010100111111000111001111111110001101100001001110111001011011111101111110000110011000000111000011001011101111000011
000000000000000000000000000000000000000000000000000000000000000000000000000000000000101101101100100010001001011000001111000000010001000000000000001001110001100000011110001010001000000000010100110111000010000000110010011100000001000110101000110011000101101000000110011000000011000001001000001001000010
000000000000000000000000000000000000000000000000000000000000000000000000000000000000011101101100001010111001111001001111111000110001010010000000001001110101111000011110111010011001000000010100111111000111001111111110011101100011001110111001111011111111111110000110011000000111000011001011101111001011
000000000000000000000000000000000000000000000000000000000000000000000000000000000000001101111100101010101001101001001101110000110000010010000000001001100001111000011110111010011001100000010100110111000111001111111110001100100010001110111001011011111111111110000110011000000011000011001011101011000010
000000000000000000000000000000000000000000000000000000000000000000000000000000000000000101111100101010111001111001001111111000110001010010000000001101110101111000011110111010011001100000010100111111001111001111111110111101100011001110111001111011111111111110000110011000000111000011001011101111000011
000000000000000000000000000000000000000000000000000000000000000000000000000000000000000011111100101010111001111001001111111000110001010010000000001101110101111000011110111010011001100000010100111111001111001111111110111101100011001110111001111011111111111110000110011000000111000011001011101111000011
000000000000000000000000000000000000000000000000000000000000000000000000000000000000000000001000100000000001010000001100000000000000000000000000000000000000000000000010000000000000000000000000000010000000000000000000100000000100000000000000110000000100001000000000000000000000000000001000001101000010
000000000000000000000000000000000000000000000000000000000000000000000000000000000000000000111100101010101001111001001111110000110001010010000000001101110101111000011110111010011001100000010100111111000111001111111110011101100011001110111001101011111111111110000110011000000111000011001011101111000011
000000000000000000000000000000000000000000000000000000000000000000000000000000000000000000011100101010101001111001001111111010110001010010000000001101110101111000011110111010011001100000010100111111001111001111111110011101100011001110111001111011111111111110000110011000000111000011001011101111001011
000000000000000000000000000000000000000000000000000000000000000000000000000000000000000000001100001010101001101000001101111000110000010010000000001001100101111000011110111010011001100000010100001011001011001111011110001100100010001110111000011011111111111010000010011000000011000010001011101011000000
000000000000000000000000000000000000000000000000000000000000000000000000000000000000000000000100101010111001111001001111111010110001010010000000001001110101111000011110111010011001100000010100111111001111001111111110111101100011001110111001111011111111111110000110011000000111000011001011101111001011
000000000000000000000000000000000000000000000000000000000000000000000000000000000000000000000000101010101001111000001111111000110011010010000000001101110101111000011110111010011001100000011100111111001111001111111010111101100011001110111001111011111111111110000110011000000111000011001011101111000011
000000000000000000000000000000000000000000000000000000000000000000000000000000000000000000000000000100000100000000100000000000000010101001000010000000000010000101000001000000000000000101000010000000000000100000000000000010000000010000000010000000000000000000110000000000111000000000000000010000000100
000000000000000000000000000000000000000000000000000000000000000000000000000000000000000000000000010000000010000100010000000000001100000100010100000000000000000000100000000001100100000000101000000000000000010000000000000000010000000000000100000000000000000000001001000011000000010100000000000000100000
000000000000000000000000000000000000000000000000000000000000000000000000000000000000000000000000000010101001011000001101100000000000010000000000001001100001111000001110101010000001000000000000100011000010000100011010101100100100001110111000111011001101101100000110011000000011000010001011101111000010
000000000000000000000000000000000000000000000000000000000000000000000000000000000000000000000000000000000010000100010000000000001100000100010100000000001000000000100000000001100100000000101000000000100000010000000001000000010000000000000100000000000000000001001001000011000000010100100000000000100000
000000000000000000000000000000000000000000000000000000000000000000000000000000000000000000000000000010101001111000001111111000110001010010000000001001110101111000011110111010011001100000010100111111001111001111111010011101100011001110111001111011111111111110000110011000000111000011001011101111000011
000000000000000000000000000000000000000000000000000000000000000000000000000000000000000000000000000000000100000000000000000000000010101001000000000000000010000000000000000000000000000100000000000000000000100000000000000010000000000000000000000000000000000000100000000000100000000000000000010000000100
000000000000000000000000000000000000000000000000000000000000000000000000000000000000000000000000000000111001111001001111111000110001010010000000001101110101111000011110111010011001100000010100111111001111001111111110011101100011001110111001111011111111111110000110011000000111000011001011101111001011
000000000000000000000000000000000000000000000000000000000000000000000000000000000000000000000000000000000000000000000000000000000000000000000000110000000000000000000000000000000000010000000000000000010000000000000000000000000000000000000000000000000000000000000000000100000000000000000000000000000000
000000000000000000000000000000000000000000000000000000000000000000000000000000000000000000000000000000001001111000001111111000110001010010000000001001110001111000011110111010001001100000010100111011001111001111011010001100100011001110111001111011111111111110000110011000000011000010001011101011000000
000000000000000000000000000000000000000000000000000000000000000000000000000000000000000000000000000000000001010000000001110000010000000000000000001000000000011000011110100000000001000000000100000001000010001110010110000100000001001010000000000010011100100000000000001000000010000000001010100010000010
000000000000000000000000000000000000000000000000000000000000000000000000000000000000000000000000000000000001111001001111111000110001010010000000001001110101111000011110111010011001100000010100011111001111001111111010011101100011001110111001111011111111111110000110011000000111000011001011101111000011
000000000000000000000000000000000000000000000000000000000000000000000000000000000000000000000000000000000000000000100000000100000010101000000000000000000010000000000000000000000000000001000010000000000000100000000000000010000000010001000000000000000000000000110000000000110000000000000000010000000100
000000000000000000000000000000000000000000000000000000000000000000000000000000000000000000000000000000000000000100010000000000001100000100010100000000000000000000100000000001100100000000101000000000000000010000000001000000010000000000000100000000000000100001001001000011000000010100100000000000100000
000000000000000000000000000000000000000000000000000000000000000000000000000000000000000000000000000000000000111001001111111000110001010010000000001101110101111000011110111010011001110000010100111111001111001111111110111101100011001110111001111011111111111110000110011000000111000011001011101111001011
000000000000000000000000000000000000000000000000000000000000000000000000000000000000000000000000000000000000001000001111111000110000010010000000001001100101111000011110111010011001100000010100011011001111001111011110001100100010001110111001011011111111111110000110011000000011000010001011101111000000
000000000000000000000000000000000000000000000000000000000000000000000000000000000000000000000000000000000000001001001111110000110001010010000000001001110001111000011110111010011001000000010100110111001111001111111110111101100111001110111001111011111111111110000110011000000111000011001010101111001011
000000000000000000000000000000000000000000000000000000000000000000000000000000000000000000000000000000000000000001001111110000110001010010000000001101110101111000011110111010011001100000010100111111001111001111111110011101100011001110111001111011111111111110000110011000000111000011001011101111000011
000000000000000000000000000000000000000000000000000000000000000000000000000000000000000000000000000000000000000000010000000000001100000100011100000010000000000010100000000001100100000010101000000000000000010000000000000000010000000000000100000000000000000000001001000011000000010100100000000000100000
000000000000000000000000000000000000000000000000000000000000000000000000000000000000000000000000000000000000000000000000000000000010000000000000000000000000000000000000000000000010000000000000000000000000000000000000000000000000000000000000000000000000000000000000100000010000000000000000000000010000
000000000000000000000000000000000000000000000000000000000000000000000000000000000000000000000000000000000000000000001101000000100000000000000000000001100101111000001110101010000001000000000100010101000111000110111010011100000001000110111000111011000101101000000100011000000001000001001010101111000000
000000000000000000000000000000000000000000000000000000000000000000000000000000000000000000000000000000000000000000000000000000000010001000000000000000000000000000000000000000000000000000000000000000000000100000000000000000000000010000000000000000000000000000000000000000000000000000000000000000000000
000000000000000000000000000000000000000000000000000000000000000000000000000000000000000000000000000000000000000000000000000000001100000100011101000010000000000000100000000001100100000000101000000000000000010000000000000000010000000000000100000000000000000000001001000011000000010100100000000000100000
000000000000000000000000000000000000000000000000000000000000000000000000000000000000000000000000000000000000000000000111110000110001010010000000001001110001111000011110111010001001100000010100111111001111001111110010101101000011001110111001111011111111111110000110011000000011000001001011101111000010
000000000000000000000000000000000000000000000000000000000000000000000000000000000000000000000000000000000000000000000011111000110001010010000000001101110101111000011110111010011001100000010100111111001111001111111010011101100011001110111001111011111111111110000110011000000011000011001011101111001011
000000000000000000000000000000000000000000000000000000000000000000000000000000000000000000000000000000000000000000000001010000100000010000000000001001110001111000011110001010001001000000010100110111000010001000111010011101100011001110111001011011011111110100000110011000000111000011001000101111001010
000000000000000000000000000000000000000000000000000000000000000000000000000000000000000000000000000000000000000000000000111010110001010010000000001101110101111000011110111010011001100000010100111111001111001111111110011101100011001110111001111011111111111110000110011000000111000011001011101111001011
000000000000000000000000000000000000000000000000000000000000000000000000000000000000000000000000000000000000000000000000011000110001010010000000001101110101111000011110111010011001100000010100011111001111001111011110001101100000001110111001101011111101111110000110011000000011000011001011101010000001
000000000000000000000000000000000000000000000000000000000000000000000000000000000000000000000000000000000000000000000000000000110001010010000000001001110101111000011110111010011001100000010100010111001111001111111110001101100001001110111001101011111111111110000110011000000111000011001011101011000001
000000000000000000000000000000000000000000000000000000000000000000000000000000000000000000000000000000000000000000000000000000010000010010000000001001100001111000011110111010000001100000000100001001000010001100111010001100000001001110111000000011111101101010000000011000000011000000001011101011000000
000000000000000000000000000000000000000000000000000000000000000000000000000000000000000000000000000000000000000000000000000000000000100000000000000000000000000000000000000000000000001100000000000000000000100000000000000000000000010001000000000000000000000000000000000000000000000000000000010000000000
000000000000000000000000000000000000000000000000000000000000000000000000000000000000000000000000000000000000000000000000000000010000000010000000000000000100000000000110100000000000000000000000000001000000000000010000000000000000001010001000001010011100100000000000000000000010000000001010100000000000
000000000000000000000000000000000000000000000000000000000000000000000000000000000000000000000000000000000000000000000000000000000000000000000010000000000000000001000001000000000000000000000011000000000000000000000000000000000000000000000010000000000000000000000000000000000000101000000000000000000000
000000000000000000000000000000000000000000000000000000000000000000000000000000000000000000000000000000000000000000000000000000010000010010000000001001110101111000011110111010011001100000010100111011001111001111111110001100100010001110111001111011111111111110000110011000000011000011001011101011001000
000000000000000000000000000000000000000000000000000000000000000000000000000000000000000000000000000000000000000000000000000000000000010010000000001101100101111000011110111010001001000000010100111111001011001111111110111101100001001110111001101011111111111110000110011000000111000011001011101111000011
000000000000000000000000000000000000000000000000000000000000000000000000000000000000000000000000000000000000000000000000000000000100000100010100000000000000000000100000000001000100000000101000000000000000010000000001000000011000100000000100000000000000000001001001000011000000010100100000000000100000
000000000000000000000000000000000000000000000000000000000000000000000000000000000000000000000000000000000000000000000000000000000010000100010100000000001000000000100000000001100100000000101000000000100000110000000001000000010000100000000100000000000000000001001001000011000000010100100000000000100000
000000000000000000000000000000000000000000000000000000000000000000000000000000000000000000000000000000000000000000000000000000000000101001000010000000000010000101000001000000000000000101000011000000000000100000000000000010000000010000000010000000000000000000111000100000110000001000000000010000000100
000000000000000000000000000000000000000000000000000000000000000000000000000000000000000000000000000000000000000000000000000000000000010000000000001000110001111000001110101010001001000000010100100111000110000001111000011101000000001110111001111011101101100110000100001000000111000001001011101011000001
000000000000000000000000000000000000000000000000000000000000000000000000000000000000000000000000000000000000000000000000000000000000001001000000000000000010000000000000000000000000000101000000000000000000100000000000000010000000010001000000000000000000000000110000000000110000000000000000010000000100
000000000000000000000000000000000000000000000000000000000000000000000000000000000000000000000000000000000000000000000000000000000000000010000000001001110001111000011110111010001001100000010100111111001111001011111010011101000011001110111001111011111111111110000110011000000011000011001011101111000010
000000000000000000000000000000000000000000000000000000000000000000000000000000000000000000000000000000000000000000000000000000000000000001000000000000000010000000000000000100000000000101000010000000000000100000000000000010000000010001000000000000000000000000110000000000110000000000000000010000000100
000000000000000000000000000000000000000000000000000000000000000000000000000000000000000000000000000000000000000000000000000000000000000000010100000000000000000010100000000001000100000000101000000000000000010000000001000000011000100000000100000000000000000001001001000011000000010100100000000000100000
000000000000000000000000000000000000000000000000000000000000000000000000000000000000000000000000000000000000000000000000000000000000000000000000001101110101111000011110111010011001100000010100001111001010001111111110001101100000001110111001101011111101111110000110011000000011000011001011101010000001
000000000000000000000000000000000000000000000000000000000000000000000000000000000000000000000000000000000000000000000000000000000000000000000010000000000010000001000000000000000000000001000011000000000000100000000000000010000000010000000010000000000000000000110000100000111000000000000000000000000100
000000000000000000000000000000000000000000000000000000000000000000000000000000000000000000000000000000000000000000000000000000000000000000000000000000000000000000000000000000000000000010000000000000000000000000000000000000001000000000000000000000000000000000000000000000000000000000000000000000000000
000000000000000000000000000000000000000000000000000000000000000000000000000000000000000000000000000000000000000000000000000000000000000000001100000010000000000010100000000001100100000000101000000000000000010000000001000000011000100000000100000000000000000000001001000011000000010100100000000000100000
000000000000000000000000000000000000000000000000000000000000000000000000000000000000000000000000000000000000000000000000000000000000000000000001000010000000000000100000000001100000000000000000000000000000000000000000000000000000000000000100000000000000000000000000000000000000010100000000000000100000
000000000000000000000000000000000000000000000000000000000000000000000000000000000000000000000000000000000000000000000000000000000000000000000000000000000000000000100000000001000100000000101000000000000000010000000001000000011000000000000100000000000000000001001001000011000000010100100000000000100000
000000000000000000000000000000000000000000000000000000000000000000000000000000000000000000000000000000000000000000000000000000000000000000000000000000000000000101000001000000000000000001000011000000000000100000000000000000000000000000000010000000000000000000000000100000010000101000000000000000000000
000000000000000000000000000000000000000000000000000000000000000000000000000000000000000000000000000000000000000000000000000000000000000000000000000010000000000000100000000001100000000000000000000000000000000000000000000000000000000000000100000000000000000000000000000000000000010100000000000000000000
000000000000000000000000000000000000000000000000000000000000000000000000000000000000000000000000000000000000000000000000000000000000000000000000010000000000000000000000000000000000010000000000000000010000000000000000000000000000000000000000000000000000000000000000000100000000000000000000000000000000
000000000000000000000000000000000000000000000000000000000000000000000000000000000000000000000000000000000000000000000000000000000000000000000000000000000000100000000000000000000000010000000000000000010000000000000000000000000000000000000000000000000000000000000000000100000000000000000000000000000000
000000000000000000000000000000000000000000000000000000000000000000000000000000000000000000000000000000000000000000000000000000000000000000000000000001100101111000011110111010011001100000010100111111001111001111111110011101100011001110111001111011111111111110000110011000000111000011001011101111001010
000000000000000000000000000000000000000000000000000000000000000000000000000000000000000000000000000000000000000000000000000000000000000000000000000000100001101000000100100010000001000000000000000001000010000011010000001100000001001110100000000011011001100000000000010000000011000000001010101010000000
000000000000000000000000000000000000000000000000000000000000000000000000000000000000000000000000000000000000000000000000000000000000000000000000000000000000000000100000000001100100000000000000000000000000000000000000000000000000000000000100000000000000000000000001000010000000010100100000000000100000
000000000000000000000000000000000000000000000000000000000000000000000000000000000000000000000000000000000000000000000000000000000000000000000000000000110001111000011110101010011001100000010100111011001111001111111010001100100011001110111001011011111111111110000010011000000011000010001011101011000000
000000000000000000000000000000000000000000000000000000000000000000000000000000000000000000000000000000000000000000000000000000000000000000000000000000010101111000011110111010011001100000010100111111001111001111111110011101100011001110111001111111111111111110000110011000000111000011001011101111000011
000000000000000000000000000000000000000000000000000000000000000000000000000000000000000000000000000000000000000000000000000000000000000000000000000000000001111000011110111010011001100000010100110111001110001111111000011101000001001110111001111011111111110110000110011000000011000001001011101001001011
000000000000000000000000000000000000000000000000000000000000000000000000000000000000000000000000000000000000000000000000000000000000000000000000000000000000000000000000000000000000000000000000000000100000010000000000000000010000000000000000000000000000000001001000000001000000000000000000000000000000
000000000000000000000000000000000000000000000000000000000000000000000000000000000000000000000000000000000000000000000000000000000000000000000000000000000001111000011110111010011001000000000100010111000010001111111110001101100001001110111001101011111101110010000000001000000110000011001010101011000000
000000000000000000000000000000000000000000000000000000000000000000000000000000000000000000000000000000000000000000000000000000000000000000000000000000000000000001000001000000000000000100000011000000000000100000000000000010000000010001000010000000000000000000110000000000100000001000000000010000000100
000000000000000000000000000000000000000000000000000000000000000000000000000000000000000000000000000000000000000000000000000000000000000000000000000000000000111000011110111010011001100000010100111111001111001111111110011101100011001110111001111111111111111110000110011000000011000011001011101111000011
000000000000000000000000000000000000000000000000000000000000000000000000000000000000000000000000000000000000000000000000000000000000000000000000000000000000011000011110111010011001100000010100111111011111001111111110011101100011001110111001111011111111111110000110011000000111000011001011101111001011
000000000000000000000000000000000000000000000000000000000000000000000000000000000000000000000000000000000000000000000000000000000000000000000000000000000000001000011110111010011001100000010100111011001111001111111110111100100011001110111001111011111111111110000110011000000111000011001011101111000010
000000000000000000000000000000000000000000000000000000000000000000000000000000000000000000000000000000000000000000000000000000000000000000000000000000000000000000011110111010011001100000010100111111001111001111111110011101100011001110111001111011111111111110000110011000000011000011001011101111000011
000000000000000000000000000000000000000000000000000000000000000000000000000000000000000000000000000000000000000000000000000000000000000000000000000000000000000001000001000000000000000000000011000000000000100000000000000000000000000000000010000000000000000000000000000000010000001000000000000000000000
000000000000000000000000000000000000000000000000000000000000000000000000000000000000000000000000000000000000000000000000000000000000000000000000000000000000000000000000000000000100000000100000000000000000010000000000000000000000000000000000000000000000000000000001000010000000010100100000000000100000
000000000000000000000000000000000000000000000000000000000000000000000000000000000000000000000000000000000000000000000000000000000000000000000000000000000000000000000001000000000000000000000011000000000000100000000000000000000000000000000010000000000000000000000000000000000000101000000000000000000000
000000000000000000000000000000000000000000000000000000000000000000000000000000000000000000000000000000000000000000000000000000000000000000000000000000000000000000000000000001100100000000101000000000000000010000000000000000010000000000000100000000000000000000001001000011000000010100100000000000100000
000000000000000000000000000000000000000000000000000000000000000000000000000000000000000000000000000000000000000000000000000000000000000000000000000000000000000000001110111010011001100000010100111111001111001111111110011101100011001110111001111011111111111110000110011000000111000011001011101111001010
000000000000000000000000000000000000000000000000000000000000000000000000000000000000000000000000000000000000000000000000000000000000000000000000000000000000000000000110101010001001100000010100111111001111001111111110011100100011001110111001111011111111111110000110011000000111000011001011101111001010
000000000000000000000000000000000000000000000000000000000000000000000000000000000000000000000000000000000000000000000000000000000000000000000000000000000000000000000010111010011001100000010100111111001111001111111110011101100011001110111001111011111111111110000110011000000111000011001011101111001011
000000000000000000000000000000000000000000000000000000000000000000000000000000000000000000000000000000000000000000000000000000000000000000000000000000000000000000000000111010011001100000010100111111001111001111111110111101100011001110111001111011111111111110000110011000000111000011001011101111001011
000000000000000000000000000000000000000000000000000000000000000000000000000000000000000000000000000000000000000000000000000000000000000000000000000000000000000000000000000000000000000000000011000000000000100000000000000000000000000000000010000000000000000000000000000000010000101000000000000000000000
000000000000000000000000000000000000000000000000000000000000000000000000000000000000000000000000000000000000000000000000000000000000000000000000000000000000000000000000011010011001100000010100111111001111001111111110001101100001001110111001101011111111111110000110011000000111000011001011101111001001
000000000000000000000000000000000000000000000000000000000000000000000000000000000000000000000000000000000000000000000000000000000000000000000000000000000000000000000000001010001001100000010100111111000010001111111010111101100001001110111001101011111101111010000110011000000111000011001011101011000011
000000000000000000000000000000000000000000000000000000000000000000000000000000000000000000000000000000000000000000000000000000000000000000000000000000000000000000000000000010011001100000010100111111001111001111111010111101100011001110111001111011111111111110000110011000000111000011001011101111000011
000000000000000000000000000000000000000000000000000000000000000000000000000000000000000000000000000000000000000000000000000000000000000000000000000000000000000000000000000000000000000000000000000000000000100000000000000000000000000000000000000000000000000000000000000000000000000000000000000000000000
000000000000000000000000000000000000000000000000000000000000000000000000000000000000000000000000000000000000000000000000000000000000000000000000000000000000000000000000000000011001100000010100111111001111001111111010011101100011001110111001111011111111111110000110011000000011000011001011101111000011
000000000000000000000000000000000000000000000000000000000000000000000000000000000000000000000000000000000000000000000000000000000000000000000000000000000000000000000000000000100100000000101000000000000000010000000000000000010000000000000100000000000000000000001001000011000000010100100000000000100000
000000000000000000000000000000000000000000000000000000000000000000000000000000000000000000000000000000000000000000000000000000000000000000000000000000000000000000000000000000000100000000101000000000000000010000000000000000010000000000000100000000000000000000001000000011000000010100100000000000100000
000000000000000000000000000000000000000000000000000000000000000000000000000000000000000000000000000000000000000000000000000000000000000000000000000000000000000000000000000000001001000000010100110111000011001011111110001101100001001110111001001010101101110010000110001000000011000011001010101011000001
000000000000000000000000000000000000000000000000000000000000000000000000000000000000000000000000000000000000000000000000000000000000000000000000000000000000000000000000000000000001100000010100111111001011001111111010111100100011001110111001111011111111111110000110011000000011000011001011101111000010
000000000000000000000000000000000000000000000000000000000000000000000000000000000000000000000000000000000000000000000000000000000000000000000000000000000000000000000000000000000000000000101000000000000000010000000000000000010000000000000100000000000000000000001001000011000000010100100000000000100000
000000000000000000000000000000000000000000000000000000000000000000000000000000000000000000000000000000000000000000000000000000000000000000000000000000000000000000000000000000000000000000000000000000000000000000000000000000000000000000000000000000000000000000000000000000010000000000000000000000010000
000000000000000000000000000000000000000000000000000000000000000000000000000000000000000000000000000000000000000000000000000000000000000000000000000000000000000000000000000000000000100000010100111111001111001111111110011101100011001110111001111011111111111110000110011000000111000011001011101111001011
000000000000000000000000000000000000000000000000000000000000000000000000000000000000000000000000000000000000000000000000000000000000000000000000000000000000000000000000000000000000000000010100011011001111001111011010001100100010001110111000001011111111111110000110011000000011000010001011101011000000
000000000000000000000000000000000000000000000000000000000000000000000000000000000000000000000000000000000000000000000000000000000000000000000000000000000000000000000000000000000000000000000000000000010000000000000000000000000000000000000000000000000000000000000000000100000000000000000000000000000000
000000000000000000000000000000000000000000000000000000000000000000000000000000000000000000000000000000000000000000000000000000000000000000000000000000000000000000000000000000000000000000000000000000000000000000000000000000000000000001000000000000000000000000000000000000000000000000000000000000000000
000000000000000000000000000000000000000000000000000000000000000000000000000000000000000000000000000000000000000000000000000000000000000000000000000000000000000000000000000000000000000000000000000000000000100000000000000000000000000001000000000000000000000000100000000000000000000000000000010000000000
000000000000000000000000000000000000000000000000000000000000000000000000000000000000000000000000000000000000000000000000000000000000000000000000000000000000000000000000000000000000000000000000000000000000000000000000000000001000000000000000000000000000000000000000000000000000000100000000000000000000
000000000000000000000000000000000000000000000000000000000000000000000000000000000000000000000000000000000000000000000000000000000000000000000000000000000000000000000000000000000000000000000011000000000000100000000000000010000000000000000000000000000000000000100000000000100000000000000000010000000000
000000000000000000000000000000000000000000000000000000000000000000000000000000000000000000000000000000000000000000000000000000000000000000000000000000000000000000000000000000000000000000001000000000000000110000000001000000010000000000000100000000000000000000001001000011000000010100100000000000100000
000000000000000000000000000000000000000000000000000000000000000000000000000000000000000000000000000000000000000000000000000000000000000000000000000000000000000000000000000000000000000000000100011111001011001111111010011101100001001110111001111011111101111110000110011000000111000011001011101011000011
000000000000000000000000000000000000000000000000000000000000000000000000000000000000000000000000000000000000000000000000000000000000000000000000000000000000000000000000000000000000000000000000000000000000010000000000000000011000000000000100000000000000000001001001000001000000010100100000000000100000
000000000000000000000000000000000000000000000000000000000000000000000000000000000000000000000000000000000000000000000000000000000000000000000000000000000000000000000000000000000000000000000000111111001111001111111110011101100011001110111001111011111111111110000110011000000111000011001011101011000011
000000000000000000000000000000000000000000000000000000000000000000000000000000000000000000000000000000000000000000000000000000000000000000000000000000000000000000000000000000000000000000000001000000000000100000000000000000000000010000000010000000000000000000010000100000010000101000000000000000000000
000000000000000000000000000000000000000000000000000000000000000000000000000000000000000000000000000000000000000000000000000000000000000000000000000000000000000000000000000000000000000000000000000000000000000000000000000000000000000000000010000000000000000000010000100000010000101000000000000000000000
000000000000000000000000000000000000000000000000000000000000000000000000000000000000000000000000000000000000000000000000000000000000000000000000000000000000000000000000000000000000000000000000000111001110001011111010011100100001001110111001110010101101111110000100011000000101000011001010101111001010
000000000000000000000000000000000000000000000000000000000000000000000000000000000000000000000000000000000000000000000000000000000000000000000000000000000000000000000000000000000000000000000000001111000111001111111010001100100011001110110001111011111111111110000110011000000011000011001011101011001000
000000000000000000000000000000000000000000000000000000000000000000000000000000000000000000000000000000000000000000000000000000000000000000000000000000000000000000000000000000000000000000000000000011001111001111011010001100100011001110111000011011111111111010000110011000000011000000001011101011000000
000000000000000000000000000000000000000000000000000000000000000000000000000000000000000000000000000000000000000000000000000000000000000000000000000000000000000000000000000000000000000000000000000011000111001101111010011101100011001110111001111011111111111110000110011000000011000011001010101111000011
000000000000000000000000000000000000000000000000000000000000000000000000000000000000000000000000000000000000000000000000000000000000000000000000000000000000000000000000000000000000000000000000000001001011001111111110011101100001001110111001111011111101111110000110011000000111000011001011101111000011
000000000000000000000000000000000000000000000000000000000000000000000000000000000000000000000000000000000000000000000000000000000000000000000000000000000000000000000000000000000000000000000000000000001111001111111110011101100011001110111001111011111111111110000110011000000111000011001011101111000011
000000000000000000000000000000000000000000000000000000000000000000000000000000000000000000000000000000000000000000000000000000000000000000000000000000000000000000000000000000000000000000000000000000000000010000000000000000010000000000000000000000000000000001001000000001000000000000000000000000000000
000000000000000000000000000000000000000000000000000000000000000000000000000000000000000000000000000000000000000000000000000000000000000000000000000000000000000000000000000000000000000000000000000000000000000000000000000000000000000000000000000000000000000000000000000100000000000000000000000000000000
000000000000000000000000000000000000000000000000000000000000000000000000000000000000000000000000000000000000000000000000000000000000000000000000000000000000000000000000000000000000000000000000000000000010001011011010001100000011001110110001001011111111101010000000011000000011000000001011101111000010
000000000000000000000000000000000000000000000000000000000000000000000000000000000000000000000000000000000000000000000000000000000000000000000000000000000000000000000000000000000000000000000000000000000011001110110110001101000010001110110001111011101111111110000100011000000011000001001011101111000011
000000000000000000000000000000000000000000000000000000000000000000000000000000000000000000000000000000000000000000000000000000000000000000000000000000000000000000000000000000000000000000000000000000000001001111111110011101100011001110111001111011111111111110000110011000000111000011001011101111001011
000000000000000000000000000000000000000000000000000000000000000000000000000000000000000000000000000000000000000000000000000000000000000000000000000000000000000000000000000000000000000000000000000000000000001111111010001100100011001110110001101011101111111110000000011000000011000011001011101011001000
000000000000000000000000000000000000000000000000000000000000000000000000000000000000000000000000000000000000000000000000000000000000000000000000000000000000000000000000000000000000000000000000000000000000000000000000000010000000010001000010000000000000000000110000000000110000000000000000010000000100
000000000000000000000000000000000000000000000000000000000000000000000000000000000000000000000000000000000000000000000000000000000000000000000000000000000000000000000000000000000000000000000000000000000000000000000001000000010000100000000100000000000000000001001001000011000000010100100000000000100000
000000000000000000000000000000000000000000000000000000000000000000000000000000000000000000000000000000000000000000000000000000000000000000000000000000000000000000000000000000000000000000000000000000000000000110111110001101100011001110111001111011111111111110000110011000000111000011001011101111001010
000000000000000000000000000000000000000000000000000000000000000000000000000000000000000000000000000000000000000000000000000000000000000000000000000000000000000000000000000000000000000000000000000000000000000011111110001101100011001110111000111011111111111110000110011000000111000011001011101011001000
000000000000000000000000000000000000000000000000000000000000000000000000000000000000000000000000000000000000000000000000000000000000000000000000000000000000000000000000000000000000000000000000000000000000000001111110001101100011001110111001101011111111111110000110011000000111000011001011101011000001
000000000000000000000000000000000000000000000000000000000000000000000000000000000000000000000000000000000000000000000000000000000000000000000000000000000000000000000000000000000000000000000000000000000000000000111010001101100011001110111001101011111101111110000110011000000011000011001011101011001001
000000000000000000000000000000000000000000000000000000000000000000000000000000000000000000000000000000000000000000000000000000000000000000000000000000000000000000000000000000000000000000000000000000000000000000011010011101100011001110111001101011111111101110000110011000000011000011001010101111000011
000000000000000000000000000000000000000000000000000000000000000000000000000000000000000000000000000000000000000000000000000000000000000000000000000000000000000000000000000000000000000000000000000000000000000000001110111101100011001110111001111011111111111110000110011000000111000011001011101111001011
000000000000000000000000000000000000000000000000000000000000000000000000000000000000000000000000000000000000000000000000000000000000000000000000000000000000000000000000000000000000000000000000000000000000000000000010011101100001001110111001111011111101111110000110011000000111000011001011101111000001
000000000000000000000000000000000000000000000000000000000000000000000000000000000000000000000000000000000000000000000000000000000000000000000000000000000000000000000000000000000000000000000000000000000000000000000010001100000001001110100000000010111100110000000000001000000111000000001010101011000010
000000000000000000000000000000000000000000000000000000000000000000000000000000000000000000000000000000000000000000000000000000000000000000000000000000000000000000000000000000000000000000000000000000000000000000000000011101100011001110111001111011111111111110000110011000000111000011001011101111001011
000000000000000000000000000000000000000000000000000000000000000000000000000000000000000000000000000000000000000000000000000000000000000000000000000000000000000000000000000000000000000000000000000000000000000000000000000000010000000000000000000000000000000000001000000001000000000000000000000000000000
000000000000000000000000000000000000000000000000000000000000000000000000000000000000000000000000000000000000000000000000000000000000000000000000000000000000000000000000000000000000000000000000000000000000000000000000001000000100000000000000110000000100000000000000010000000000000000000000101100000010
000000000000000000000000000000000000000000000000000000000000000000000000000000000000000000000000000000000000000000000000000000000000000000000000000000000000000000000000000000000000000000000000000000000000000000000000001101000001000110111001101011100101110010000110000000000011000001001000101101000010
000000000000000000000000000000000000000000000000000000000000000000000000000000000000000000000000000000000000000000000000000000000000000000000000000000000000000000000000000000000000000000000000000000000000000000000000000101100011001110111001111011111111111110000110011000000111000011001011101011000001
000000000000000000000000000000000000000000000000000000000000000000000000000000000000000000000000000000000000000000000000000000000000000000000000000000000000000000000000000000000000000000000000000000000000000000000000000001100011001110111001111011111111111110000110011000000111000011001011101111001011
000000000000000000000000000000000000000000000000000000000000000000000000000000000000000000000000000000000000000000000000000000000000000000000000000000000000000000000000000000000000000000000000000000000000000000000000000000000000000000000000000000000000000000110000000000100000000000000000000000000100
000000000000000000000000000000000000000000000000000000000000000000000000000000000000000000000000000000000000000000000000000000000000000000000000000000000000000000000000000000000000000000000000000000000000000000000000000000100011001110111001101011111101101110000110011000000011000011001010101111000011
000000000000000000000000000000000000000000000000000000000000000000000000000000000000000000000000000000000000000000000000000000000000000000000000000000000000000000000000000000000000000000000000000000000000000000000000000000000001001110111001111011111101111110000110011000000111000011001011101011000001
000000000000000000000000000000000000000000000000000000000000000000000000000000000000000000000000000000000000000000000000000000000000000000000000000000000000000000000000000000000000000000000000000000000000000000000000000000001000000000000100000000000000000001001001000011000000000100100000000000100000
000000000000000000000000000000000000000000000000000000000000000000000000000000000000000000000000000000000000000000000000000000000000000000000000000000000000000000000000000000000000000000000000000000000000000000000000000000000000000000000000000000000000000000000000000001000000000000000000000000000000
000000000000000000000000000000000000000000000000000000000000000000000000000000000000000000000000000000000000000000000000000000000000000000000000000000000000000000000000000000000000000000000000000000000000000000000000000000000000000000000000010000000000010000000000000000000000000000000000001100000010
000000000000000000000000000000000000000000000000000000000000000000000000000000000000000000000000000000000000000000000000000000000000000000000000000000000000000000000000000000000000000000000000000000000000000000000000000000000000001110110000011011101111111010000000011000000011000001001011100010000000
000000000000000000000000000000000000000000000000000000000000000000000000000000000000000000000000000000000000000000000000000000000000000000000000000000000000000000000000000000000000000000000000000000000000000000000000000000000000001110111001111011111111110010000110011000000111000011001011101111000011
000000000000000000000000000000000000000000000000000000000000000000000000000000000000000000000000000000000000000000000000000000000000000000000000000000000000000000000000000000000000000000000000000000000000000000000000000000000000000000000000000000000000000000000000000000000000000000000000000000000000
000000000000000000000000000000000000000000000000000000000000000000000000000000000000000000000000000000000000000000000000000000000000000000000000000000000000000000000000000000000000000000000000000000000000000000000000000000000000000000000000000000000000000000110000000000000000000100000000010000000000
000000000000000000000000000000000000000000000000000000000000000000000000000000000000000000000000000000000000000000000000000000000000000000000000000000000000000000000000000000000000000000000000000000000000000000000000000000000000000110111001111011111111111110000110011000000111000011001011101111000011
000000000000000000000000000000000000000000000000000000000000000000000000000000000000000000000000000000000000000000000000000000000000000000000000000000000000000000000000000000000000000000000000000000000000000000000000000000000000000010111001111011111111111110000110011000000111000011001011101111001011
000000000000000000000000000000000000000000000000000000000000000000000000000000000000000000000000000000000000000000000000000000000000000000000000000000000000000000000000000000000000000000000000000000000000000000000000000000000000000000111001111011111111111110000110011000000111000011001011101111001011
000000000000000000000000000000000000000000000000000000000000000000000000000000000000000000000000000000000000000000000000000000000000000000000000000000000000000000000000000000000000000000000000000000000000000000000000000000000000000000000000000000000000000000100000000000000000000000000000010000000000
000000000000000000000000000000000000000000000000000000000000000000000000000000000000000000000000000000000000000000000000000000000000000000000000000000000000000000000000000000000000000000000000000000000000000000000000000000000000000000011001111111111111111110000110011000000111000011001011101111000011
000000000000000000000000000000000000000000000000000000000000000000000000000000000000000000000000000000000000000000000000000000000000000000000000000000000000000000000000000000000000000000000000000000000000000000000000000000000000000000001001111011111111111110000110011000000011000011001011101011000011
000000000000000000000000000000000000000000000000000000000000000000000000000000000000000000000000000000000000000000000000000000000000000000000000000000000000000000000000000000000000000000000000000000000000000000000000000000000000000000000001101011111101111110000110011000000111000011001011101111000011
000000000000000000000000000000000000000000000000000000000000000000000000000000000000000000000000000000000000000000000000000000000000000000000000000000000000000000000000000000000000000000000000000000000000000000000000000000000000000000000000000000000000000000001001000011000000010100100000000000100000
000000000000000000000000000000000000000000000000000000000000000000000000000000000000000000000000000000000000000000000000000000000000000000000000000000000000000000000000000000000000000000000000000000000000000000000000000000000000000000000000000000000000000000010000000000010000101000000000000000000000
000000000000000000000000000000000000000000000000000000000000000000000000000000000000000000000000000000000000000000000000000000000000000000000000000000000000000000000000000000000000000000000000000000000000000000000000000000000000000000000000111011111101110110000110011000000111000011001011101011001011
000000000000000000000000000000000000000000000000000000000000000000000000000000000000000000000000000000000000000000000000000000000000000000000000000000000000000000000000000000000000000000000000000000000000000000000000000000000000000000000000011011111101111110000110011000000111000001001010101111001011
000000000000000000000000000000000000000000000000000000000000000000000000000000000000000000000000000000000000000000000000000000000000000000000000000000000000000000000000000000000000000000000000000000000000000000000000000000000000000000000000001011101111111110000110011000000111000011001011101111000010
000000000000000000000000000000000000000000000000000000000000000000000000000000000000000000000000000000000000000000000000000000000000000000000000000000000000000000000000000000000000000000000000000000000000000000000000000000000000000000000000000011111111111110000110011000000111000011001011101111000010
000000000000000000000000000000000000000000000000000000000000000000000000000000000000000000000000000000000000000000000000000000000000000000000000000000000000000000000000000000000000000000000000000000000000000000000000000000000000000000000000000000000000000000000000000000000000000000000000000000000000
000000000000000000000000000000000000000000000000000000000000000000000000000000000000000000000000000000000000000000000000000000000000000000000000000000000000000000000000000000000000000000000000000000000000000000000000000000000000000000000000000001111111111110000110011000000111000011001011101111001011
000000000000000000000000000000000000000000000000000000000000000000000000000000000000000000000000000000000000000000000000000000000000000000000000000000000000000000000000000000000000000000000000000000000000000000000000000000000000000000000000000000111101111110000110011000000011000011001011101111000011
000000000000000000000000000000000000000000000000000000000000000000000000000000000000000000000000000000000000000000000000000000000000000000000000000000000000000000000000000000000000000000000000000000000000000000000000000000000000000000000000000000011111111110000110011000000111000011001011101111000011
000000000000000000000000000000000000000000000000000000000000000000000000000000000000000000000000000000000000000000000000000000000000000000000000000000000000000000000000000000000000000000000000000000000000000000000000000000000000000000000000000000001101110110000110011000000111000011001011101010000001
000000000000000000000000000000000000000000000000000000000000000000000000000000000000000000000000000000000000000000000000000000000000000000000000000000000000000000000000000000000000000000000000000000000000000000000000000000000000000000000000000000000111111110000110011000000111000011001011101111001011
000000000000000000000000000000000000000000000000000000000000000000000000000000000000000000000000000000000000000000000000000000000000000000000000000000000000000000000000000000000000000000000000000000000000000000000000000000000000000000000000000000000011111110000110011000000111000011001011101111001011
000000000000000000000000000000000000000000000000000000000000000000000000000000000000000000000000000000000000000000000000000000000000000000000000000000000000000000000000000000000000000000000000000000000000000000000000000000000000000000000000000000000001111010000000011000000011000001001011101111000010
000000000000000000000000000000000000000000000000000000000000000000000000000000000000000000000000000000000000000000000000000000000000000000000000000000000000000000000000000000000000000000000000000000000000000000000000000000000000000000000000000000000000111110000110011000000011000011001011101111001011
000000000000000000000000000000000000000000000000000000000000000000000000000000000000000000000000000000000000000000000000000000000000000000000000000000000000000000000000000000000000000000000000000000000000000000000000000000000000000000000000000000000000011110000110011000000111000011001011101111001011
000000000000000000000000000000000000000000000000000000000000000000000000000000000000000000000000000000000000000000000000000000000000000000000000000000000000000000000000000000000000000000000000000000000000000000000000000000000000000000000000000000000000001110000110011000000011000011001011101011001010
000000000000000000000000000000000000000000000000000000000000000000000000000000000000000000000000000000000000000000000000000000000000000000000000000000000000000000000000000000000000000000000000000000000000000000000000000000000000000000000000000000000000000110000110011000000111000011001011101011000011
000000000000000000000000000000000000000000000000000000000000000000000000000000000000000000000000000000000000000000000000000000000000000000000000000000000000000000000000000000000000000000000000000000000000000000000000000000000000000000000000000000000000000010000110011000000111000011001011101111000010
000000000000000000000000000000000000000000000000000000000000000000000000000000000000000000000000000000000000000000000000000000000000000000000000000000000000000000000000000000000000000000000000000000000000000000000000000000000000000000000000000000000000000000000110011000000111000011001011101111000011
000000000000000000000000000000000000000000000000000000000000000000000000000000000000000000000000000000000000000000000000000000000000000000000000000000000000000000000000000000000000000000000000000000000000000000000000000000000000000000000000000000000000000000001000000001000000000000000000000000000000
000000000000000000000000000000000000000000000000000000000000000000000000000000000000000000000000000000000000000000000000000000000000000000000000000000000000000000000000000000000000000000000000000000000000000000000000000000000000000000000000000000000000000000010000000000110000000000000000010000000100
000000000000000000000000000000000000000000000000000000000000000000000000000000000000000000000000000000000000000000000000000000000000000000000000000000000000000000000000000000000000000000000000000000000000000000000000000000000000000000000000000000000000000000000000000000111000001000000000010000000100
000000000000000000000000000000000000000000000000000000000000000000000000000000000000000000000000000000000000000000000000000000000000000000000000000000000000000000000000000000000000000000000000000000000000000000000000000000000000000000000000000000000000000000000001000011000000010100100000000000100000
000000000000000000000000000000000000000000000000000000000000000000000000000000000000000000000000000000000000000000000000000000000000000000000000000000000000000000000000000000000000000000000000000000000000000000000000000000000000000000000000000000000000000000000010011000000111000011001011101111000010
000000000000000000000000000000000000000000000000000000000000000000000000000000000000000000000000000000000000000000000000000000000000000000000000000000000000000000000000000000000000000000000000000000000000000000000000000000000000000000000000000000000000000000000000011000000111000011001011101111000011
000000000000000000000000000000000000000000000000000000000000000000000000000000000000000000000000000000000000000000000000000000000000000000000000000000000000000000000000000000000000000000000000000000000000000000000000000000000000000000000000000000000000000000000000000011000000010100100000000000100000
000000000000000000000000000000000000000000000000000000000000000000000000000000000000000000000000000000000000000000000000000000000000000000000000000000000000000000000000000000000000000000000000000000000000000000000000000000000000000000000000000000000000000000000000000000010000100000000000000000000000
000000000000000000000000000000000000000000000000000000000000000000000000000000000000000000000000000000000000000000000000000000000000000000000000000000000000000000000000000000000000000000000000000000000000000000000000000000000000000000000000000000000000000000000000001000000111000011001011101111001011
000000000000000000000000000000000000000000000000000000000000000000000000000000000000000000000000000000000000000000000000000000000000000000000000000000000000000000000000000000000000000000000000000000000000000000000000000000000000000000000000000000000000000000000000000000000111000011001011101111000011
000000000000000000000000000000000000000000000000000000000000000000000000000000000000000000000000000000000000000000000000000000000000000000000000000000000000000000000000000000000000000000000000000000000000000000000000000000000000000000000000000000000000000000000000000000000000000000000000000000000000
000000000000000000000000000000000000000000000000000000000000000000000000000000000000000000000000000000000000000000000000000000000000000000000000000000000000000000000000000000000000000000000000000000000000000000000000000000000000000000000000000000000000000000000000000001000000010100100000000000100000
000000000000000000000000000000000000000000000000000000000000000000000000000000000000000000000000000000000000000000000000000000000000000000000000000000000000000000000000000000000000000000000000000000000000000000000000000000000000000000000000000000000000000000000000000000000000000100100000000000100000
000000000000000000000000000000000000000000000000000000000000000000000000000000000000000000000000000000000000000000000000000000000000000000000000000000000000000000000000000000000000000000000000000000000000000000000000000000000000000000000000000000000000000000000000000000000000000000000000000000000100
000000000000000000000000000000000000000000000000000000000000000000000000000000000000000000000000000000000000000000000000000000000000000000000000000000000000000000000000000000000000000000000000000000000000000000000000000000000000000000000000000000000000000000000000000000000000000000000000000000010000
000000000000000000000000000000000000000000000000000000000000000000000000000000000000000000000000000000000000000000000000000000000000000000000000000000000000000000000000000000000000000000000000000000000000000000000000000000000000000000000000000000000000000000000000000000000000000000000000000000000000
000000000000000000000000000000000000000000000000000000000000000000000000000000000000000000000000000000000000000000000000000000000000000000000000000000000000000000000000000000000000000000000000000000000000000000000000000000000000000000000000000000000000000000000000000000000011000010001010101011000010
000000000000000000000000000000000000000000000000000000000000000000000000000000000000000000000000000000000000000000000000000000000000000000000000000000000000000000000000000000000000000000000000000000000000000000000000000000000000000000000000000000000000000000000000000000000001000011001011101111001011
000000000000000000000000000000000000000000000000000000000000000000000000000000000000000000000000000000000000000000000000000000000000000000000000000000000000000000000000000000000000000000000000000000000000000000000000000000000000000000000000000000000000000000000000000000000000000011001011101111001011
000000000000000000000000000000000000000000000000000000000000000000000000000000000000000000000000000000000000000000000000000000000000000000000000000000000000000000000000000000000000000000000000000000000000000000000000000000000000000000000000000000000000000000000000000000000000001000000000000000000000
000000000000000000000000000000000000000000000000000000000000000000000000000000000000000000000000000000000000000000000000000000000000000000000000000000000000000000000000000000000000000000000000000000000000000000000000000000000000000000000000000000000000000000000000000000000000000100100000000000100000
000000000000000000000000000000000000000000000000000000000000000000000000000000000000000000000000000000000000000000000000000000000000000000000000000000000000000000000000000000000000000000000000000000000000000000000000000000000000000000000000000000000000000000000000000000000000000000000000000000000000
000000000000000000000000000000000000000000000000000000000000000000000000000000000000000000000000000000000000000000000000000000000000000000000000000000000000000000000000000000000000000000000000000000000000000000000000000000000000000000000000000000000000000000000000000000000000000000100000000000100000
000000000000000000000000000000000000000000000000000000000000000000000000000000000000000000000000000000000000000000000000000000000000000000000000000000000000000000000000000000000000000000000000000000000000000000000000000000000000000000000000000000000000000000000000000000000000000001001010101111000001
000000000000000000000000000000000000000000000000000000000000000000000000000000000000000000000000000000000000000000000000000000000000000000000000000000000000000000000000000000000000000000000000000000000000000000000000000000000000000000000000000000000000000000000000000000000000000000001011101111000011
000000000000000000000000000000000000000000000000000000000000000000000000000000000000000000000000000000000000000000000000000000000000000000000000000000000000000000000000000000000000000000000000000000000000000000000000000000000000000000000000000000000000000000000000000000000000000000000000000000100000
000000000000000000000000000000000000000000000000000000000000000000000000000000000000000000000000000000000000000000000000000000000000000000000000000000000000000000000000000000000000000000000000000000000000000000000000000000000000000000000000000000000000000000000000000000000000000000000000000000000000
000000000000000000000000000000000000000000000000000000000000000000000000000000000000000000000000000000000000000000000000000000000000000000000000000000000000000000000000000000000000000000000000000000000000000000000000000000000000000000000000000000000000000000000000000000000000000000000011101111001011
000000000000000000000000000000000000000000000000000000000000000000000000000000000000000000000000000000000000000000000000000000000000000000000000000000000000000000000000000000000000000000000000000000000000000000000000000000000000000000000000000000000000000000000000000000000000000000000000000000000000
000000000000000000000000000000000000000000000000000000000000000000000000000000000000000000000000000000000000000000000000000000000000000000000000000000000000000000000000000000000000000000000000000000000000000000000000000000000000000000000000000000000000000000000000000000000000000000000001101111001011
000000000000000000000000000000000000000000000000000000000000000000000000000000000000000000000000000000000000000000000000000000000000000000000000000000000000000000000000000000000000000000000000000000000000000000000000000000000000000000000000000000000000000000000000000000000000000000000000101011000000
000000000000000000000000000000000000000000000000000000000000000000000000000000000000000000000000000000000000000000000000000000000000000000000000000000000000000000000000000000000000000000000000000000000000000000000000000000000000000000000000000000000000000000000000000000000000000000000000001111001011
000000000000000000000000000000000000000000000000000000000000000000000000000000000000000000000000000000000000000000000000000000000000000000000000000000000000000000000000000000000000000000000000000000000000000000000000000000000000000000000000000000000000000000000000000000000000000000000000000000000000
000000000000000000000000000000000000000000000000000000000000000000000000000000000000000000000000000000000000000000000000000000000000000000000000000000000000000000000000000000000000000000000000000000000000000000000000000000000000000000000000000000000000000000000000000000000000000000000000000111000011
000000000000000000000000000000000000000000000000000000000000000000000000000000000000000000000000000000000000000000000000000000000000000000000000000000000000000000000000000000000000000000000000000000000000000000000000000000000000000000000000000000000000000000000000000000000000000000000000000011000011
000000000000000000000000000000000000000000000000000000000000000000000000000000000000000000000000000000000000000000000000000000000000000000000000000000000000000000000000000000000000000000000000000000000000000000000000000000000000000000000000000000000000000000000000000000000000000000000000000001001011
000000000000000000000000000000000000000000000000000000000000000000000000000000000000000000000000000000000000000000000000000000000000000000000000000000000000000000000000000000000000000000000000000000000000000000000000000000000000000000000000000000000000000000000000000000000000000000000000000000001010
000000000000000000000000000000000000000000000000000000000000000000000000000000000000000000000000000000000000000000000000000000000000000000000000000000000000000000000000000000000000000000000000000000000000000000000000000000000000000000000000000000000000000000000000000000000000000000000000000000000000
000000000000000000000000000000000000000000000000000000000000000000000000000000000000000000000000000000000000000000000000000000000000000000000000000000000000000000000000000000000000000000000000000000000000000000000000000000000000000000000000000000000000000000000000000000000000000000000000000000000000
000000000000000000000000000000000000000000000000000000000000000000000000000000000000000000000000000000000000000000000000000000000000000000000000000000000000000000000000000000000000000000000000000000000000000000000000000000000000000000000000000000000000000000000000000000000000000000000000000000000000
000000000000000000000000000000000000000000000000000000000000000000000000000000000000000000000000000000000000000000000000000000000000000000000000000000000000000000000000000000000000000000000000000000000000000000000000000000000000000000000000000000000000000000000000000000000000000000000000000000000000
000000000000000000000000000000000000000000000000000000000000000000000000000000000000000000000000000000000000000000000000000000000000000000000000000000000000000000000000000000000000000000000000000000000000000000000000000000000000000000000000000000000000000000000000000000000000000000000000000000000001
000000000000000000000000000000000000000000000000000000000000000000000000000000000000000000000000000000000000000000000000000000000000000000000000000000000000000000000000000000000000000000000000000000000000000000000000000000000000000000000000000000000000000000000000000000000000000000000000000000000000
