011111111111111111111111111111111111111111111111111111111111111111111111111111111111111111111111111110111100111001111111111111111001101011110011101011100011111011110010110111100001110001000010000111100110010010001101100011000000101111100010100000000110011011100011100110011100000010001101110100100000
001111111111111111111111111111111111111111111111111111111111111111111111111111111111111111111111111111111111011011111011111111111001111111111011101011100011111111111110111111100001100111000000000011000100010000101101100011000001001011100000000000000010011011000001101110001000000000000110000100100000
000111111111111111111111110111111111111111111011111111111111001111111011110111101111111111111111111100000000000000000000000000000000000000010000000000010000000100000000000000000000001100010000001000010101100000000011000101010001000000000001000100100000110100000011010010101000000000000000000000000000
000011111111111111111111111111111111111111111111111111111111111111111111111111111111111111111111111110001101001010101010011010010110000110000011111100011101000100010101101110111000001000000000000000000000000000000010000000000000000000010000000000000000000000000000000000000000000000000110000100000000
000001111111111111111111110111111111111111111011111111111111111111111111111111111111111111111111111110010100110001100010111101010001000001111010000001100010101011110000000001000000000100000000000010000100000000100011000000000001000000000010000000000100010001000000100000000001000000000110000000000000
000000111111111111111111111111111111111111111111111111111111111111111111111111111111111111111111111100000010001000000000000000000010000011000000001001000101000000000100001010001000001000000000000000000000000000000010000000000000000000100000010100100000001000000110000000000110000110000111100101100000
000000011111111111111111111111111111111111111111111111111111111111111111111111111111111111111111111111111111111001111111111111111011111111111011111011111111111011111110101111110010010000010001000011001010010010101011100100100101010111001010100000010000001000100011100110011000000000000000000100000000
000000001111111111111111111111111111111111111111111111111111111111111111111111111111111111111111111110101000000001000000101101110000001000010000000010000010000100110000010001000010011001001110000010111001011110010111100000011000111001000010000000111100001100000111100010100000000000000101000100000000
000000000111111111111111111111111111111111111111111111111111111111111111111111111111111111111111111111111110011001101111111111111001111111111011111001010111111111111110101101110001110101010010000011100110010010001011100101100100001110101011100000000110010010100001100110011000000000000110000100000000
000000000011111111111111111111111111111111111111111111111111111111111011111111111111111111111111111111111111111011111111111111111101111111111011111011111011111111111110111111110000000111011010000011000100010010001111100101100111001011110000100000010110010001000011101110011000000100000110001101001001
000000000001111111110111111111111111111111111011111111111111111111101110111111101111111111101111110100001000001000001000000000000000000000000000100000000000000100000010000010011000001001000000001000000001000010000111000000010000000010000000000110000000100000010100000000000100000110001011110100101010
000000000000111111111111111111111111111111111111111111111111111111111111111111111111111111111111111110001101001010001011010111000110000110000000111100011101000110010101101000111100001000000000000000000000000000000010001000000001000000110000010100000000001000000000000000000100010100000111010100110010
000000000000011111111111111111111111111111111111111111111111111111111111111111111111111111111111111111111101011011101011111111111001111111111011101011000011111111111110111111100001000111000000000011000100010000100101100011000001001001100000000000000010011011000001101010001000000100000111000100100000
000000000000001111111111111111111111111111111111111111111111111111111111111111111111111111111111111111111101011111101011111111110011111110111011101001111011101111111111101111110111010111100111101011101110111010011111111001100111011110111001111101111010011111111011101011111000000000000000000000000000
000000000000000111111111111111111111111111111111111111111111111111111111111111111111111111110111111110000101001010000011000010000010000011000000111001011001100110010001001110010000001000000000000000000000000000100010001000000000000000110000000000000000000000000100000000000010000000000111000101101001
000000000000000011111111111111111111111111111111111111111111111111111111111111111111111111111111111111111101111011101011111111011011111011111011110001111111111111111101101101110000000000000010000000000100000000000011000000000000000000000010000000000000010000000000100100000000000100000111000100100000
000000000000000001111111111111111111111111111111111111111111111111111111111111111111111111111111111111111100111011101011111111111001011111111011111011001011111011111110111111110000000001001001000010000100000000000011001001000100000001110010000000010000010000000000100000010010000000000110000101001001
000000000000000000111111111111111111111111111111111111111111111111111111111111111111111111111111111111111111111011101011111111110011111111111011111011011011111111111110111111110011111100010111000111101110011110001111101101100111011111101011100001111010010110100011100110011100000100001110010101101011
000000000000000000011111111111111111111111111111111111111111111111111111111111111111111111111111111110000101001000000000000000000010000000000010001100001101000100010001000110001000001000000000000000000000000000000010000000000000000000000000000100000000000000000000000000000000000000000101010000000000
000000000000000000001111111111111111111111111111111111111111111111111111111111111111111111111111111111101101001111101011111111110111111111111010101111111111101101111111101101110011010111110111111011101110011011001111110101111111011110101111111001110110011110111011011111111000000000000010000100000000
000000000000000000000111111111111111111111111111111111111111111111111111111111111111111111111111111111111111010001101111111111110011111111111011111011110111111111111111111101100011000101110011000111000110111010101001110101101111101110111011110000111110011011001011101010011000000000000010000000000000
000000000000000000000011111111111111111111111111111111111111111111111111111111111111111111111111111111011101011001101010111111111011111111111011111011101011101111111110101101100011000100011011000011100110010010001001100100100100001010101000100000110010010011000011101110011000000100000110000101001001
000000000000000000000001111011111111111111111011111111111111011111111111111111111111111111111111111000000100001000000000000010000000000000000000001100000000100100000001000110000000000000000000000000000000000000000010000000000000000000010000000000000000000000010100000000000110001100000100010101001010
000000000000000000000000111111111111111111111111111111111111111111111111111111111111111111111111111111111111111001101010011111110001110111010001101111100111011111110111101111110011100101010111100011000100010010000001100110000111000100000000000000011110011011000011101100011000000000000000000000000000
000000000000000000000000011111111111111111111111111111111111111111111111111111111111111111111111111111111101011011111011111111111001011011110011111011001011111111110110101111100000000101001001000010000100000000000101000001000000000001100000000000110000000000000001100000000010000100000110000101001001
000000000000000000000000001111111111111111111111111111111111111111111111111111111111111111111111111110000000001000101000000000000010000000000010110000011101000100010100100010010000001000000000000000000000000000000010000000000000000000000000000000000000000000000000000000000000000100001001000101101000
000000000000000000000000000111111111111111111111111111111111111111111111111111111111111111111111111110011101010001101010111110111001011111001011101011000011111011111111111011110000000000000000000010000000000000000000000000000000000000010000001000000000000000000000000100000000000000000010000100000000
000000000000000000000000000011111111111111111111111111111111111111111111111111111111111111111111111110010011000001101000011010010001100110010000001011100011010101010110000101100011110101110111111011101010011010011111101101111111011110111101110000111110011110111011111111111000000000000111000100100000
000000000000000000000000000001111111111111111111111111111111111111111111111111111111111111111111111110111101010001110111111111011001101111110011101011100011111011110110110111100010101001011001000011100110010000001101100101100101001011101011100000010010011001000011101110011000000100000111000101101001
000000000000000000000000000000111111111111111111111111111111111111111111111111111111111111111111111110000000001000000000000010001010000101010001001000000101001101010100101110000000001000000000000000000000000000000010000000000000000000100000010000000000000100000000000000000100000100000101010100100000
000000000000000000000000000000011111111111111111111111111111111111111111111111111111111111111111111111011111010011101110111111111001110111111010101011010011111111111110101111100011110110011011100111101110110010001011100111100111111111111011111100111010011010100011101010011000000000000000000000000000
000000000000000000000000000000001111111111111111111111111111111111111111111111111111111111111111111111111111011001101011111111110011111111110011111001011011111111111110101101110000000100000000000010000100010000000011000000100001000000010010110000000000010000000011100100000000000000000110000100100000
000000000000000000000000000000000111111111111111111111111111111111111111111111111111111111111111111111111111011011101011111111110011110111111011101001110111111111111110101101111001110110010011000111101110111110001111110111110101011111101011110101111010011110101011101010011000000000000010000100000000
000000000000000000000000000000000011111111111111111111111111111111111111111111111111111111111111111110111101111010111011000010001110010010000011111100011101111110010100101011110010001000010000001010000001100000000011001010001010100000110000000000000000101100000100000000000100100111001111110110111111
000000000000000000000000000000000001111111111111111111111111111111111111111111111111111111111111111111111111011001111111111111111011110111111011101001101111111111111110111111110000000101010010000010000110010010001001100011100101011110001011100000011010010011100011100110011000000000000100000000000000
000000000000000000000000000000000000111111111111111111111111111111111110111111101111111111111111111100000000000000001000000000000000000000010000001000010001000100000010000000000000000000000000000000000001100000000010000000010000000000000000000100000000000000010000000000000000000000000010000100100000
000000000000000000000000000000000000011111111111111111111111111111111111111111111111111111111111111111111111011001111111111111111111111111111011111001111111111111111110111111110001001101000010000011100010010010001111100100100100011110111011100100000010001000100011100110000000000000000110000100000000
000000000000000000000000000000000000001111111111111111111111111111111111111111111111111111111111111111111110111001111111111111111011111111111011101001110011111111111110111111110000000100000010000010000110010010001011100000100101001010000010100000000010010000000011100110011000000000000100000100000000
000000000000000000000000000000000000000111111111111111111111111111111111111111111111111111111111111110001111100001110110111111010001100010110001101000100011110101110110010111100001010101010010000011101110010010001011100010100101001111000000100000000010010001100011100110011000000000000000000100000000
000000000000000000000000000000000000000011111111111111111111111111111111111111111111111111111111111110001110000001101010011011000000101000010000100010000011010000110001011101100001111111110001000111101010010010001100110101001000011011100011010000110110001010101011100110000110000100001100110101001000
000000000000000000000000000000000000000001111111111111111111111111111111111111111111111111111111111111111101011001101011111111110001111111111011111001101011111111111110101111100001000001000011000011000110001010101011010100100100001000111010110000001110010001000011100110010000000000000111000100000000
000000000000000000000000000000000000000000111111111111111111111111111111111111111111111111111111111111111111111001111011111111111001111111111011101011100011111111111110111111110011000100010011000011100110010010101001100110100101001011000010101000010010011011000011101110011000000000000100000000000000
000000000000000000000000000000000000000000011111111111111111111111111111111111111111111111111111111110010110000001100010111110010001100110010010001011100011110001110100110101110011111101010101011111101010111010011111100110101111011011000100000001010110001110101111101111111000000000000100000100000000
000000000000000000000000000000000000000000001111111111111111111111111111111111111111111111111111111011111111111010101010111111110100011110001011111100010101101111111100101111110000011000000001000000001010010010001000100000000000101011100100010001011110000000100011000111000000000000000110000100000000
000000000000000000000000000000000000000000000111111111111111111111111111111111111111111111111111111111011111111011101010111111110001111111111010101011010011111111111110111111101011111110010011000111101110111111101111101101100101011111101001111100111010011110100011101010011000000000000100000100000000
000000000000000000000000000000000000000000000011111111111111111111111111111111111111111111111111111110110000010001101010111111110010011110101011000000010111101011111101111101110000000000000000000010000000000000000010001000000000000000010010000000000000000000000000000000000000000000000010000000000000
000000000000000000000000000000000000000000000001111111111111111111111111111111111111111111111111111111001001011011001010111111010100010010101011101100011100101101111100100111110000010000000100000010101001011100001110100100001000011010100010000000001110001000000011100011100000000000000110010100000000
000000000000000000000000000000000000000000000000111111111111111111111111111111111111111111111111111111001110000001110010111111010001100010010010101000100011110101110010010101100000000100010000000010000110010000000011100000000001001010011011000100001010011001000001100100001000000000000110000100000000
000000000000000000000000000000000000000000000000011111111111111111111111111111111111111111111111111111111111111011111011111111110011111111111011101001111111111111111110111111111011111111000111000011101110011010101101110101100111011110101011111001111110010011101011101111011000000000000100000000000000
000000000000000000000000000000000000000000000000001111111111111111111111111111111111111111111111111111111111111001101011111111111111110111111011101101101111111111111111101111110101111111111110110111101111010010101111110011100111001110011101110010010010011011101001101111111000000000000000100000000000
000000000000000000000000000000000000000000000000000111111111111111111111111111111111111111111111111110111110010001110011111111010001101011110001101011100011111011110110110111100011110111010011000111101110011110001111110111100111011111101011111000011010011010100011101111011000000000000001000100000000
000000000000000000000000000000000000000000000000000011111111111111111111111111111111111111111111111111111111110001111111111111111001111111111011101001110011111011111110111101110001000001000010000111100010010010001011100111100101001111000011100000001110011011000011101110011000000000000000000100000000
000000000000000000000000000000000000000000000000000001111111111111111111111111111111111111111111111111111101010001101011111111111001111111111011101011110011111111111110111101110011000101010010000011000100010010101011100110100101001100000010101000010010011001000011101110011000000000000010000000000000
000000000000000000000000000000000000000000000000000000111111111111111111111111111111111111111111111110001110101001100110111111010001100000010000100000100010110101110010010101110001000101000010000011100110010010001011100010100101001110000010100000000010010001000011100110001000000000000000000100000000
000000000000000000000000000000000000000000000000000000011111111111111111111111111111111111111111111110111000011010001011000000000110000010010001101101010101010110010110101011110010001010010100001011000101100000000011000010011000000000100000000110110100111100000000000100000000000000001101010100100000
000000000000000000000000000000000000000000000000000000001111111111111111111111111111111111111111111111111101011011101011111111111001111111111011101011110011111111111110101111100001110111010011000011101111010010001111110111100101011111101011110000111010011011100011100010011000000000000000000100000000
000000000000000000000000000000000000000000000000000000000111111111111111111111111111111111111111111111111111110001101111111111110001110011111011101001100111111111110110011111100001011101000010000111100110010010001111100111100101011111000011100000010010010011100011100110011000000000000000000100000000
000000000000000000000000000000000000000000000000000000000011111111111111111111111111111111111111111111111111111111111011111111111011111111111011101011111011111111111111111111110000100001011001000000000000000000000001000111100101101011101001000000110000001001000001000100011001000000000111000101101000
000000000000000000000000000000000000000000000000000000000001111111111111111111111111111111111111111111111101011001101011111111010000010001111011111001001011101111111000000011110000000000000000000000000000000000000000001000000000000000000010000000000100000000000000100000000000010010000010000100100000
000000000000000000000000000000000000000000000000000000000000111111111111111111111111111111111111111110001000001010011001000000000010000000010010010001011101100110000100000110000000001000000000001000010000000000000010000000010000000000100000000000000000010100000001010000100000000100001110001100101001
000000000000000000000000000000000000000000000000000000000000011111111110111101111111111111111111111110011100110010101010111110110101011111101011101011100101001011111110011001100011111111111111110111101010011011011110110111101111101011011100110001010111011011101001001111011001000000000010100100000000
000000000000000000000000000000000000000000000000000000000000001111111111111111111111111111111111111111111100011001101011111111111001011111111011111011000111101011111100111111100000001000000000000000000000000000000001000000000000000001100000000000000100000000000000000000000110001100001111010101101001
000000000000000000000000000000000000000000000000000000000000000111111111111111111111111111111111111111111000011001101011111111110010011001101011110001111101101010111100111101110000001000000000000000000000100000000011001000000000000000010010000000100000000000000000000000000110011100001111010101111001
000000000000000000000000000000000000000000000000000000000000000011111111111111111111111111111111111110001000001010011010000000000010000000110001011000011101110100010000101000010000001000000000101100010000010000000010001001010010100000100001001100000000010100010101011000100100100011011110110110110010
000000000000000000000000000000000000000000000000000000000000000001111111111111111111111111111111111111111111111001101011111111111011111111111011101011000011111111111110111111100001001100001011000011100100010010000001000000100101000100000000100000110010010001000010100010000000000000000000000100000000
000000000000000000000000000000000000000000000000000000000000000000111111111111111111111111111111111111111111111011111011111111110011111111111011111001111111111111111110111111110011111111000010000011101110010010101111110101100111011110101011111000011110010011100011101110011000000000000010000100000000
000000000000000000000000000000000000000000000000000000000000000000011111111111111111111111111111111111111111010011101011111111110001110111110010101001110011101111111110101111101011110110010111000111101110111110001111110111100111011111101011111101111010011110101011101011011000000000000010000100000000
000000000000000000000000000000000000000000000000000000000000000000001111111111111111111111111111111110010001011001100010111111010001010111011000101011110111010100110110101111101011110100010011010111001110110010000011101101111111001110110100111100111010011110101011101100011000000000000111000100000000
000000000000000000000000000000000000000000000000000000000000000000000111111111111111111111111111111110011110110001101110111111010001000001110010100001100010111011110000000101100000001100000000000010000100000000000011000000000001000000000010000000001100010001000000100000000000000000000000000100000000
000000000000000000000000000000000000000000000000000000000000000000000011111111111111111111111111111111010000010000000000111101110000001011101001110001010100100010111100101001010000000000000000000000000000000000000000000000000000000000000000000000000000000000000000000000000000000000000100000100000000
000000000000000000000000000000000000000000000000000000000000000000000001111111111111111111111111111111111111011001101011111111111011111111111011101001110011111111111110111111100001100110000010000111100100010010101001100010100001001111001000000000000110010011000011101110001000000000000010000000000000
000000000000000000000000000000000000000000000000000000000000000000000000111110110111111101111111111111111101111001111111111111111011111111111011111011111111111011111110111111111001010000000010000010101000010010101010110000100100001001000010100000000110000001000011100110010000000000000110000100000000
000000000000000000000000000000000000000000000000000000000000000000000000011111101111111111111111111110001000001010000000000010001000000011000001001101011101101000010001001110001000001000000001001100000000100000000010000001000000000000110001010100110000001110001110010000100100000110001111010101101001
000000000000000000000000000000000000000000000000000000000000000000000000001111111111111111111111111111111111111011111011111111111011111111111011101011110011111111111110111111110001100111000011000011000100000010001101100011100101001011101000000000000010011011000001100110011001000000000001000100101000
000000000000000000000000000000000000000000000000000000000000000000000000000111111111111111111111111111111111111011111011111111111111111111111011111111111111111111111110111111110011111101010011000111001110010000001001100111000111011111110000100000010010010011100011000110001000000000000110000100100001
000000000000000000000000000000000000000000000000000000000000000000000000000011111111111111111111111110001111000001110111111111000001100010010010101010100011110011110110100101100001100100010010100111000100010000100011011100000101000110100110011100110010011010001011101100011110010100001111100101100000
000000000000000000000000000000000000000000000000000000000000000000000000000001111111111111111111111111111000010001000001101101110000000001110000001001000000101010100000100111000000101100000001000000000100000000000011000011000001000001100010000000010100011000000001100000001010000100000110000101001001
000000000000000000000000000000000000000000000000000000000000000000000000000000111111111111111111110110001000001010000000000000000100000000110000000000010000010100010000100100010010001000000010001000010000100000010011000101110000010000101001100100010000101110010010010010110000000000000110010100100001
000000000000000000000000000000000000000000000000000000000000000000000000000000011111111111111111111111001110010011110110111111010001100011010011101001110011110001110010001101101101110110000111000110101110111110101110110101100100011111001011100101111010011010111011111110010000000000000110000100000000
000000000000000000000000000000000000000000000000000000000000000000000000000000001111111111111111111110010001010000000000011000100011111001010010000101100110000011011110011101010000000000000000000000000000000000000000000000000000000000010010000000000100000000000000000000000000010000000100000000000000
000000000000000000000000000000000000000000000000000000000000000000000000000000000111111111111111110100001000001000011010000000000000000000000000001100010000010100000010000000000110001100010000101011000001110001100011001010011011100000110000001100000000101100000100011000100100100011001111110111111111
000000000000000000000000000000000000000000000000000000000000000000000000000000000011111111111111111111111100111011111011111111111111111111111011101111111111111111111101111111110001100000000000000010010111010000000000100010000000101110100010000000001110010111110001100110101000000000001100010100000000
000000000000000000000000000000000000000000000000000000000000000000000000000000000001111111111111111111010001111111101011111111010001010010111010101001001010101111111000100111110001000100000010000001001110010000001001100010000001001011000010100001000110010001000001100000001000000000000000000100000000
000000000000000000000000000000000000000000000000000000000000000000000000000000000000111111111111111111111101011011111011111111111001011111111011111001101011101011111110101111100000001001000000000000000100000000000111000001000000000001110000000000000000010000000000000100000010000100000110000101101001
000000000000000000000000000000000000000000000000000000000000000000000000000000000000011111111111111111111111011011101011111111111011111111111011111001111111111111111111111111110000001001000010000010100010010000001001101011100100001010010011100000000110010000000001100110010000000000001111010100101000
000000000000000000000000000000000000000000000000000000000000000000000000000000000000001111111111111111111000111011101010111111111101011111111010101111110100101111111101011111110000001000001000000010000000000000100011000000000100100000000010000000101100000001000100100000000000000000000010010000100000
000000000000000000000000000000000000000000000000000000000000000000000000000000000000000111111111111111111111010001101011111111111001111111111011101011100111111111111110111101100011001100011011000011000100000000101001100100100101001000000010000000010010011011000011101110011000000000000000000100000000
000000000000000000000000000000000000000000000000000000000000000000000000000000000000000011111111111111111100011011101011111111111011111110111011101011100011111111111110111101100001001110000010000011000110010010100001110000100001001110001010100000100010010011000011100010001110000100001110000100000000
000000000000000000000000000000000000000000000000000000000000000000000000000000000000000001111111111100000000001000000000000010000000000010010000101000000000000100000000000000010000001000000000000000000100000000000010000000000000000000000000000000000000001000010100000000000000000000000110000000000000
000000000000000000000000000000000000000000000000000000000000000000000000000000000000000000111111111111111111010001110011111111110001110011111011101001110111111011110111011111100000000000010010000010000010010010001001100000100110001110001011100000011110000010100001100110010000000000000100000100000000
000000000000000000000000000000000000000000000000000000000000000000000000000000000000000000011111111111111111011001111011111111111011111111111011111011100111111011111110111111110011000001010011000111100010011010101001100111100101001110001011101000111110011011000011101110011000000000000000000000000000
000000000000000000000000000000000000000000000000000000000000000000000000000000000000000000001111111111000101001001100010111111010001010000011000111000001011000101110010010101100001110100010010000111101110011000001101100001110011011111001011100000011010010010100011101010001100100100001101000100100000
000000000000000000000000000000000000000000000000000000000000000000000000000000000000000000000111111111111111011011111011111111110111111111111011111001110111111101111111111111110111111111110111111011111110111011101111110111111111111111101111111101111110010110111011111111111000000000000000000100000000
000000000000000000000000000000000000000000000000000000000000000000000000000000000000000000000011111111111111111001101111111111111011111111111011101011110011111111111110111111110001010100000010000011100110010010001001100010100101001111000000100000000010010001000011100110011000000000000000000000000000
000000000000000000000000000000000000000000000000000000000000000000000000000000000000000000000001111110111111110001111110111111110001110110110011101010110011111111110110110111100111111111111111111111101111011111101111111111101111011111111111111101111110111111101011111111011000000000000000000100000000
000000000000000000000000000000000000000000000000000000000000000000000000000000000000000000000000111110000001101000101010000000000111010000010010101101010101000100010011101111110000001101000000001110110010110010000111000001010000001010110001010110100010100110110011010010100000000100000111000100000000
000000000000000000000000000000000000000000000000000000000000000000000000000000000000000000000000011111111111011001100111111111111011111111111011111001101111111111111110111111110001000101000010000010100110010110001010100000100101001110000010100100001110010001000011100110000000000000000110000000000000
000000000000000000000000000000000000000000000000000000000000000000000000000000000000000000000000001110111100010001100000011011010001100001110001101011000011111011010000100111100011111111010001000111101110011010001111100111100010011011110010010000010110011010100011011111001010000100000110000101101001
000000000000000000000000000000000000000000000000000000000000000000000000000000000000000000000000000111001101010001101010111111110001011111110011101011000011101011111100101101110000000100000001000000000100000000000001000000000000000000000000000000010000010000000010000000000000000000000000000000000000
000000000000000000000000000000000000000000000000000000000000000000000000000000000000000000000000000011010010111001101100111101010000000001111010000001100010101010110000000001000000000000100000000000000000000000100010001000100001000000110011010100000100001010000001100010010100010100001101110101100010
000000000000000000000000000000000000000000000000000000000000000000000000000000000000000000000000000001111111111111111111111111111111111111111011111111111111111111111111111111110111110111110111100111101110011011001101110111101111011111101001111001010010011011101011001111011000000000000000000000000000
000000000000000000000000000000000000000000000000000000000000000000000000000000000000000000000000000000111111111111111111111111111111111111111111111111111111111111111111111111110101110111011111000111101110011101101100110111101111011111001011110001111110011001101001101110011001000000000000000000000000
000000000000000000000000000000000000000000000000000000000000000000000000000000000000000000000000000000011111111111111111111111111111111111111111111111111111111111111111111111110100101010000010010000010101100011101001000010100100010001101000110011000110011001000000100111001000000000000000001000000000
000000000000000000000000000000000000000000000000000000000000000000000000000000000000000000000000000000001111111111111111111111111111111111111111111111111111111111111111111111110000110111011010010011110101100111100011010011011111100001101100000111101111111001000000100111001001000000000000001000010000
000000000000000000000000000000000000000000000000000000000000000000000000000000000000000000000000000000000111111111111111111111111111111111111111111111111111111111111111111111110111111011111111000111111111000011111101110111100111011111111001111001100110011111101011000110111001000000000000000000000000
000000000000000000000000000000000000000000000000000000000000000000000000000000000000000000000000000000000011111111111111111111111111111111111111111111111111111111111111111111111110100100110011100100010000010111001011100110101101010101100001101000000100011010101111101110011000010000000000000000000000
000000000000000000000000000000000000000000000000000000000000000000000000000000000000000000000000000000000001111111111111111111111111111111111011111111111111111111111111111111111101101110110111000111100100110111101111100110100111111111111001111110000110111011001111101111010101010110000100110100011000
000000000000000000000000000000000000000000000000000000000000000000000000000000000000000000000000000000000000111111111111111111111111111111111011111111111111111111111111111111110111111110110111100101111111010111101111110111110111011111111101111011010111111011101111101111111000010010000000011000011000
000000000000000000000000000000000000000000000000000000000000000000000000000000000000000000000000000000000000011111111111111111111111111111111111111110111111111111111111111101110101001110101111000011110100000111101001010110100111010001101000110001000111011010000100100110010001010000000000100000000000
000000000000000000000000000000000000000000000000000000000000000000000000000000000000000000000000000000000000001111111111111111111111111111111111111111111111111111111111111111110001100111001010000011000100000111110101010011100001110001100010100011100110011001000000100100101001000000000000000000000000
000000000000000000000000000000000000000000000000000000000000000000000000000000000000000000000000000000000000000110111011111111110111111111111101111111011111111111111011101111111000001000000000000000000101000000100000000000000000000000000000000110000000011100000100000100100110101111111110110001011110
000000000000000000000000000000000000000000000000000000000000000000000000000000000000000000000000000000000000000010111001111011111110111111111111111111111111101110101011110111111100011000010011000000010011000001101010100110110101000010011001100111000001010000100100000110000001100011010101100110000100
000000000000000000000000000000000000000000000000000000000000000000000000000000000000000000000000000000000000000001011011101111010111110011110111111101111011101110110011110111111101011011110111010010111111111011111110110111111111011111111101110011111011111101111100001111111000111001010000100010000100
000000000000000000000000000000000000000000000000000000000000000000000000000000000000000000000000000000000000000000111111111111111111111111111011101011101011111111111111110111110011010111101111000011111110011111011111010101100110011011101001110001010111010011000111101110110001000000000000000010000000
000000000000000000000000000000000000000000000000000000000000000000000000000000000000000000000000000000000000000000011111111111111111111111111011101111101111111111111111111111110111110111111111000111110111011110001101110111110111011111101001111011011110111011101111101110111000010000000000000000011000
000000000000000000000000000000000000000000000000000000000000000000000000000000000000000000000000000000000000000000001111111111111111111111111111111111111011111111111111111111111100111111011110100011111111111011111111110111110011111111111101110110011110111101100111101111011111111110011101111111011011
000000000000000000000000000000000000000000000000000000000000000000000000000000000000000000000000000000000000000000000111111111111111111111111111111111111111111111111111111111111100001110101011000100100100100111101111000111101100010011111001111011100101011011001111100110010001010100000101100000000000
000000000000000000000000000000000000000000000000000000000000000000000000000000000000000000000000000000000000000000000011111111111011111111111011111111111011111011111011111111101111101101010010100100000010110110001011100011001011111111101110001000001100001010100011101011011001100001010001001010100000
000000000000000000000000000000000000000000000000000000000000000000000000000000000000000000000000000000000000000000000001111111111111111111111011111111111111111111111111111111110011111111110111100111110111011110101001100111110111011111111101111011010111111011101111101111011001010000100100111100011100
000000000000000000000000000000000000000000000000000000000000000000000000000000000000000000000000000000000000000000000000111111111111111111111111111111111111111111111111111111111000010101000000000000101001010100000100000011010001010101101000100100000100100000000000100100000011011100010000100000000001
000000000000000000000000000000000000000000000000000000000000000000000000000000000000000000000000000000000000000000000000011111111111111111111111111111101011111111111111111111110101010111101011000011111110011111001101010111100101011011101001110001010111011011000111101110010001010000000000000010000000
000000000000000000000000000000000000000000000000000000000000000000000000000000000000000000000000000000000000000000000000001111111111111111111111111111111111111111111111111111110011100111110111000111100110011110101001110111100111011111101001111000010110011011100111101110011000000000000000000000000000
000000000000000000000000000000000000000000000000000000000000000000000000000000000000000000000000000000000000000000000000000111111111111111111011111111101011111111111111111111110001000101100111000010000000011111001001000001100110011011001000100000010110000011000011100110010000000000000000000000000000
000000000000000000000000000000000000000000000000000000000000000000000000000000000000000000000000000000000000000000000000000011111101111111111011101111101011111111111111111111110101100011111011000111101110011011001101110111101111011011101011110001000110011011000011101110011001000000000000000000000000
000000000000000000000000000000000000000000000000000000000000000000000000000000000000000000000000000000000000000000000000000001111111111111111111111111101011111111111111111111110111110101010011000111111010011111001101110111100111011111101001110000010110011011100111101110111001010000000000000000000000
000000000000000000000000000000000000000000000000000000000000000000000000000000000000000000000000000000000000000000000000000000111111111111111111111111111111111111111111111111110101010110000011000010110100000111001100000110100101010001101001110001000100011000000111100110010001000000000000000000000000
000000000000000000000000000000000000000000000000000000000000000000000000000000000000000000000000000000000000000000000000000000011111111111111111101111111111111111111111111111110000000110001000000000010100000100100011000010000000100001100000000010000101001000000000100100001001001000010000011100010000
000000000000000000000000000000000000000000000000000000000000000000000000000000000000000000000000000000000000000000000000000000001111111111111111111111111111111111111111111111110001000100001010000011100000010110001000010000100000010001000000100000000110000000000011100110010000000000000000000000000000
000000000000000000000000000000000000000000000000000000000000000000000000000000000000000000000000000000000000000000000000000000000111011111111111101111101111111111111110111111111010100111011100110100011101101100000101000010011001100101100100001110000100101001000000100000001011001001010000000000000100
000000000000000000000000000000000000000000000000000000000000000000000000000000000000000000000000000000000000000000000000000000000011111111111111111111111111111111111111111111111000000000010010010010110011010001101000100010010000101110000110000111001111100000100100000011000000010000000000100010000000
000000000000000000000000000000000000000000000000000000000000000000000000000000000000000000000000000000000000000000000000000000000001111111111111111101111111101111111011101001111000001000100000000100000000100000110010000000001000100100000001010100000001001000101100100000000000000100010111000010100000
000000000000000000000000000000000000000000000000000000000000000000000000000000000000000000000000000000000000000000000000000000000000111111111111101111101111111111111110111111111111110111111111110111111111011110101111110111111111011111111101111011011111011011111111101111111011010000100000010010000100
000000000000000000000000000000000000000000000000000000000000000000000000000000000000000000000000000000000000000000000000000000000000011111111111101111101011111111111110110111110111011111110111000011110110011111101101110101100111011111101001110011010110011011101111101110111001010000000000000000000000
000000000000000000000000000000000000000000000000000000000000000000000000000000000000000000000000000000000000000000000000000000000000001111111111111111111111111111111111111111110000000100000010100000010010000100100001000000000001011011001000001011000101000001100001100100000000010000000000100000000000
000000000000000000000000000000000000000000000000000000000000000000000000000000000000000000000000000000000000000000000000000000000000000111111111101111111011111111111110111111110000000100000001000000000000000100000001000000000000010001000000000000000100000000000100101100000001101011110001101010010100
000000000000000000000000000000000000000000000000000000000000000000000000000000000000000000000000000000000000000000000000000000000000000011111111111111101111111111111111111111110000000100000000000000000000001000000011000000000000000001000000001100000100000000000000101100000000010010000000110000000100
000000000000000000000000000000000000000000000000000000000000000000000000000000000000000000000000000000000000000000000000000000000000000001111111111111111111111111111111111111110111111011111111110111101111111011101111110111101111111110111101110001111010111011101111001111011001010110000100000100000000
000000000000000000000000000000000000000000000000000000000000000000000000000000000000000000000000000000000000000000000000000000000000000000111111111111111111111111111111111111110000100111010001000100010100000100100111100011001001010101100010000110010100010011100000101000001001000000010000000000000000
000000000000000000000000000000000000000000000000000000000000000000000000000000000000000000000000000000000000000000000000000000000000000000011111111111111111111111111111111111111100011111000011000001111110010111101111100111110100011111101001110011000101011001100111100111111001010001010100100000000000
000000000000000000000000000000000000000000000000000000000000000000000000000000000000000000000000000000000000000000000000000000000000000000001111101111111011111111111111111111111111111111111111001111111111111110101111110111111011011111101001111111111111111111111111101111111001011001010000101000000000
000000000000000000000000000000000000000000000000000000000000000000000000000000000000000000000000000000000000000000000000000000000000000000000111101111101011111111111111111111110000000100000010000000000000001110000000000000000000000001000000000000000100000000000000100110010001000000000000000000000000
000000000000000000000000000000000000000000000000000000000000000000000000000000000000000000000000000000000000000000000000000000000000000000000001001111111010101110101010111100110000000000000000000000011000001000100000000000000000000000000000000110000000000000000100001000000001101001110001111010110101
000000000000000000000000000000000000000000000000000000000000000000000000000000000000000000000000000000000000000000000000000000000000000000000001111111111111111111111111111111111000101100010000000000000000100100000000100010001001110001000010000000001100000010001001100100001001000000000000000000000000
000000000000000000000000000000000000000000000000000000000000000000000000000000000000000000000000000000000000000000000000000000000000000000000000111111111111111111111111111111111110101110111011100100010101100110101011100110101101110101111001101111000100111011100100100110011000000000000101000100100100
000000000000000000000000000000000000000000000000000000000000000000000000000000000000000000000000000000000000000000000000000000000000000000000000011111111111111111111110111111110111110111111111110111101110011011001001110111101111011111111101111001010110011011101011000110011001000000000000000000000000
000000000000000000000000000000000000000000000000000000000000000000000000000000000000000000000000000000000000000000000000000000000000000000000000001101111101110111111011101001110000000000000000000000000000000000000000000000000000000000000000000000000000000000000000010000000000000000000000000000000000
000000000000000000000000000000000000000000000000000000000000000000000000000000000000000000000000000000000000000000000000000000000000000000000000000111111111111111111111111111110011101111011010100111010111010110101111110111110101011111101101110110010110111010000111101101011000010000000000110000011000
000000000000000000000000000000000000000000000000000000000000000000000000000000000000000000000000000000000000000000000000000000000000000000000000000010111111111110111011111111111100101010110010000000010111000001100000000010001100001110000000010111001011001000000100000100000000110000100100011110000100
000000000000000000000000000000000000000000000000000000000000000000000000000000000000000000000000000000000000000000000000000000000000000000000000000001110011111111111110111111110001101111011011000011011100001010100011000111000101100011100000001010110111111010000100101100011001011000110100111100011100
000000000000000000000000000000000000000000000000000000000000000000000000000000000000000000000000000000000000000000000000000000000000000000000000000000111111111111111110111111110111110111011011100111100110010111101101100111101011111111101011101001011010011111101011100111011001000000000000000000000000
000000000000000000000000000000000000000000000000000000000000000000000000000000000000000000000000000000000000000000000000000000000000000000000000000000011111111111111110111111111001011111011110110111111111111111111101110111110111111011101111101111111111110001101111100111110000010000100000100010010000
000000000000000000000000000000000000000000000000000000000000000000000000000000000000000000000000000000000000000000000000000000000000000000000000000000001101111110110011111011110000000000000000000000000000100000100010001000001000000000000000000000000000000000000010000000000100100001111000010100011100
000000000000000000000000000000000000000000000000000000000000000000000000000000000000000000000000000000000000000000000000000000000000000000000000000000000111111111111011100101110000000100000000000000000000010000100000000000010000000000000000000000000000000000000100000000000000011001110110101000000100
000000000000000000000000000000000000000000000000000000000000000000000000000000000000000000000000000000000000000000000000000000000000000000000000000000000011111111111111100111110000000000000000001000000000000000100000000000000000000000000000000000000000000000000000000000000000000000000000000000000000
000000000000000000000000000000000000000000000000000000000000000000000000000000000000000000000000000000000000000000000000000000000000000000000000000000000001111111111111111111110111110111110111000111111110011110101111110111110111011111101011111110010110011011101111101110111000010000000000000000000000
000000000000000000000000000000000000000000000000000000000000000000000000000000000000000000000000000000000000000000000000000000000000000000000000000000000000111111111111111111110000010101000011000010111010011110001101100101100111011011101011101000010110010010100111101110111001010000010000001000000000
000000000000000000000000000000000000000000000000000000000000000000000000000000000000000000000000000000000000000000000000000000000000000000000000000000000000011111111111111111110100100011100011000000100100000011001101000111100101011011101001110001000110011001000001000110011001000000000000000000000001
000000000000000000000000000000000000000000000000000000000000000000000000000000000000000000000000000000000000000000000000000000000000000000000000000000000000001111111110111111110111110011011010000111000111100011010101110111110111101111101000010001100010111111000001001100111001001000011000011001011000
000000000000000000000000000000000000000000000000000000000000000000000000000000000000000000000000000000000000000000000000000000000000000000000000000000000000000111111111111111111100101011001010000100010101000111100101100010010101010001100001010011001110110001000000100101010001010000000000001000000000
000000000000000000000000000000000000000000000000000000000000000000000000000000000000000000000000000000000000000000000000000000000000000000000000000000000000000011111111111111111101111110110111111110111111111011111110110111111111011110111101110111111111111101111101111111111000010001010000111000000000
000000000000000000000000000000000000000000000000000000000000000000000000000000000000000000000000000000000000000000000000000000000000000000000000000000000000000001111111111111110000100111010000000000010100010000100001000011010010010001100100001111000100011001000000101100001001001000010000001000000000
000000000000000000000000000000000000000000000000000000000000000000000000000000000000000000000000000000000000000000000000000000000000000000000000000000000000000000111110111111110001110111111111100111101110011010001001110111100111011111001101101001010110011011100011001111011001000000000000000000000000
000000000000000000000000000000000000000000000000000000000000000000000000000000000000000000000000000000000000000000000000000000000000000000000000000000000000000000011111111111110000000100000010000000000010010100001001000000100000011011001001100001000100000000000001100100000000000000000000000000000000
000000000000000000000000000000000000000000000000000000000000000000000000000000000000000000000000000000000000000000000000000000000000000000000000000000000000000000001111111111110111110111111111100111101110011011001101110111101111111111101001111001010010011011101011001111011000000000000000000000000000
000000000000000000000000000000000000000000000000000000000000000000000000000000000000000000000000000000000000000000000000000000000000000000000000000000000000000000000110111111110000000100000000000000000000000100000000000000000000010001000000000000000100000000000001101000000001000000000000000000000000
000000000000000000000000000000000000000000000000000000000000000000000000000000000000000000000000000000000000000000000000000000000000000000000000000000000000000000000010111111110111100011111111110111000100010011001001110111101111001110111101111001010010001011001011001101011001000000000000010000000000
000000000000000000000000000000000000000000000000000000000000000000000000000000000000000000000000000000000000000000000000000000000000000000000000000000000000000000000001111111111011111111011011000011110111011111101111100111111111011111101001110111111111011010100111101111111011010010110000110010011100
000000000000000000000000000000000000000000000000000000000000000000000000000000000000000000000000000000000000000000000000000000000000000000000000000000000000000000000000101111111100001001010010000100110010110000101110100111111101101010011001010110100000000001101100000000100000010110000101100100100000
000000000000000000000000000000000000000000000000000000000000000000000000000000000000000000000000000000000000000000000000000000000000000000000000000000000000000000000000011111111110001111011110100001010101100010100101010001011110100101110100000110110110111011001011100100000010000000010000010101000000
000000000000000000000000000000000000000000000000000000000000000000000000000000000000000000000000000000000000000000000000000000000000000000000000000000000000000000000000001111110000100111001000000000010110000100100011000010000000100011101001100011100101001001000000100101001001011001010000111000011000
000000000000000000000000000000000000000000000000000000000000000000000000000000000000000000000000000000000000000000000000000000000000000000000000000000000000000000000000000111111000000000101000000100000100000000000011001011000000100000110001010000100000000010001010000100001001000000000010000000000000
000000000000000000000000000000000000000000000000000000000000000000000000000000000000000000000000000000000000000000000000000000000000000000000000000000000000000000000000000011111100111101000010000011110111010111101111100110110101011111101001110001000100011101100011100110101001110000000100110000000000
000000000000000000000000000000000000000000000000000000000000000000000000000000000000000000000000000000000000000000000000000000000000000000000000000000000000000000000000000001110111111111111111100111101111011011101101110011101111011111101101111011011010111011101001101110011001000000001000000000010000
000000000000000000000000000000000000000000000000000000000000000000000000000000000000000000000000000000000000000000000000000000000000000000000000000000000000000000000000000000111011001110001110000011010110010111101001110000110111111011100000111011100111000011100011100101000000010000000000000000000000
000000000000000000000000000000000000000000000000000000000000000000000000000000000000000000000000000000000000000000000000000000000000000000000000000000000000000000000000000000010111111111110111000111110110011111101101110110110111011111111000111011010111111011001111100110011001010010000100100000000000
000000000000000000000000000000000000000000000000000000000000000000000000000000000000000000000000000000000000000000000000000000000000000000000000000000000000000000000000000000001101001010110010000011110101100000101010010010110100000100011001110111001011111000000100000110110000010000000000110000000000
000000000000000000000000000000000000000000000000000000000000000000000000000000000000000000000000000000000000000000000000000000000000000000000000000000000000000000000000000000000111111111111111111111111111111111111111111111111111111111111111110111111011111111111111110111111011111111101111111110111110
000000000000000000000000000000000000000000000000000000000000000000000000000000000000000000000000000000000000000000000000000000000000000000000000000000000000000000000000000000000011111111111111111111111111111111111111111111111111111111111111111111111111111111111111111111111001110011101101111110111100
000000000000000000000000000000000000000000000000000000000000000000000000000000000000000000000000000000000000000000000000000000000000000000000000000000000000000000000000000000000001111111111111111111111111111111111111111111111111011111111111111111111111111111111111111111111001000000001000000000000100
000000000000000000000000000000000000000000000000000000000000000000000000000000000000000000000000000000000000000000000000000000000000000000000000000000000000000000000000000000000000111111111111111111111111111111111111111111111111011111111111111111111111111111111111111111111011110111100100111010111100
000000000000000000000000000000000000000000000000000000000000000000000000000000000000000000000000000000000000000000000000000000000000000000000000000000000000000000000000000000000000011111111111111111111111111111111111111111111111111111111111111111111111111111111111111111111011110011100100111010011100
000000000000000000000000000000000000000000000000000000000000000000000000000000000000000000000000000000000000000000000000000000000000000000000000000000000000000000000000000000000000001111111111111111111111111111111111111111111111111111111111111111111111111111111111111111111001110011100000000010001100
000000000000000000000000000000000000000000000000000000000000000000000000000000000000000000000000000000000000000000000000000000000000000000000000000000000000000000000000000000000000000111111111111111111111111011111111111111111111111111111111111111111111111111111111111111111111111111111101111111111110
000000000000000000000000000000000000000000000000000000000000000000000000000000000000000000000000000000000000000000000000000000000000000000000000000000000000000000000000000000000000000011111111111111111111111111111111111111111111111111111111111111111111111111111111111111111001010000100100101010011100
000000000000000000000000000000000000000000000000000000000000000000000000000000000000000000000000000000000000000000000000000000000000000000000000000000000000000000000000000000000000000001111111111111111111111111111111111111111111111111111111111111111111111111111111111111111011110111101101110010111100
000000000000000000000000000000000000000000000000000000000000000000000000000000000000000000000000000000000000000000000000000000000000000000000000000000000000000000000000000000000000000000111111111111111111111011111111110111111111111111111111111111111111111111111111111111111011110111101101111110111100
000000000000000000000000000000000000000000000000000000000000000000000000000000000000000000000000000000000000000000000000000000000000000000000000000000000000000000000000000000000000000000011111111111111111111111111111111111111111111111111111111111111111111111111111111111111011110101100101010010111100
000000000000000000000000000000000000000000000000000000000000000000000000000000000000000000000000000000000000000000000000000000000000000000000000000000000000000000000000000000000000000000001111111111111111111111111111111111111111111111111111111111111111111111111111111111111011111011101101111011111100
000000000000000000000000000000000000000000000000000000000000000000000000000000000000000000000000000000000000000000000000000000000000000000000000000000000000000000000000000000000000000000000111111111111111111011111111111111111111101111111111111111111011111111111100011111011011110011101000110110111100
000000000000000000000000000000000000000000000000000000000000000000000000000000000000000000000000000000000000000000000000000000000000000000000000000000000000000000000000000000000000000000000011111111111111111111111111111111111111111111111111111111111111111111111111111111111011010011100100011010111100
000000000000000000000000000000000000000000000000000000000000000000000000000000000000000000000000000000000000000000000000000000000000000000000000000000000000000000000000000000000000000000000001111111111111111111111111111111111111011111111111111111111111111111111111111111111111111111101101111110111110
000000000000000000000000000000000000000000000000000000000000000000000000000000000000000000000000000000000000000000000000000000000000000000000000000000000000000000000000000000000000000000000000111111111111111111111111111111111111111111111111111111111111111111111111111111111111111111110101110111111110
000000000000000000000000000000000000000000000000000000000000000000000000000000000000000000000000000000000000000000000000000000000000000000000000000000000000000000000000000000000000000000000000011111111111111111111111111111111111111111111111111111111111111111111111111111111111110111101101111110111110
000000000000000000000000000000000000000000000000000000000000000000000000000000000000000000000000000000000000000000000000000000000000000000000000000000000000000000000000000000000000000000000000001111111111111111111111111111111111011111111111111111111111111111111111111111111011111111100000010010010110
000000000000000000000000000000000000000000000000000000000000000000000000000000000000000000000000000000000000000000000000000000000000000000000000000000000000000000000000000000000000000000000000000111111111111111111111111111110111111111001111111111111111111111111111111111111110010011001000110011000110
000000000000000000000000000000000000000000000000000000000000000000000000000000000000000000000000000000000000000000000000000000000000000000000000000000000000000000000000000000000000000000000000000011111111111111111111111111111111111111111111111111111111111111111111111111011001110111100101111010111100
000000000000000000000000000000000000000000000000000000000000000000000000000000000000000000000000000000000000000000000000000000000000000000000000000000000000000000000000000000000000000000000000000001111111111111111111111111111111111111111111111111111111111111111111111111111011110011100100111010111100
000000000000000000000000000000000000000000000000000000000000000000000000000000000000000000000000000000000000000000000000000000000000000000000000000000000000000000000000000000000000000000000000000000111111111111111111111111111111111111111111111111111111111111111111111111111011010010101000110010111100
000000000000000000000000000000000000000000000000000000000000000000000000000000000000000000000000000000000000000000000000000000000000000000000000000000000000000000000000000000000000000000000000000000011111111111111111111111111111111111111111111111111111111111111111111111111101110011100101110010010100
000000000000000000000000000000000000000000000000000000000000000000000000000000000000000000000000000000000000000000000000000000000000000000000000000000000000000000000000000000000000000000000000000000001111111111111111111111111111111111111111111111111011111111111111111111111011111111111101111110111110
000000000000000000000000000000000000000000000000000000000000000000000000000000000000000000000000000000000000000000000000000000000000000000000000000000000000000000000000000000000000000000000000000000000111111111111111111111111111111111111111111111111111111111111111111111111011111011101001100010011100
000000000000000000000000000000000000000000000000000000000000000000000000000000000000000000000000000000000000000000000000000000000000000000000000000000000000000000000000000000000000000000000000000000000011111111111111110111111111011111111111111111111111111111111111111111111011011111101100110010011100
000000000000000000000000000000000000000000000000000000000000000000000000000000000000000000000000000000000000000000000000000000000000000000000000000000000000000000000000000000000000000000000000000000000001111111111111111111111111111111111111111111111111111111111111111111111011111011111101111110111100
000000000000000000000000000000000000000000000000000000000000000000000000000000000000000000000000000000000000000000000000000000000000000000000000000000000000000000000000000000000000000000000000000000000000111111111111111111111111111111111111111111111011111111111111111111111010111111101100110010111110
000000000000000000000000000000000000000000000000000000000000000000000000000000000000000000000000000000000000000000000000000000000000000000000000000000000000000000000000000000000000000000000000000000000000011011111111111111111111111111111111111111111111111111111111111111111010110101110111011110111100
000000000000000000000000000000000000000000000000000000000000000000000000000000000000000000000000000000000000000000000000000000000000000000000000000000000000000000000000000000000000000000000000000000000000001111111111111111111111111111111111111111111111111111111111111111111001111001110101101010100100
000000000000000000000000000000000000000000000000000000000000000000000000000000000000000000000000000000000000000000000000000000000000000000000000000000000000000000000000000000000000000000000000000000000000000111111111111111111111111111111111111111111111111111111111111111111001010011100000010010010100
000000000000000000000000000000000000000000000000000000000000000000000000000000000000000000000000000000000000000000000000000000000000000000000000000000000000000000000000000000000000000000000000000000000000000011111110111111111111111111111111111101111111111110111111111111011001110000000000100000000000
000000000000000000000000000000000000000000000000000000000000000000000000000000000000000000000000000000000000000000000000000000000000000000000000000000000000000000000000000000000000000000000000000000000000000001111101111111111111111111111111111111111111111111111111111111111001000000000000000010000010
000000000000000000000000000000000000000000000000000000000000000000000000000000000000000000000000000000000000000000000000000000000000000000000000000000000000000000000000000000000000000000000000000000000000000000111111111111111111111111111111111111111111111111111111111111111001111011100101111110011100
000000000000000000000000000000000000000000000000000000000000000000000000000000000000000000000000000000000000000000000000000000000000000000000000000000000000000000000000000000000000000000000000000000000000000000011111110111111111111110111111111111111111111111111111111111111001110011100111111110111100
000000000000000000000000000000000000000000000000000000000000000000000000000000000000000000000000000000000000000000000000000000000000000000000000000000000000000000000000000000000000000000000000000000000000000000001111111111110101111111111111111111111111111111111111110111111100111001111000101010111110
000000000000000000000000000000000000000000000000000000000000000000000000000000000000000000000000000000000000000000000000000000000000000000000000000000000000000000000000000000000000000000000000000000000000000000000111111111111111111111111111111111111111111111111111111111111011111111100101111010111110
000000000000000000000000000000000000000000000000000000000000000000000000000000000000000000000000000000000000000000000000000000000000000000000000000000000000000000000000000000000000000000000000000000000000000000000011111111111111111111111111111111111111111111111111111111111111110011101101110110111100
000000000000000000000000000000000000000000000000000000000000000000000000000000000000000000000000000000000000000000000000000000000000000000000000000000000000000000000000000000000000000000000000000000000000000000000001111111111111111111111111111111111011111111111111111111111011111111111111111110111100
000000000000000000000000000000000000000000000000000000000000000000000000000000000000000000000000000000000000000000000000000000000000000000000000000000000000000000000000000000000000000000000000000000000000000000000000111111111111011111111111111111111111111111111111111111111101010010001000000010000100
000000000000000000000000000000000000000000000000000000000000000000000000000000000000000000000000000000000000000000000000000000000000000000000000000000000000000000000000000000000000000000000000000000000000000000000000011111111111111111111111111111111111111111111111111111111011110111100101111010111100
000000000000000000000000000000000000000000000000000000000000000000000000000000000000000000000000000000000000000000000000000000000000000000000000000000000000000000000000000000000000000000000000000000000000000000000000001111111111111111111111111111111111111111111111111111111001110011101100111110111100
000000000000000000000000000000000000000000000000000000000000000000000000000000000000000000000000000000000000000000000000000000000000000000000000000000000000000000000000000000000000000000000000000000000000000000000000000111111111011111111111111111111011101111111111111111101000000101001111000110100011
000000000000000000000000000000000000000000000000000000000000000000000000000000000000000000000000000000000000000000000000000000000000000000000000000000000000000000000000000000000000000000000000000000000000000000000000000011111111111111111111111111111111111111111111111111111111111111100100110010011100
000000000000000000000000000000000000000000000000000000000000000000000000000000000000000000000000000000000000000000000000000000000000000000000000000000000000000000000000000000000000000000000000000000000000000000000000000001111111111111111111111111111111111111111111111111111011110011100101110010000100
000000000000000000000000000000000000000000000000000000000000000000000000000000000000000000000000000000000000000000000000000000000000000000000000000000000000000000000000000000000000000000000000000000000000000000000000000000111111111111111111111111111111111111111111111111111011111111101111111110111100
000000000000000000000000000000000000000000000000000000000000000000000000000000000000000000000000000000000000000000000000000000000000000000000000000000000000000000000000000000000000000000000000000000000000000000000000000000011111011111111111111111111111111111111111111111111101111111100100111110011110
000000000000000000000000000000000000000000000000000000000000000000000000000000000000000000000000000000000000000000000000000000000000000000000000000000000000000000000000000000000000000000000000000000000000000000000000000000001111111110111111111111111111111111111111111111111011111011111101111010111100
000000000000000000000000000000000000000000000000000000000000000000000000000000000000000000000000000000000000000000000000000000000000000000000000000000000000000000000000000000000000000000000000000000000000000000000000000000000111111111111111111111111111111111111111111111111001010101100101000110110100
000000000000000000000000000000000000000000000000000000000000000000000000000000000000000000000000000000000000000000000000000000000000000000000000000000000000000000000000000000000000000000000000000000000000000000000000000000000011111111111111111111111111111111111111111111111011110011100000111010000100
000000000000000000000000000000000000000000000000000000000000000000000000000000000000000000000000000000000000000000000000000000000000000000000000000000000000000000000000000000000000000000000000000000000000000000000000000000000001111111111111111111111111111111111111111111011001110001110100111110011100
000000000000000000000000000000000000000000000000000000000000000000000000000000000000000000000000000000000000000000000000000000000000000000000000000000000000000000000000000000000000000000000000000000000000000000000000000000000000011111111111111111111111111111111111111111111001110011110000110010000100
000000000000000000000000000000000000000000000000000000000000000000000000000000000000000000000000000000000000000000000000000000000000000000000000000000000000000000000000000000000000000000000000000000000000000000000000000000000000001010011111010111111111111011111110110111101011110111101101111110111100
000000000000000000000000000000000000000000000000000000000000000000000000000000000000000000000000000000000000000000000000000000000000000000000000000000000000000000000000000000000000000000000000000000000000000000000000000000000000001111111111111111111111111111111111111111111001001001000000100010000010
000000000000000000000000000000000000000000000000000000000000000000000000000000000000000000000000000000000000000000000000000000000000000000000000000000000000000000000000000000000000000000000000000000000000000000000000000000000000000111111111111111111111111111111111111111111011111011101101111110111100
000000000000000000000000000000000000000000000000000000000000000000000000000000000000000000000000000000000000000000000000000000000000000000000000000000000000000000000000000000000000000000000000000000000000000000000000000000000000000011111111111111111111111111111111111111111011110111111101111110111110
000000000000000000000000000000000000000000000000000000000000000000000000000000000000000000000000000000000000000000000000000000000000000000000000000000000000000000000000000000000000000000000000000000000000000000000000000000000000000001111111111111111111111111111111111111111011111111101101111010111100
000000000000000000000000000000000000000000000000000000000000000000000000000000000000000000000000000000000000000000000000000000000000000000000000000000000000000000000000000000000000000000000000000000000000000000000000000000000000000000111111111111111111111110111111111111111011110011101000100010111100
000000000000000000000000000000000000000000000000000000000000000000000000000000000000000000000000000000000000000000000000000000000000000000000000000000000000000000000000000000000000000000000000000000000000000000000000000000000000000000011111111011111110111110101011101011011001000100000110000100000001
000000000000000000000000000000000000000000000000000000000000000000000000000000000000000000000000000000000000000000000000000000000000000000000000000000000000000000000000000000000000000000000000000000000000000000000000000000000000000000001111111111111111111111101111101111111101110111100111111110111100
000000000000000000000000000000000000000000000000000000000000000000000000000000000000000000000000000000000000000000000000000000000000000000000000000000000000000000000000000000000000000000000000000000000000000000000000000000000000000000000111111111111111111111111111111111111111111111111101111110111100
000000000000000000000000000000000000000000000000000000000000000000000000000000000000000000000000000000000000000000000000000000000000000000000000000000000000000000000000000000000000000000000000000000000000000000000000000000000000000000000011111111111111111111111111111111111011111011110101011110011100
000000000000000000000000000000000000000000000000000000000000000000000000000000000000000000000000000000000000000000000000000000000000000000000000000000000000000000000000000000000000000000000000000000000000000000000000000000000000000000000001111111111111111111111111110111111011110011100100111010111100
000000000000000000000000000000000000000000000000000000000000000000000000000000000000000000000000000000000000000000000000000000000000000000000000000000000000000000000000000000000000000000000000000000000000000000000000000000000000000000000000111111111111111111111111111111111011111111101111111110111110
000000000000000000000000000000000000000000000000000000000000000000000000000000000000000000000000000000000000000000000000000000000000000000000000000000000000000000000000000000000000000000000000000000000000000000000000000000000000000000000000011111111111111111111111111111111011111111110101111010111110
000000000000000000000000000000000000000000000000000000000000000000000000000000000000000000000000000000000000000000000000000000000000000000000000000000000000000000000000000000000000000000000000000000000000000000000000000000000000000000000000001111111111111111111111111111111101110111100101100110111100
000000000000000000000000000000000000000000000000000000000000000000000000000000000000000000000000000000000000000000000000000000000000000000000000000000000000000000000000000000000000000000000000000000000000000000000000000000000000000000000000000101111111111110111011111011111001010000001100011000010110
000000000000000000000000000000000000000000000000000000000000000000000000000000000000000000000000000000000000000000000000000000000000000000000000000000000000000000000000000000000000000000000000000000000000000000000000000000000000000000000000000011111011111111111111111111111010111111101111110110111100
000000000000000000000000000000000000000000000000000000000000000000000000000000000000000000000000000000000000000000000000000000000000000000000000000000000000000000000000000000000000000000000000000000000000000000000000000000000000000000000000000001111111111111111111110111111111111111111101111111111110
000000000000000000000000000000000000000000000000000000000000000000000000000000000000000000000000000000000000000000000000000000000000000000000000000000000000000000000000000000000000000000000000000000000000000000000000000000000000000000000000000000111111111111111111111111111111111011111101111110011100
000000000000000000000000000000000000000000000000000000000000000000000000000000000000000000000000000000000000000000000000000000000000000000000000000000000000000000000000000000000000000000000000000000000000000000000000000000000000000000000000000000011111111111111111111111111011111111101101111010111100
000000000000000000000000000000000000000000000000000000000000000000000000000000000000000000000000000000000000000000000000000000000000000000000000000000000000000000000000000000000000000000000000000000000000000000000000000000000000000000000000000000001111111111111111111111111111111111111101111111111110
000000000000000000000000000000000000000000000000000000000000000000000000000000000000000000000000000000000000000000000000000000000000000000000000000000000000000000000000000000000000000000000000000000000000000000000000000000000000000000000000000000000111111111111111111111111011110111100101111110111100
000000000000000000000000000000000000000000000000000000000000000000000000000000000000000000000000000000000000000000000000000000000000000000000000000000000000000000000000000000000000000000000000000000000000000000000000000000000000000000000000000000000011111110111111111111111101001000111100101010011110
000000000000000000000000000000000000000000000000000000000000000000000000000000000000000000000000000000000000000000000000000000000000000000000000000000000000000000000000000000000000000000000000000000000000000000000000000000000000000000000000000000000001111111111111111111111011111001100000011010011100
000000000000000000000000000000000000000000000000000000000000000000000000000000000000000000000000000000000000000000000000000000000000000000000000000000000000000000000000000000000000000000000000000000000000000000000000000000000000000000000000000000000000111111111111111111111011111111111101111111111110
000000000000000000000000000000000000000000000000000000000000000000000000000000000000000000000000000000000000000000000000000000000000000000000000000000000000000000000000000000000000000000000000000000000000000000000000000000000000000000000000000000000000011111111111111111111010111111101101111110111100
000000000000000000000000000000000000000000000000000000000000000000000000000000000000000000000000000000000000000000000000000000000000000000000000000000000000000000000000000000000000000000000000000000000000000000000000000000000000000000000000000000000000001111111111111111111011111111101001110010111100
000000000000000000000000000000000000000000000000000000000000000000000000000000000000000000000000000000000000000000000000000000000000000000000000000000000000000000000000000000000000000000000000000000000000000000000000000000000000000000000000000000000000000111111111111111111011110111101101110110111100
000000000000000000000000000000000000000000000000000000000000000000000000000000000000000000000000000000000000000000000000000000000000000000000000000000000000000000000000000000000000000000000000000000000000000000000000000000000000000000000000000000000000000011111111111111111110111011101001100011011110
000000000000000000000000000000000000000000000000000000000000000000000000000000000000000000000000000000000000000000000000000000000000000000000000000000000000000000000000000000000000000000000000000000000000000000000000000000000000000000000000000000000000000001111111111111111101000100001000000000100000
000000000000000000000000000000000000000000000000000000000000000000000000000000000000000000000000000000000000000000000000000000000000000000000000000000000000000000000000000000000000000000000000000000000000000000000000000000000000000000000000000000000000000000111111111111111011110011100100110010011100
000000000000000000000000000000000000000000000000000000000000000000000000000000000000000000000000000000000000000000000000000000000000000000000000000000000000000000000000000000000000000000000000000000000000000000000000000000000000000000000000000000000000000000011111111111111011110111101101111110111110
000000000000000000000000000000000000000000000000000000000000000000000000000000000000000000000000000000000000000000000000000000000000000000000000000000000000000000000000000000000000000000000000000000000000000000000000000000000000000000000000000000000000000000001111111111111100111011101000100011110110
000000000000000000000000000000000000000000000000000000000000000000000000000000000000000000000000000000000000000000000000000000000000000000000000000000000000000000000000000000000000000000000000000000000000000000000000000000000000000000000000000000000000000000000111111111111011110111101101111010111100
000000000000000000000000000000000000000000000000000000000000000000000000000000000000000000000000000000000000000000000000000000000000000000000000000000000000000000000000000000000000000000000000000000000000000000000000000000000000000000000000000000000000000000000011110111111111111111111101111111111111
000000000000000000000000000000000000000000000000000000000000000000000000000000000000000000000000000000000000000000000000000000000000000000000000000000000000000000000000000000000000000000000000000000000000000000000000000000000000000000000000000000000000000000000001111111111001010100001110000100100000
000000000000000000000000000000000000000000000000000000000000000000000000000000000000000000000000000000000000000000000000000000000000000000000000000000000000000000000000000000000000000000000000000000000000000000000000000000000000000000000000000000000000000000000000111111111001000001001000000000000000
000000000000000000000000000000000000000000000000000000000000000000000000000000000000000000000000000000000000000000000000000000000000000000000000000000000000000000000000000000000000000000000000000000000000000000000000000000000000000000000000000000000000000000000000011111111001111011101001111010111110
000000000000000000000000000000000000000000000000000000000000000000000000000000000000000000000000000000000000000000000000000000000000000000000000000000000000000000000000000000000000000000000000000000000000000000000000000000000000000000000000000000000000000000000000001111111000010010101000100011010110
000000000000000000000000000000000000000000000000000000000000000000000000000000000000000000000000000000000000000000000000000000000000000000000000000000000000000000000000000000000000000000000000000000000000000000000000000000000000000000000000000000000000000000000000000111111000110001110100110100011100
000000000000000000000000000000000000000000000000000000000000000000000000000000000000000000000000000000000000000000000000000000000000000000000000000000000000000000000000000000000000000000000000000000000000000000000000000000000000000000000000000000000000000000000000000011111111111111111101111110111100
000000000000000000000000000000000000000000000000000000000000000000000000000000000000000000000000000000000000000000000000000000000000000000000000000000000000000000000000000000000000000000000000000000000000000000000000000000000000000000000000000000000000000000000000000001111011111111101001110010011110
000000000000000000000000000000000000000000000000000000000000000000000000000000000000000000000000000000000000000000000000000000000000000000000000000000000000000000000000000000000000000000000000000000000000000000000000000000000000000000000000000000000000000000000000000000111011110111111101111010111100
000000000000000000000000000000000000000000000000000000000000000000000000000000000000000000000000000000000000000000000000000000000000000000000000000000000000000000000000000000000000000000000000000000000000000000000000000000000000000000000000000000000000000000000000000000011110110111111100111010111100
000000000000000000000000000000000000000000000000000000000000000000000000000000000000000000000000000000000000000000000000000000000000000000000000000000000000000000000000000000000000000000000000000000000000000000000000000000000000000000000000000000000000000000000000000000001011110111100101111110111100
000000000000000000000000000000000000000000000000000000000000000000000000000000000000000000000000000000000000000000000000000000000000000000000000000000000000000000000000000000000000000000000000000000000000000000000000000000000000000000000000000000000000000000000000000000000011110111101100011010110100
000000000000000000000000000000000000000000000000000000000000000000000000000000000000000000000000000000000000000000000000000000000000000000000000000000000000000000000000000000000000000000000000000000000000000000000000000000000000000000000000000000000000000000000000000000000011111111111111111111111111
000000000000000000000000000000000000000000000000000000000000000000000000000000000000000000000000000000000000000000000000000000000000000000000000000000000000000000000000000000000000000000000000000000000000000000000000000000000000000000000000000000000000000000000000000000000001111111111101111111111111
000000000000000000000000000000000000000000000000000000000000000000000000000000000000000000000000000000000000000000000000000000000000000000000000000000000000000000000000000000000000000000000000000000000000000000000000000000000000000000000000000000000000000000000000000000000000111111111101111111111111
000000000000000000000000000000000000000000000000000000000000000000000000000000000000000000000000000000000000000000000000000000000000000000000000000000000000000000000000000000000000000000000000000000000000000000000000000000000000000000000000000000000000000000000000000000000000011111111101111111111111
000000000000000000000000000000000000000000000000000000000000000000000000000000000000000000000000000000000000000000000000000000000000000000000000000000000000000000000000000000000000000000000000000000000000000000000000000000000000000000000000000000000000000000000000000000000000001111111111111111111111
000000000000000000000000000000000000000000000000000000000000000000000000000000000000000000000000000000000000000000000000000000000000000000000000000000000000000000000000000000000000000000000000000000000000000000000000000000000000000000000000000000000000000000000000000000000000000111111101111111111111
000000000000000000000000000000000000000000000000000000000000000000000000000000000000000000000000000000000000000000000000000000000000000000000000000000000000000000000000000000000000000000000000000000000000000000000000000000000000000000000000000000000000000000000000000000000000000011111111111111111111
000000000000000000000000000000000000000000000000000000000000000000000000000000000000000000000000000000000000000000000000000000000000000000000000000000000000000000000000000000000000000000000000000000000000000000000000000000000000000000000000000000000000000000000000000000000000000001111101111111111111
000000000000000000000000000000000000000000000000000000000000000000000000000000000000000000000000000000000000000000000000000000000000000000000000000000000000000000000000000000000000000000000000000000000000000000000000000000000000000000000000000000000000000000000000000000000000000000111101111111111111
000000000000000000000000000000000000000000000000000000000000000000000000000000000000000000000000000000000000000000000000000000000000000000000000000000000000000000000000000000000000000000000000000000000000000000000000000000000000000000000000000000000000000000000000000000000000000000011101111111111111
000000000000000000000000000000000000000000000000000000000000000000000000000000000000000000000000000000000000000000000000000000000000000000000000000000000000000000000000000000000000000000000000000000000000000000000000000000000000000000000000000000000000000000000000000000000000000000001111111111111111
000000000000000000000000000000000000000000000000000000000000000000000000000000000000000000000000000000000000000000000000000000000000000000000000000000000000000000000000000000000000000000000000000000000000000000000000000000000000000000000000000000000000000000000000000000000000000000000111111111111111
000000000000000000000000000000000000000000000000000000000000000000000000000000000000000000000000000000000000000000000000000000000000000000000000000000000000000000000000000000000000000000000000000000000000000000000000000000000000000000000000000000000000000000000000000000000000000000000011111111111111
000000000000000000000000000000000000000000000000000000000000000000000000000000000000000000000000000000000000000000000000000000000000000000000000000000000000000000000000000000000000000000000000000000000000000000000000000000000000000000000000000000000000000000000000000000000000000000000001101101101010
000000000000000000000000000000000000000000000000000000000000000000000000000000000000000000000000000000000000000000000000000000000000000000000000000000000000000000000000000000000000000000000000000000000000000000000000000000000000000000000000000000000000000000000000000000000000000000000000111111111111
000000000000000000000000000000000000000000000000000000000000000000000000000000000000000000000000000000000000000000000000000000000000000000000000000000000000000000000000000000000000000000000000000000000000000000000000000000000000000000000000000000000000000000000000000000000000000000000000011111111111
000000000000000000000000000000000000000000000000000000000000000000000000000000000000000000000000000000000000000000000000000000000000000000000000000000000000000000000000000000000000000000000000000000000000000000000000000000000000000000000000000000000000000000000000000000000000000000000000001111111111
000000000000000000000000000000000000000000000000000000000000000000000000000000000000000000000000000000000000000000000000000000000000000000000000000000000000000000000000000000000000000000000000000000000000000000000000000000000000000000000000000000000000000000000000000000000000000000000000000111111111
000000000000000000000000000000000000000000000000000000000000000000000000000000000000000000000000000000000000000000000000000000000000000000000000000000000000000000000000000000000000000000000000000000000000000000000000000000000000000000000000000000000000000000000000000000000000000000000000000011111111
000000000000000000000000000000000000000000000000000000000000000000000000000000000000000000000000000000000000000000000000000000000000000000000000000000000000000000000000000000000000000000000000000000000000000000000000000000000000000000000000000000000000000000000000000000000000000000000000000001111111
000000000000000000000000000000000000000000000000000000000000000000000000000000000000000000000000000000000000000000000000000000000000000000000000000000000000000000000000000000000000000000000000000000000000000000000000000000000000000000000000000000000000000000000000000000000000000000000000000000111111
000000000000000000000000000000000000000000000000000000000000000000000000000000000000000000000000000000000000000000000000000000000000000000000000000000000000000000000000000000000000000000000000000000000000000000000000000000000000000000000000000000000000000000000000000000000000000000000000000000011111
000000000000000000000000000000000000000000000000000000000000000000000000000000000000000000000000000000000000000000000000000000000000000000000000000000000000000000000000000000000000000000000000000000000000000000000000000000000000000000000000000000000000000000000000000000000000000000000000000000001111
000000000000000000000000000000000000000000000000000000000000000000000000000000000000000000000000000000000000000000000000000000000000000000000000000000000000000000000000000000000000000000000000000000000000000000000000000000000000000000000000000000000000000000000000000000000000000000000000000000000111
000000000000000000000000000000000000000000000000000000000000000000000000000000000000000000000000000000000000000000000000000000000000000000000000000000000000000000000000000000000000000000000000000000000000000000000000000000000000000000000000000000000000000000000000000000000000000000000000000000000011
000000000000000000000000000000000000000000000000000000000000000000000000000000000000000000000000000000000000000000000000000000000000000000000000000000000000000000000000000000000000000000000000000000000000000000000000000000000000000000000000000000000000000000000000000000000000000000000000000000000001
000000000000000000000000000000000000000000000000000000000000000000000000000000000000000000000000000000000000000000000000000000000000000000000000000000000000000000000000000000000000000000000000000000000000000000000000000000000000000000000000000000000000000000000000000000000000000000000000000000000000
