011010111011110100000000000110010011000000000001000000001000111111111111111111111111100010100000000001000000000000000100000000000000000000100000000011100000010000000000000000000000000101100100010100101000000000100000000001000000011000000000000010000010000100001111000000000010000000000000110110101111
001010111111110010000000000000010011000000000001000100001000110111111101111111111101100000000100000000100000100000000000000000000000000000000000000000000000000000000000000000001000000101100000000100001001000000100101001011000000010000000000000000000001000000000010000000000010000000100001100100000001
000011101011111011001110101010000100100010100011010011000101000000110000010001000101001111111111111111111111100000000100000000000000000001000100000000100000000000000000000000000101000011100110010100000000000010000000000000001000000010000000000000001011011111111111000111001001111001100110100100000100
000011111111111011111110111111111110111010100100110100100101001000011000001010100001111111111111111111111111100010010010100000000010000001000000100100000010000000000011001110110001000000110000100101010000111010100000000101101011000111111000000001000000000011010000000000001000100000000101000110000000
000001111111111011011110001001100111110001100110100000011101110100011100111011100000011111111110111100110110100000000010000000000000000001000000000100000000000000000010000010000011000001000010010100000000000000000000000000001111101101001110001010111000000111010111000000001000100000000100000110000000
000000111111111000010100101000110110000010100010100001001101011100010100001010100000011111111111111111111111100000010010000000000000000001000100000100000000000000000001000010000101000000100000000000000000101010100000000100000100000111000000001001111110101000010000000000000000100000000100000110000000
000000011111111000000000000010000000111111100110111010111101000000001000010000100100010000000000000000010000000010000010000000000110100000000000000000000000000000000001000000000011000000100000000000001100000010000000000000000100101110000000000000110010100000000000000000000000000000000001000000000010
000000001111110000000000000000000001000000001001100100001000000100000100010000100101100000000000000000000000000000000000000000000000000000000000000000000000000000100000000001001000000000000000000000100000000000100000001011000000000000000000000000100001100000000000000000000000000000100001000000000111
000000000111110000010000101010110110100000100000000000000100001000000000001000100000011101101111001001110011100000000000000000000100000001000000000100000010000000000010001010000001000000100100000100000000000000000000000000000000010000000001001000000000000111111010000000001000100000000100000110000000
000000000011111011111111111101111111111111110111111111111101101000001100000010100001011101111111011011111111111010010111100000110100101001001100001110000010010000000111010010101011000010110010110111000010011010100110100001111111110101101111111000111110101010100000000000000000100010000100000100001000
000000000001110010001000000010000010000000001001000100001000110110011100111111100101100000000000000000000000100000000000000000000000000000000000000000000000000000000000000001001000000101100010010100000000000000000000000010000000000000000000000010000000000001010010000001000010010000100101100100000001
000000000000111010001000000010000000101010000010110011000100110110111100010100100100000000000000000000010000100000000000000000000000000000000000000000000000000000000000001000000000000001100010010100100000000000000000000000001000000010000000001000100000000001011011000001000000111000000100000000000000
000000000000011011011010011111111111011111001011101110101000110111110000111101100101100010000001000000000000000001000000000000000000000000110000000001000010010000100011000100011010000101100010000101000001000000100100101011001011100010001000001000000000000000000000000000000010100000100011001100000001
000000000000000000011000000000100110110001000000100000001001000000001100000000100000011001000000000010100000100000000010000000000000000001000000000000000000000000000001011000000000000000100000000000000000000000000000000100100101000100000010101000110000010111000010000000000000100000000100000000000000
000000000000000010011100111010111000111111111111111111111111000000000000000000000000111101111100011000111111000000010100100100100011101000000100001000000010010110000101111111111111000000000000000101000111111111111010111111111110100101111010111101011010000000000000101010000010100110111011000000000000
000000000000000011110111111100111110000000000001000000001000101111111010011011011010100000000000000000000000001001101101110000110010000000110110011011110101010101001000000001000010000010010000010100100001000000000001000000000000011000000000000110000111101111111101000000100010100000100001110111111111
000000000000000001111111111111111110010010010100000110100000000111011010011011010100100100110001011110011111101101111000110100011100100011000110111100000000010000000011000110000000000010010010110111110000000000000000000000011011100011111000000001000000101111001111000001000000110100000110101111111111
000000000000000000111111111111111110000010000000000000000000110010011000001011001011000010011001000111001111000000100000010100000100000010000000000000000000000000000001000110000000000000000000000101000000000000000000000000001010000000111000000001000010101111101001000101100010111000100100000001001100
000000000000000000011110111111111111110110011101111101110100101001001001000000000000000000010001000010001101000000010000100000000100000000000000101001100111000101000001000100000000000000001000100000000011111111011110110101101000000000010000000000000000000000000000101010000010100010101011111110111100
000000000000000000001111111111111110111010100100110110101100111001011100001010100001001111111101111111111111101110111111111100110010101011011111011000000000010000000011000000100000000000000100000101000000000010000000000000001010000100111100001001110010000110000001100000000000101000000101101100111110
000000000000000000000110111111111110111010110100111101111000110001001000100000100000101101111011111111111111100100001000100100000100100000000000001000000000000000000010000110100000000000010000100111010000000000000000000000011000000100010000000000010000000101000001000000000000100000000100000000000000
000000000000000000000011111111111110000010000000000000000100011010011000001011001001001111111111111111111111100000000000010000000001000000000000000100000000000000000001000000000000000000000000000100000000000000000000000000001011100101111000000101000011100011000101000001000000100000100100000000000000
000000000000000000000000111111111110000010000000000000000000110111011001101011100101100110101001010111011111000100000000000000001100100000000000100000000000000000000000000000000000000000010000110111000000000000000000000000001000000000110000000001000000000010001011000000000000101000000100100100100000
000000000000000000000000111101111111000000010100010000001100000000000000000010100100000000010100010000000000111111111011111111111111101101111111011110011100010000010000000110000000000010010110100110000000000000000000000000010010100100011000100100010110101011101010000000000000011000000000101111011010
000000000000000000000000011111111110001010100100010100011100001000011000011011101100111111111011011011111111111011111011111111110111101101111111101100000010110100000011000110000000000000000001100100000000000000000000000100001011100111111001111111100110101111101100000001001000111000000110001110011110
000000000000000000000000001101111110100011000110100010100000000000010000001010100000001111101001111111011111100100011001110000110011101000000001001000000000000000000011001110000010000000000000000100000000001000000000000000100011100001111100000101000010100101000101000000000000100000010100001000001010
000000000000000000000000000111111110111010110101111101100100111100111110011010101010001111111111011111111111101101111000111010111111101001001111011100000000010000000010010110001010000000000010010110000000000010010000000000111111101101111000001101110010101111111101000110101101111110000100111111011111
000000000000000000000000000011111111000010000000000010001000111111011111111111011011100010010000000011001101000101000101000000000000010000100000011011110111111110001000000101000000000100000000000100100000000000100100001011001011111010111010100010000000000111100100000000000010100000100001000000110000
000000000000000000000000000001101100000010100000000010100110000100101000010000000000000000010000110010001100000100000000000000000000010000000000100000000000000000000111111111110111000000000101000100001000100000100001011010001011100110011000000001000010000111111111101110011110101110110000110111100111
000000000000000000000000000000111110000010000100000000000000110010011000000010001000000010111101000011111111100100011000000001010001110110001101010000000000000000000000000000000000000000000000000010000000000000000000000000001000000100111000000001000000000011000001000001000000101000000001101101011011
000000000000000000000000000000011110111011100110110100011100111001011100001011101001001111111111001111111111101101111001110100110001100000001111011000000000000000000111000110100000000000000100000101000000000000000000000000011111100111111111101001110010101111101101100100100100111010110110101100111110
000000000000000000000000000000001111000000100100000000000000111111111011101111111011101111101011001011111111001011010100110000010110110001111101001010010010001100011001000000000000000000000000000000000000000000100000000000001001000001110000000001000100000001000000000000000010000000000101000111100010
000000000000000000000000000000000110111111110111111111111100000001000000001000000000000000000001010010001101001110011001111100110110101000011110011010001000010000000111001010010000000000000100100100000011111111111010101111100011100000111100000001000010000001100000100010000000100000111010101100111110
000000000000000000000000000000000010000010000000000000000100111011111110001010101001101111111111111111111111101001111000110001110101101101000100011100000000010000000000000100000010000010010110110111000000000010010000000000111111101100111010101101010110101011100100000011000000110010000110100100100000
000000000000000000000000000000000001110010010101010101001100101110111111111110001010001111111010110101110111101101001100110100110110110000111111011111010101111101001000000001000000000001010000000010100000000000000000000001001000011100000000001000010000000000000000000000000010100000000000010111111111
000000000000000000000000000000000000111111111111111111111111001000100001000000000000000000000000000000000000011000000000110000011100111001010101011111110111101111011000100000010010000000100000000100000011001010110111101111010010100000110000000000000100010011000000100110101010011011000010010111011100
000000000000000000000000000000000000011111111111111111111111001000100001010000000000010000010010010000000100000000010000100000000100100000010000101110100000000001000111001110001010000010110010110100000011011010000011000000101001000100110000001000010000000010000000101010011011011001000011110110111110
000000000000000000000000000000000000001111111111111111111111000000100001000000000000000000000000000000000000000000011000100100001000000000000000101001101111101111110011011110001000000000100000110100000010011110000010100001011110000110110000001000011000000010000000101110000110011101101010110110111110
000000000000000000000000000000000000000111111111111111111111000000100000000000000000000000000000000000000000001000011000100100000100000000000000101001111111101110101101011110001000000000100000100100000100011010000001000001010110100100101100101000010000010000000000000000000000000100000000000110000100
000000000000000000000000000000000000000011111111111111110111001000100000000000000100000000000000000000000000000000000000000000000000000000000000100000000000000001000001000000001000000000100000000100000100001000000011000100000000000000000000001000000000000000000000100010001011011100101010001010001000
000000000000000000000000000000000000000001111111111111111111000101000000010000010100001000110011011110011111101100010000100110001110100000000100101100000000000000000111001111111000000000110000110101010110011111110000110001001011100111111000001001011010101110110011001010000010100100000010010100001010
000000000000000000000000000000000000000000111111111111110111001000100000000000000000000000000000000000000001000000000000000000000000000000000000000000100000000000000101001010011010000000100000000100000100001100000111100100000011100100111000001000010000001000000000100010001110011010101010000100011100
000000000000000000000000000000000000000000011111111111111111000000000000000000000000010000000000101000000000001000010000100100100000100000000100000000000000000000000111111110110111000000100000000100000000011010100000010000000110000011000000001000011000000000000000101000001001000011000000010010100110
000000000000000000000000000000000000000000001111111111111111001000100010000000000100100000000000000000000000000001010000100000001000001000000000100110000000000001000001000110101000000000110000010100000100011000010011000000000010000100010100000000010000001010000010100010001010010111100010010110111100
000000000000000000000000000000000000000000000111111111111111001000000001000000000000000000000000000000000000000000000000000000001000000000010000001100100001010100100000000000001000000000000000000000000001111011111111111111100000000000000000000000000100010000000000100110000010011001101001110111111100
000000000000000000000000000000000000000000000011111111111111000000000000000000100000010000000000011000000101001010111010111110111110101000110110101110000010010100000001001010000000000000100000000100000100011010100000000100011100100000111000111000100110001000001000000000000000000000000000001100001010
000000000000000000000000000000000000000000000001111111111111001000100000000000000000000000000000000000000000000000010000000000000000000000000000000000100000000001000101001110111000000000100000000100000111111111101011111111001000100110011000001000010000001001000000101110011011011111111010000000001000
000000000000000000000000000000000000000000000000111111111111001000100001010000000000000000000000000000000000000001000100100000000000000000110000101111100111010111000000000001001000000000100000100100000001001000100011001111000000011000000000000010000000010000000000100010001001011101000001110110111110
000000000000000000000000000000000000000000000000011111111111001100100000000000000000010000000000000000000000000000010000100000000000000000000000100100000000000001000011001110001000000000100000000100000100111000000011000000000001000000000000001000000000000000000000100010011010010100101010010110111100
000000000000000000000000000000000000000000000000001111111101001000100001000000100100010000000000010000000000001010011000111110110110101000100100101111111111111111111011010110001000000000100000100100000011111111011101100101100000100101010000001000000000010000000000100110101111011111101010111111110110
000000000000000000000000000000000000000000000000000111111111001000100000000000010000000000000000000000000000001001101000100100111100100001000100110100000000000001000011001100001000000000100000000100000101011110111111111111110000000000000000000000000000000000000000101110000000010100001010010110011100
000000000000000000000000000000000000000000000000000011111111001000100001000000000000000000000000000000000001001000011100101000010100100000110000101101000011010101100111001111001000000000000000100000000011111111111111111111110010000100100001000000010000000000000000100110100110001110101011110110111110
000000000000000000000000000000000000000000000000000001111111000100000000000000000000000000000000010000000000000000010000100000001000001000000000110110000000010000100111011110110010000000100000010100000111101110011010001000000010100100010000001000000000000010000000000000000000000000000100000000000000
000000000000000000000000000000000000000000000000000000111111001000100000000000000000000000000000010000000001000000010000100000001000000000010100101110000000000001000111000100101000000000100000000100000000101000000011101110000000000100100000001000011010001110000010100110111101010111111010010110111100
000000000000000000000000000000000000000000000000000000011111000100000000000000000100000000000000000000000000000000010010100000001000000000000000000100000000000000000111011110000000000001100000000100000100011010001000001010000000000100000000001000010000000000000000000000000000000000000000000000000000
000000000000000000000000000000000000000000000000000000001111001000000101110000110100000000000000000000000001011100110000100110101111001110011010101001010001001000011011010110000000000000011010010110010111111111011110110101100001000110001001000000100010000000000000110110101110010011001010111110101100
000000000000000000000000000000000000000000000000000000000111101001001010010000101111000110010100010001100100011011011111111111110111101101111101011111010101010100001000000011001000000000000000000000000001101110111111111111100100111111110001011010111111001000000100000000000000000000000000100100011110
000000000000000000000000000000000000000000000000000000000011001000100001001000000000000000110010011000110101001010011000110010111110101001110101101101100011000101101001000010101001000000101000000100000010011010010011000100101110000100110101001000010010100111100101000000111000010100000111011110011110
000000000000000000000000000000000000000000000000000000000001001000000000000000000000000000000000000000000000000000000100000000000000000000000100000000000000000001000100111110110111000000000000000000000010101110001011111110000000000000000000001000000000000000000000101110011111111011101010000010000100
000000000000000000000000000000000000000000000000000000000000001000000000000000100000000000000000000000000000000000001110000100011010100000000100100001100111101111101011001110111000000000100000100000000001111110101011110111000101000011000001001000100110110000000000101110111111001011001010000000011100
000000000000000000000000000000000000000000000000000000000000011111111111111111111111100010000000000000001000000001100000000000000000010000110001000011100000010000100000000000001000000111011011100111110000000000000000000000000000011000000000000011000110100100101000000000000010000000100001000000000000
000000000000000000000000000000000000000000000000000000000000001111011111101111101111100010000000000010100000100000000100010000001000000001100000000000000000010000000000000000000000000001000000010100100000000000000000000000000000000000000000000000000000000000000100000000000000000000000101000000000000
000000000000000000000000000000000000000000000000000000000000000111111111111111111111100000000000000000000100011011110101111000001110101110111011100110000101011101111000000001000000000111011000011111100111111111011110110101100000110000000000000010000111110101111100100100100000011000101011111111111111
000000000000000000000000000000000000000000000000000000000000000011111111111111111111100010000000000000000000000001000001000000001000000110110001000000000000010000000000000001000000101111010011010111111100000000000000000000000000001000000000000000000000100101111100000001000010000000100000110110101111
000000000000000000000000000000000000000000000000000000000000000001111111111111111111100010100000000000000010000001000000000000001010000110110001000000000000010000000000000000000000101111111010010111111100000000000000000000000000001000000000000000000010000101111100000000000000000000000000010110101111
000000000000000000000000000000000000000000000000000000000000000000111111111111111111100110000000010001000000000001000000000000000000010000000000001010000010010000000000000001000000000111010010110111110000000000000000001000001000001010110000000010000100000000000000000000000000000000000000110110101111
000000000000000000000000000000000000000000000000000000000000000000011111111111111111100000000000000000000000000001100000000000000001001000110000100010100010110001000000000000001000000111011011110110111101001000010011000100100000011000000000000001000111110111101111101110111111011111100010110111111111
000000000000000000000000000000000000000000000000000000000000000000001111111111111111100010101000000110010010110011000000001000001011000100111011100100000000010000000000000000000000101111110011010101111100000000000000000000000000000000000000000000000110111111111111000000000010100000000101110110101111
000000000000000000000000000000000000000000000000000000000000000000000111111111111111100010010000000011000100000000100000000000001000001000110000100010000000010000000000000000000000101111110010110111111100000000000000001000001000001000001000000011000110000101101100000000000000100000000000110110101111
000000000000000000000000000000000000000000000000000000000000000000000011110111111111100010000100000011000000000001100101001000001000000110110001000100000000010000000000100000000000001111110010011101101000000000000000000000010000011000000000000010000001110101111100000000000000000000000001000000000101
000000000000000000000000000000000000000000000000000000000000000000000000111111111111100010000000000001000000000001000100000000000000010001110001001011110111111110111000000000000000001101000101100100100000000000000000000000000000011000100000001010000111011101111111000000000010110000000001011100011111
000000000000000000000000000000000000000000000000000000000000000000000000110111011110100000000000000000000000000000000000000000001000000000010000100000100010000001100000000000001000000101011010110101110001000010000100000001000000000000000000000000000001010000000100000000000010000000000011000011011000
000000000000000000000000000000000000000000000000000000000000000000000000011111111111110010000000000001000000000001000000000000001000000000110001100110000000000000000000000000000000001111010010010101111100000000000000000000000000011000000000000010000010100100101110000000000000000000000001000000000000
000000000000000000000000000000000000000000000000000000000000000000000000001111111111100010000000000000000000010011000101100010001011001100111011000000000000010000000001000001000000101111110011010111111100000000100000000000001000011110000000000111000110111111101111000001101010011000000101111111111111
000000000000000000000000000000000000000000000000000000000000000000000000000111111111100010101001000111010010100001000000000000000000000001010001001010000000010000000000000000000000000000000000010000100000000000000000000000001000011000000000000000000100001111110011000000000010000000100101000110101101
000000000000000000000000000000000000000000000000000000000000000000000000000011111111100010000000000001000000000001000000000000001000000000110000000000000000000000000000000000000000010111010010010111111100000000000000000000000000000000000000000000000000000000001000000000000000000000000000000000000000
000000000000000000000000000000000000000000000000000000000000000000000000000001111111100010011000010001000010010011100001111010001011000100111010001110010000010100001000000000000000101111110010010111110100000000000000000000000000000000000000000001000111110111101111000000001010100000000100110110101111
000000000000000000000000000000000000000000000000000000000000000000000000000000111111100010000000000001000000100001000000000000001000000000000000000000000000000000000000000000000000000101010011010100101100000000000000000000000000001000000000000010000010010101101110000000000010000000000000000000000100
000000000000000000000000000000000000000000000000000000000000000000000000000000010101110100110011010001000111100001000111010000100010000000000100000011000000010000100000000000001000000101100000000000100000000000000000000000000000001000000010001010100111100101001101000000000010100000100100010000011111
000000000000000000000000000000000000000000000000000000000000000000000000000000001111100010000000000001000000010111100100001000001000011110111011101111000100010000000001000000000000101111010010110111111100000010000000000000010010000000110001010001000111100111101100000000000000000000000001110100101111
000000000000000000000000000000000000000000000000000000000000000000000000000000000011100010010010010001000010000001101100010001110000010101011000011010011101010000000000000000000000011111010010110010110000000000000000000000011000001010000001010000000001000000000100000000000000100000100111110100010101
000000000000000000000000000000000000000000000000000000000000000000000000000000000011110000000010000000000000010011110101101010101111001001111011100110000000010000100000000000001000001111110011110110101100000000000000000000001000100000000000000010100111111111101111000000000010010000100001100100011111
000000000000000000000000000000000000000000000000000000000000000000000000000000000001000010000000000001000000010111110001101100001111011110111011101010001100010001001000000000000010011111011010010111110100000000000000000000000000111100000000000011000111111111101100000000100000000000000000100110111111
000000000000000000000000000000000000000000000000000000000000000000000000000000000000100010000000000001000000000001000000000000000000000000000000000011000000010000100000000000000000000101000000000100001000000000000000000000000000001000000000000000000100000100001011000000000010000000100001000100001011
000000000000000000000000000000000000000000000000000000000000000000000000000000000000010110010000010000000100000001000000000000000000000000000000000011100000010000100000000000001000000101000000000000000100000000000000000000001000011000000000000010000000000000000000000000000010000000100000110100000101
000000000000000000000000000000000000000000000000000000000000000000000000000000000000001101111111111111111111101010010110000001100110100001000100000000000000000000000000000000000001000000110000000000000000000000000000000100001101000011000011001001011010001000010000000000000000000000000000000100001000
000000000000000000000000000000000000000000000000000000000000000000000000000000000000000111111111111111111111100000000000000000100000000001000000000100000000000000000001000000000000000000000000000000000000000000000000000000001101111011100110001001011010101100010010000000000000100000000100000000000000
000000000000000000000000000000000000000000000000000000000000000000000000000000000000000011111111111111111111101010011111011001110110101001101111001100000000010000000000000000000001000000000000000000000000000000000000000100001101110001100001001001001110000011000000000000000000100000000100001000010010
000000000000000000000000000000000000000000000000000000000000000000000000000000000000000001111111111111111111100000000000010000000000010001100001001010000000000110001000000000000000000001000000000000000000000000000000000000001000011000000000000011000110000100000010000000000000100000000000000100100000
000000000000000000000000000000000000000000000000000000000000000000000000000000000000000000111111111111111111100010010010000000100110100001000000000100000000000000000000000000000000000000000000000000000000000000000000000000000101011011100110000001011100001101010011000000000000000000000100000100001000
000000000000000000000000000000000000000000000000000000000000000000000000000000000000000000011111111111111111100010000011000100000011100001000100000100000000000000000000000000000000000000000000000000000000000000000000000000001110111001110110001101011010000111111111000000000000100000000100000000000000
000000000000000000000000000000000000000000000000000000000000000000000000000000000000000000001111111111111111101000000110011101010111100000000100000100000000000000000100000000000000000000000000010000000000000000000000000100001000000101100000001001011110001111011111000000000000100000000000000000000000
000000000000000000000000000000000000000000000000000000000000000000000000000000000000000000000111111111111111100000000000000000000010000001000100000100000000000000000000000000000000000000000000000000000000000000000010000000001101011000100000001101011010001111110011000001000000000000000000000000000000
000000000000000000000000000000000000000000000000000000000000000000000000000000000000000000000011111111111111111010010111010101110111100001001110000100000000000000000000000000000000000000000000000000000000000000000000000000000100000000000000011001011000001000010010000000000000000000000100000000000001
000000000000000000000000000000000000000000000000000000000000000000000000000000000000000000000001111111111111101010011110001001010111101001100101001110000000000000001000000000000001000000000000000000000000000000000000000100001101111111100011001001111110101111010111000000000000100000000000000000010010
000000000000000000000000000000000000000000000000000000000000000000000000000000000000000000000000111111111111100000010000010000000101101001000001000100000000000000000011000110000001000000000000000000000000001000000000000000001011110111111100001101010100000100110001000000000000000000000000000000000000
000000000000000000000000000000000000000000000000000000000000000000000000000000000000000000000000011111111111100000000000000000000000010001000100000000000000000000000100000010000000000000000000000000000000000000000000000000001000000100100000000001011010001000010010000000000000000010000000000000000000
000000000000000000000000000000000000000000000000000000000000000000000000000000000000000000000000001111111111111011111100111111111110101001111111001110000000000000000000000010000000000000000000010000000000000000000000000100001010000101000000000001011010001111011110000000000000100000000000100110011000
000000000000000000000000000000000000000000000000000000000000000000000000000000000000000000000000000111111111100010010110000000100000100001000100000100000000000000000001000000000000000000000000000000000000000000000000000000000101010011000010001000011000000000000000000000000000000000000000000100000000
000000000000000000000000000000000000000000000000000000000000000000000000000000000000000000000000000011111111100000000000000000000001000001000000000100000000000000000000000000000100000000000000000000000000000000000000000000000100000000000000000000011110001100011111000000000000100000000000000000000000
000000000000000000000000000000000000000000000000000000000000000000000000000000000000000000000000000001111111101000010000000000000101000001000000000100000000000000000000000000000000000000000000000000000000000000001000100010011011100000111001000001000001000000000010001000000000100000000010000000000000
000000000000000000000000000000000000000000000000000000000000000000000000000000000000000000000000000000111111100000000000000000100100100001000001001110000000000110001000000000000000000001000000000000000000000000000000000000001000111001000000000111011100001100010000000000000000000000000100000011100000
000000000000000000000000000000000000000000000000000000000000000000000000000000000000000000000000000000011111100000010010000000000000000001000100000000000000000000000000000000000001000000000000000000000010001111100000000100100000000011000000000001010000000000000000000000000000000000000100000100000001
000000000000000000000000000000000000000000000000000000000000000000000000000000000000000000000000000000001111100010010010000100000111100001000100000100000000000000000011000010000001000000000000000000000000000010000000000100001111111111111111011001011111101100111111000000000000100000000100000000000000
000000000000000000000000000000000000000000000000000000000000000000000000000000000000000000000000000000000111100000010000000000000000000001000000000000000000000000000001000000000000000000000001000001000000000000000000000000001111000000111000000001001110001000010010000000000000000000000000000000000000
000000000000000000000000000000000000000000000000000000000000000000000000000000000000000000000000000000000011111100011101010101010111111111001101001000000000010100000001000110000000000000000000000000000000001000000000000100001011100001111100001101011111101111110111000000000000100000000000000000000000
000000000000000000000000000000000000000000000000000000000000000000000000000000000000000000000000000000000001100000000000000000000010100001000000000100000000000000000000000000000100000000000000000000000000000000000010000000001000100000000000000101001000001111010011000001100000100000000000000000010000
000000000000000000000000000000000000000000000000000000000000000000000000000000000000000000000000000000000000110110010011110101010111101001000101001000000010000000000011000010100000000000000000000000000000001001100000000100001011100101111100001101111110000011110100000000000000100000000000000100111011
000000000000000000000000000000000000000000000000000000000000000000000000000000000000000000000000000000000000011010011111110101110111101001001111010100000000000000000000000000000100000000000000000000000000000000000000000000001000000010000000000000000010001000010000000000000000100000000000000000000000
000000000000000000000000000000000000000000000000000000000000000000000000000000000000000000000000000000000000001111111011111111111111111111111111111110011101010000010000000000000000001110010010011111100110000000000000000100000010000000100000000000001011100101111100000000000000000000000000000010011010
000000000000000000000000000000000000000000000000000000000000000000000000000000000000000000000000000000000000000011111111111111111111101101111111111110000000010000011000010010001000001000000000000000100010000000010010000100010110100001111100111101001000000011010000000000000000000000000000010100000000
000000000000000000000000000000000000000000000000000000000000000000000000000000000000000000000000000000000000000011111111111111111111111111111111111100001001000000010010000100000000001000010000101110000000001000000000000000000010100010111000000000000000000101100100000100000000000000001000000000011000
000000000000000000000000000000000000000000000000000000000000000000000000000000000000000000000000000000000000000001111111111111111111111111111111111100010000000000010000000000000000001010010000011110100000000000000000000100000001100001000010001001000010110101111100000000000000000000000100001010011010
000000000000000000000000000000000000000000000000000000000000000000000000000000000000000000000000000000000000000000111111111111111111111111111111111111110101111000010000000000001000001110010010001110101000000000000000000000000000001100000000010010000110110001001100000000100000000000000000010000011011
000000000000000000000000000000000000000000000000000000000000000000000000000000000000000000000000000000000000000000011111111111111111111111111111111100000000010000000000010000000000001011010010111110001000000000010000000000010000000100000001011000010011100101101100000000100100000000010000010000000000
000000000000000000000000000000000000000000000000000000000000000000000000000000000000000000000000000000000000000000001111111111111111111111111111101110000011010110010010000010000001000000000010000110100100011011100000000100001011100011100000001001010110101101111100000000000000000000000000000100011010
000000000000000000000000000000000000000000000000000000000000000000000000000000000000000000000000000000000000000000000111111111111111111111111111111101011100100000010000110110101000100000000000000010000001001100000010101000010110100111011101110110110100000100000100000000000000000000000000000000010100
000000000000000000000000000000000000000000000000000000000000000000000000000000000000000000000000000000000000000000000011111111110111110001111111011111101110110110111000000000001000000000000000000000100000000000100101000100011100111011101001011011011101010000010100000000000000000000000000010111110110
000000000000000000000000000000000000000000000000000000000000000000000000000000000000000000000000000000000000000000000001111111111111111111111111111000010110001000011011110111101100000000000000000000100000000000000000000100010111110011001111111010101110101111110101000000100000010000000000001010011010
000000000000000000000000000000000000000000000000000000000000000000000000000000000000000000000000000000000000000000000000111111111111111111111111111100000000000000010000000000000000001101000010011110101100001000000010100000000000000000101000101110100111100111111100000000100000000000011000000000010000
000000000000000000000000000000000000000000000000000000000000000000000000000000000000000000000000000000000000000000000000011111111111111111111111111100011101010000010011000010000000001000000010111110100000001010000011000000110000100100100000001000010010100111110100000000000000000000000100011110011110
000000000000000000000000000000000000000000000000000000000000000000000000000000000000000000000000000000000000000000000000001111111111111111111111111100011101010000010000000010000000000000000100100000100000000000010010000100110010100110010011110100010010101110111010000000000000010000000000010110010101
000000000000000000000000000000000000000000000000000000000000000000000000000000000000000000000000000000000000000000000000000111111111101111111111111100000000000000000000100010000000001100010000011110100010000000000001000000010000000010100001010000000011100001101100000000000000000000000000000000000000
000000000000000000000000000000000000000000000000000000000000000000000000000000000000000000000000000000000000000000000000000011111111111111111111111100001001000000000001000010100000001000010000001110000100101000000000100000001000000011000000001101011110100111101100000000000000000000011000000000010000
000000000000000000000000000000000000000000000000000000000000000000000000000000000000000000000000000000000000000000000000000001111111101111111111111100010000000000010000000010000000111110101011111011101100000000000000000000011000111100100101111111000000100101110000010000000000010000000100000000010000
000000000000000000000000000000000000000000000000000000000000000000000000000000000000000000000000000000000000000000000000000000111011111111111111111000011101000011010100000000000000101000000000100010000001101111010011111111101110100011111100111101011110101111011100000000000000010010000000000000010100
000000000000000000000000000000000000000000000000000000000000000000000000000000000000000000000000000000000000000000000000000000011111111111111111111100010100010000010000110110001000000000000100100000000000000000010000000000111111111111001111111101111100001110100100000000000000000000000000010000010000
000000000000000000000000000000000000000000000000000000000000000000000000000000000000000000000000000000000000000000000000000000001111111111111111111110011101010010010000000010000000000000000100000010000001001100000010100100100111111010011111101111100000000101000100000000000000000000000000010010010100
000000000000000000000000000000000000000000000000000000000000000000000000000000000000000000000000000000000000000000000000000000000111111111111111111100000000000000000000000000000000001111110010011111101100000000000000000000000000000000000000000000000010000101101100000000000000000000000000010000000000
000000000000000000000000000000000000000000000000000000000000000000000000000000000000000000000000000000000000000000000000000000000011111111111111101110010010111100011001000010000000001000000010011110000010001000000011000100010001111011000011011001000111111111110110000000000000000000000000001110001110
000000000000000000000000000000000000000000000000000000000000000000000000000000000000000000000000000000000000000000000000000000000001101111111111111100010000000000010000000010000000001010010010011110101100000000000010000100000101100001110010000101001111110111111101000000100000000000001100000010011010
000000000000000000000000000000000000000000000000000000000000000000000000000000000000000000000000000000000000000000000000000000000000111111111111111100010000000000010000000000000000001000000100011110101000000100000010100010001111111111111111111111100010101111101100000000000000000000001000000000010000
000000000000000000000000000000000000000000000000000000000000000000000000000000000000000000000000000000000000000000000000000000000000011111111111111100011010111111010010000010100000000000100000000010000001000010100011111110110110110010111001111111001110001011110000000000000000000000000000111111111010
000000000000000000000000000000000000000000000000000000000000000000000000000000000000000000000000000000000000000000000000000000000000001101111111011011111111010100011000000000100000000000000000000000000000000000100100001001000000011000111000000000000000000000000000000000000000000000000000111011110011
000000000000000000000000000000000000000000000000000000000000000000000000000000000000000000000000000000000000000000000000000000000000000111111111111110011111010010010001000110000010001010010011011111101100111000010010000000111110100110100001001011010110101101101100000000000000100000010000001011011010
000000000000000000000000000000000000000000000000000000000000000000000000000000000000000000000000000000000000000000000000000000000000000011111111111100001101000000010000000000000000011111011010111110101101101110010011100110100110100011111000100001000011100101111100000000100000000100011000000000000100
000000000000000000000000000000000000000000000000000000000000000000000000000000000000000000000000000000000000000000000000000000000000000001111111111100001001000000000000000000000000001011011010011110101100000100000010100100000000000000110000000000000010100111101100000000000000001000011010000000010000
000000000000000000000000000000000000000000000000000000000000000000000000000000000000000000000000000000000000000000000000000000000000000000111111111100111101010000011000000000000000001000000000100110100000000000000000000100000001110001100010001011100000001001110000000000000000000000000100001110011011
000000000000000000000000000000000000000000000000000000000000000000000000000000000000000000000000000000000000000000000000000000000000000000011111111111111111111110111000000000001000001101000000001010100000000000000001000000000000111001000000000000000111110001111100000000000000000000000001011111111011
000000000000000000000000000000000000000000000000000000000000000000000000000000000000000000000000000000000000000000000000000000000000000000001111111111011111111110011000000010000000001100010000011110100001000000000000000010100000011000000000000000000111110001100100000000000000000000000000010110011110
000000000000000000000000000000000000000000000000000000000000000000000000000000000000000000000000000000000000000000000000000000000000000000000111111100010100000000010000000000000000011110010010011110100000000000000010000000000010000000100000000100001010100101111100000000100000000000011011000100010010
000000000000000000000000000000000000000000000000000000000000000000000000000000000000000000000000000000000000000000000000000000000000000000000011111110010100010010010000010010100000000000000000000010000000001100000000100100001110100011100000001001011110001001110100000000000000010000000000000010011110
000000000000000000000000000000000000000000000000000000000000000000000000000000000000000000000000000000000000000000000000000000000000000000000001111110010000000000010000000010000000001110010010011110110000000000000000000000000000000000000000000000000011100001101100000000000000000000000000000000010000
000000000000000000000000000000000000000000000000000000000000000000000000000000000000000000000000000000000000000000000000000000000000000000000000101111111010111110011000000010000000001100000010011110100000000000100010000001000000001000100100001101000110110101111100000000100000000000000000010001000000
000000000000000000000000000000000000000000000000000000000000000000000000000000000000000000000000000000000000000000000000000000000000000000000000011100000011000101000000000000001000001100111000111111110000000000000001000000000000000000000000000000000000000001101100000000010000000100000001000110011000
000000000000000000000000000000000000000000000000000000000000000000000000000000000000000000000000000000000000000000000000000000000000000000000000001010011101000000010000000000000000000000000000100010000000000000010010001000100010100000111000100100011010000111000001000000000000001000000001000000010000
000000000000000000000000000000000000000000000000000000000000000000000000000000000000000000000000000000000000000000000000000000000000000000000000000111011111111111011010000011000010000000000000000100000000000000100110001101100010111000001000001011000110000010100100000000000000000000000000111111111111
000000000000000000000000000000000000000000000000000000000000000000000000000000000000000000000000000000000000000000000000000000000000000000000000000000000000000000000000000010000000001000010000001110100100000000000000000100010011111001110111010011101010110111111101000000000000000000000000100010001000
000000000000000000000000000000000000000000000000000000000000000000000000000000000000000000000000000000000000000000000000000000000000000000000000000001110111111111111000000010000000000100000000000000000001000000100101001011000011111001111101011111101101110010100100000000000000000000000000001110011010
000000000000000000000000000000000000000000000000000000000000000000000000000000000000000000000000000000000000000000000000000000000000000000000000000000111111111111111000000000000000000000001000100000000001001100101101101011000000000000100000000000000100010000000100110000100100010110000011000000010000
000000000000000000000000000000000000000000000000000000000000000000000000000000000000000000000000000000000000000000000000000000000000000000000000000000011111111111111000000000000000001000001000100100000000000000100001000000000000011000000000000000000101010000000100000110101001011101100010110110100100
000000000000000000000000000000000000000000000000000000000000000000000000000000000000000000000000000000000000000000000000000000000000000000000000000000001111111111111000000000000000001100001000100000000001100010110001001110100000011000000000000000000101010000000000010000101000000001000000101111011010
000000000000000000000000000000000000000000000000000000000000000000000000000000000000000000000000000000000000000000000000000000000000000000000000000000000111111111111000000000000000000000000000100000000000000000000000000000000000000000000000000000000000000000000000000000100000000100000010111111111011
000000000000000000000000000000000000000000000000000000000000000000000000000000000000000000000000000000000000000000000000000000000000000000000000000000000011111111111000000000000000000000001000100000000001000000100101001010000000001000000000000000000101000000000100000000100000000100000000111110011111
000000000000000000000000000000000000000000000000000000000000000000000000000000000000000000000000000000000000000000000000000000000000000000000000000000000001111111111011001011011001000000000000100100000011111111111100110111100011111011111001000010100100010000000000110100101010000010101010011110011100
000000000000000000000000000000000000000000000000000000000000000000000000000000000000000000000000000000000000000000000000000000000000000000000000000000000000111111111000000000000000000000001000100000000000111111111101100100000000000000100000000000000100000000000000100000000010000000000000011100011010
000000000000000000000000000000000000000000000000000000000000000000000000000000000000000000000000000000000000000000000000000000000000000000000000000000000000011111111000000000000000000000001000100000000011000100110101101111100010000000000000000010000101010010100000010110101110010111000010001000010000
000000000000000000000000000000000000000000000000000000000000000000000000000000000000000000000000000000000000000000000000000000000000000000000000000000000000001101111001000001001010000001000100110100100001000000000001001010010010111100111000001010010111111101100100000000000000100000000001111111111111
000000000000000000000000000000000000000000000000000000000000000000000000000000000000000000000000000000000000000000000000000000000000000000000000000000000000000111111000000000000000000000001000100000000011110011110001000100100010001000000000000000100000010000000000010000100000010000000000001000010000
000000000000000000000000000000000000000000000000000000000000000000000000000000000000000000000000000000000000000000000000000000000000000000000000000000000000000011111000000000000000000000000000100000000001111111111101111111100010111010111000010001000110010000000100111100100010011011001010010000001100
000000000000000000000000000000000000000000000000000000000000000000000000000000000000000000000000000000000000000000000000000000000000000000000000000000000000000001111000000000001000000000000000100000000000101110100001101111000100000001000111001000101100000001001001010000001001010101000000001000000000
000000000000000000000000000000000000000000000000000000000000000000000000000000000000000000000000000000000000000000000000000000000000000000000000000000000000000000011000000000001000000000001000100000000011101100010111001111100000000000000000000000000100010000000000111010101011011111101001100010010000
000000000000000000000000000000000000000000000000000000000000000000000000000000000000000000000000000000000000000000000000000000000000000000000000000000000000000000011000000000001000000000001000100000000001000000000100000001000000001000000000000010000000010000000000000000000010000100100001111101111100
000000000000000000000000000000000000000000000000000000000000000000000000000000000000000000000000000000000000000000000000000000000000000000000000000000000000000000001000000000000000000000001000100000000011110011011101100101100000111000000000000000000000010000000000000000100000000000000000101111111000
000000000000000000000000000000000000000000000000000000000000000000000000000000000000000000000000000000000000000000000000000000000000000000000000000000000000000000000000000000001000000000001000100000000011110111111101101101100011111011101011100011100101010000000100010100100000010000000000001110101000
000000000000000000000000000000000000000000000000000000000000000000000000000000000000000000000000000000000000000000000000000000000000000000000000000000000000000000000011111111110111000000000001000000000011111111111111111011100100000101001000001000010100001000000000100111011111101111110000000000000100
000000000000000000000000000000000000000000000000000000000000000000000000000000000000000000000000000000000000000000000000000000000000000000000000000000000000000000000001111111111111000000100000000000000011110101111111011111100111000111111001000000010000000100000000100111011111101111110000000000000100
000000000000000000000000000000000000000000000000000000000000000000000000000000000000000000000000000000000000000000000000000000000000000000000000000000000000000000000000111111111010000000000100000100000010111111000000101110111111100111111111101001110110101110000001100000010000100000010111000000000000
000000000000000000000000000000000000000000000000000000000000000000000000000000000000000000000000000000000000000000000000000000000000000000000000000000000000000000000000011111110111000000000100000000000001000100010011011000010100000000000000010000000000000000010000101111011111101111111000000000000100
000000000000000000000000000000000000000000000000000000000000000000000000000000000000000000000000000000000000000000000000000000000000000000000000000000000000000000000000001111111111000000000001000000000011010101111111011001110110000100001011101000010000000100000000110111011111101111111000001010100100
000000000000000000000000000000000000000000000000000000000000000000000000000000000000000000000000000000000000000000000000000000000000000000000000000000000000000000000000000111111111000000000000000100000011111101111111101011100001000100111000001000000000000000000000110111011111101111110100000010000100
000000000000000000000000000000000000000000000000000000000000000000000000000000000000000000000000000000000000000000000000000000000000000000000000000000000000000000000000000011110111000000000100010000000011100100111111011011100111100100111000001001000000000000000000111111011110101111111000000000000100
000000000000000000000000000000000000000000000000000000000000000000000000000000000000000000000000000000000000000000000000000000000000000000000000000000000000000000000000000001111111000000100001000100000000111011100111111111101011100101111100001101010000000011000000111111111110101111111000001010100010
000000000000000000000000000000000000000000000000000000000000000000000000000000000000000000000000000000000000000000000000000000000000000000000000000000000000000000000000000000110111000001000000000000000011100100101111001011100000010000000000000010000000000000000000100111011111101111111000000000000100
000000000000000000000000000000000000000000000000000000000000000000000000000000000000000000000000000000000000000000000000000000000000000000000000000000000000000000000000000000011111000000000001000000000011111111111111111011101100000100000000001000011000000000000000111111011111101111111000000000000100
000000000000000000000000000000000000000000000000000000000000000000000000000000000000000000000000000000000000000000000000000000000000000000000000000000000000000000000000000000001111000000000001000000000011110101111111011011100011100100111000000000000000000000000000100111011111101111110000000010000100
000000000000000000000000000000000000000000000000000000000000000000000000000000000000000000000000000000000000000000000000000000000000000000000000000000000000000000000000000000000110000000000000000000000000000000000000001010000100000100000001001000010000010000000000000000010000000100000000010110111100
000000000000000000000000000000000000000000000000000000000000000000000000000000000000000000000000000000000000000000000000000000000000000000000000000000000000000000000000000000000011000000000101000000000011110101111011011011100100000000000000000000010100001100011100111111111111101111111000000010000100
000000000000000000000000000000000000000000000000000000000000000000000000000000000000000000000000000000000000000000000000000000000000000000000000000000000000000000000000000000000001000000000010010110000011010101111111011011100111110100111000001110000000000000000000111111011111101111110100000000000100
000000000000000000000000000000000000000000000000000000000000000000000000000000000000000000000000000000000000000000000000000000000000000000000000000000000000000000000000000000000000000000100001000000000011110101111111011011100100000000000001000000000000000000000000110111011111101111111000101010100100
000000000000000000000000000000000000000000000000000000000000000000000000000000000000000000000000000000000000000000000000000000000000000000000000000000000000000000000000000000000000011011111010011111111100000000000000010000010000000010000001000000000000000000000000010000000000000000000000000000000000
000000000000000000000000000000000000000000000000000000000000000000000000000000000000000000000000000000000000000000000000000000000000000000000000000000000000000000000000000000000000001110111111011111111100000000000000000000000000011100000001000000000000000000011000010000000000000000000000000000000000
000000000000000000000000000000000000000000000000000000000000000000000000000000000000000000000000000000000000000000000000000000000000000000000000000000000000000000000000000000000000000110111011111111111100000000000000000000010000100100001000000000000011100101111100000010000000000000000000000000000000
000000000000000000000000000000000000000000000000000000000000000000000000000000000000000000000000000000000000000000000000000000000000000000000000000000000000000000000000000000000000000011011001010101111100000000000000000000001000011000000000001010001000100001101100000000000000000000000000000000000000
000000000000000000000000000000000000000000000000000000000000000000000000000000000000000000000000000000000000000000000000000000000000000000000000000000000000000000000000000000000000000001111111111111111100000000000000000000000000000100000001000000100011100010101100010010100000000000000001000000000000
000000000000000000000000000000000000000000000000000000000000000000000000000000000000000000000000000000000000000000000000000000000000000000000000000000000000000000000000000000000000000000110001010111111100000000000000000000000000011000000000000010000010010101101100000000000010000000100000110100001111
000000000000000000000000000000000000000000000000000000000000000000000000000000000000000000000000000000000000000000000000000000000000000000000000000000000000000000000000000000000000000000011110111111111100000010000000000000011001111111001111011101110010000100010000000011111000111011000101000000000010
000000000000000000000000000000000000000000000000000000000000000000000000000000000000000000000000000000000000000000000000000000000000000000000000000000000000000000000000000000000000000000001011111111111100000000000000000000001000000110000000000001000011110011111100000010100000100000000101000000000001
000000000000000000000000000000000000000000000000000000000000000000000000000000000000000000000000000000000000000000000000000000000000000000000000000000000000000000000000000000000000000000000011111111011100000000000000000000000000001000000001000000000000010000001000111110101111011011101011000100000000
000000000000000000000000000000000000000000000000000000000000000000000000000000000000000000000000000000000000000000000000000000000000000000000000000000000000000000000000000000000000000000000001011100000100000000000000000000011101111111011111111111110010001000001011111111111101010110011111000000000000
000000000000000000000000000000000000000000000000000000000000000000000000000000000000000000000000000000000000000000000000000000000000000000000000000000000000000000000000000000000000000000000001111111111100000000000000010000001000000100000000001101010011100010111100011010001000110011000111010001000001
000000000000000000000000000000000000000000000000000000000000000000000000000000000000000000000000000000000000000000000000000000000000000000000000000000000000000000000000000000000000000000000000011111101100000001000010000000000000100000101000001100100000101001101000110111011111111111110000000000000000
000000000000000000000000000000000000000000000000000000000000000000000000000000000000000000000000000000000000000000000000000000000000000000000000000000000000000000000000000000000000000000000000010111111100001010000000100100010000100010111000010001000000010001010000101110101011001000100010100110111101
000000000000000000000000000000000000000000000000000000000000000000000000000000000000000000000000000000000000000000000000000000000000000000000000000000000000000000000000000000000000000000000000001111111100000000000000000000011101111111001111101101110011111111111110001011011000110000000111000101001111
000000000000000000000000000000000000000000000000000000000000000000000000000000000000000000000000000000000000000000000000000000000000000000000000000000000000000000000000000000000000000000000000000011111100000000000000000000010000000010000000010000000000000000000000000000000000000000000000000000000000
000000000000000000000000000000000000000000000000000000000000000000000000000000000000000000000000000000000000000000000000000000000000000000000000000000000000000000000000000000000000000000000000000011111100010010000000000000011011100110111000001001000010111111111110000010001010111000000110100100101011
000000000000000000000000000000000000000000000000000000000000000000000000000000000000000000000000000000000000000000000000000000000000000000000000000000000000000000000000000000000000000000000000000001111100000000000000000000010001101110011001000001010010111111101100000010000000000000000000100100110011
000000000000000000000000000000000000000000000000000000000000000000000000000000000000000000000000000000000000000000000000000000000000000000000000000000000000000000000000000000000000000000000000000000111100000000000000000000001001000010110000000001000010100100111000000000000000000000000000000000000000
000000000000000000000000000000000000000000000000000000000000000000000000000000000000000000000000000000000000000000000000000000000000000000000000000000000000000000000000000000000000000000000000000000011100000000000000000000000000000000000001000000000111100000011000000000000010000000000100010100111110
000000000000000000000000000000000000000000000000000000000000000000000000000000000000000000000000000000000000000000000000000000000000000000000000000000000000000000000000000000000000000000000000000000001100000000000000000000000000000000000000000000000010000000100000000000000000000000000000000000000000
000000000000000000000000000000000000000000000000000000000000000000000000000000000000000000000000000000000000000000000000000000000000000000000000000000000000000000000000000000000000000000000000000000000100000000000000000000010101111101001111100111011011100101111101010010100000000000000000000000000000
000000000000000000000000000000000000000000000000000000000000000000000000000000000000000000000000000000000000000000000000000000000000000000000000000000000000000000000000000000000000000000000000000000000000000010000000000100010100100100001010100101110011000001111100010010000000100110000110000000000000
000000000000000000000000000000000000000000000000000000000000000000000000000000000000000000000000000000000000000000000000000000000000000000000000000000000000000000000000000000000000000000000000000000000001111111111111111111100000000100000001010000010000010000000000111111001111101011100000111111101100
000000000000000000000000000000000000000000000000000000000000000000000000000000000000000000000000000000000000000000000000000000000000000000000000000000000000000000000000000000000000000000000000000000000000111111111111111111110000000000000000000000000100000000000000111111101111101111111000111111111110
000000000000000000000000000000000000000000000000000000000000000000000000000000000000000000000000000000000000000000000000000000000000000000000000000000000000000000000000000000000000000000000000000000000000011111111111111111100000000010000000000000000000010000000000111111111111111111111010111111000100
000000000000000000000000000000000000000000000000000000000000000000000000000000000000000000000000000000000000000000000000000000000000000000000000000000000000000000000000000000000000000000000000000000000000001111111111111111100000000000000000000000000000000000000000110110001111101011110000011010100100
000000000000000000000000000000000000000000000000000000000000000000000000000000000000000000000000000000000000000000000000000000000000000000000000000000000000000000000000000000000000000000000000000000000000000111111111111111100011000111110000001001010000010000000000101110101111111011111010111111011100
000000000000000000000000000000000000000000000000000000000000000000000000000000000000000000000000000000000000000000000000000000000000000000000000000000000000000000000000000000000000000000000000000000000000000011111111111111100000000000000000000000010000000000000000111111101111011011111010011010000100
000000000000000000000000000000000000000000000000000000000000000000000000000000000000000000000000000000000000000000000000000000000000000000000000000000000000000000000000000000000000000000000000000000000000000001111111111111101000000011000000001000010010010011101101101010000010111010101000101111101100
000000000000000000000000000000000000000000000000000000000000000000000000000000000000000000000000000000000000000000000000000000000000000000000000000000000000000000000000000000000000000000000000000000000000000000111111111111100000000000000000000000000000010000000000110111001111111001111001011010000100
000000000000000000000000000000000000000000000000000000000000000000000000000000000000000000000000000000000000000000000000000000000000000000000000000000000000000000000000000000000000000000000000000000000000000000011111111111100000011010000000001000010111000000000000100001000000100000011000001100000100
000000000000000000000000000000000000000000000000000000000000000000000000000000000000000000000000000000000000000000000000000000000000000000000000000000000000000000000000000000000000000000000000000000000000000000001111111111110000000000000000000000000000010000000000111111101111011111111010111011100100
000000000000000000000000000000000000000000000000000000000000000000000000000000000000000000000000000000000000000000000000000000000000000000000000000000000000000000000000000000000000000000000000000000000000000000000111111111100000000010000000000000000000010000000000111111100010111101011000001000000100
000000000000000000000000000000000000000000000000000000000000000000000000000000000000000000000000000000000000000000000000000000000000000000000000000000000000000000000000000000000000000000000000000000000000000000000011111111100000000000000000000000000000000000000000111110001111101001101000111011100100
000000000000000000000000000000000000000000000000000000000000000000000000000000000000000000000000000000000000000000000000000000000000000000000000000000000000000000000000000000000000000000000000000000000000000000000001111111110000100110000000000000010000000000000000101011110100111110011000010010011100
000000000000000000000000000000000000000000000000000000000000000000000000000000000000000000000000000000000000000000000000000000000000000000000000000000000000000000000000000000000000000000000000000000000000000000000000111111100000000000000000000000000101000000000000101111111111111111110010000000011110
000000000000000000000000000000000000000000000000000000000000000000000000000000000000000000000000000000000000000000000000000000000000000000000000000000000000000000000000000000000000000000000000000000000000000000000000011111100000000011000000000000010000010000000000111010100110011001111000100000100100
000000000000000000000000000000000000000000000000000000000000000000000000000000000000000000000000000000000000000000000000000000000000000000000000000000000000000000000000000000000000000000000000000000000000000000000000001111111101000111000001011000010000000000000000111110111111110111111011001000100100
000000000000000000000000000000000000000000000000000000000000000000000000000000000000000000000000000000000000000000000000000000000000000000000000000000000000000000000000000000000000000000000000000000000000000000000000000111100000000000000000000000000100000000000100101110000110101111111000000000001100
000000000000000000000000000000000000000000000000000000000000000000000000000000000000000000000000000000000000000000000000000000000000000000000000000000000000000000000000000000000000000000000000000000000000000000000000000011101011100011111001001001011110010000000000110100000000111001101000101111111100
000000000000000000000000000000000000000000000000000000000000000000000000000000000000000000000000000000000000000000000000000000000000000000000000000000000000000000000000000000000000000000000000000000000000000000000000000001100000000010000000000000000100000000000000100111010010101101111000000000001100
000000000000000000000000000000000000000000000000000000000000000000000000000000000000000000000000000000000000000000000000000000000000000000000000000000000000000000000000000000000000000000000000000000000000000000000000000000100000000010010000000000010100000000000000111111101111011011111010111011100100
000000000000000000000000000000000000000000000000000000000000000000000000000000000000000000000000000000000000000000000000000000000000000000000000000000000000000000000000000000000000000000000000000000000000000000000000000000000000100100010000000000010000010000000000111111101111111011111010111111100100
000000000000000000000000000000000000000000000000000000000000000000000000000000000000000000000000000000000000000000000000000000000000000000000000000000000000000000000000000000000000000000000000000000000000000000000000000000001111111111101111111111111000101000000100010000100000010100100000000000000000
000000000000000000000000000000000000000000000000000000000000000000000000000000000000000000000000000000000000000000000000000000000000000000000000000000000000000000000000000000000000000000000000000000000000000000000000000000000111111111111111111111111010101111011011101111101111111101111111000100000000
000000000000000000000000000000000000000000000000000000000000000000000000000000000000000000000000000000000000000000000000000000000000000000000000000000000000000000000000000000000000000000000000000000000000000000000000000000000011111111111111111111111010001111000100110001111100100100110110000000000000
000000000000000000000000000000000000000000000000000000000000000000000000000000000000000000000000000000000000000000000000000000000000000000000000000000000000000000000000000000000000000000000000000000000000000000000000000000000001111111111111111111111111101111011001000000000000000000000000000000000000
000000000000000000000000000000000000000000000000000000000000000000000000000000000000000000000000000000000000000000000000000000000000000000000000000000000000000000000000000000000000000000000000000000000000000000000000000000000000111111111111111111111110101111001001000000000000000100001011000000000000
000000000000000000000000000000000000000000000000000000000000000000000000000000000000000000000000000000000000000000000000000000000000000000000000000000000000000000000000000000000000000000000000000000000000000000000000000000000000011111111111111111111011101111011001100011101000000010001100001000010010
000000000000000000000000000000000000000000000000000000000000000000000000000000000000000000000000000000000000000000000000000000000000000000000000000000000000000000000000000000000000000000000000000000000000000000000000000000000000001111111111111111111111111110011100000000101000000000000100001100011110
000000000000000000000000000000000000000000000000000000000000000000000000000000000000000000000000000000000000000000000000000000000000000000000000000000000000000000000000000000000000000000000000000000000000000000000000000000000000000111111111111111111101111110001101000001101000000010000100001101001000
000000000000000000000000000000000000000000000000000000000000000000000000000000000000000000000000000000000000000000000000000000000000000000000000000000000000000000000000000000000000000000000000000000000000000000000000000000000000000011111111111111111010101110000100100001110000110100111111000000000000
000000000000000000000000000000000000000000000000000000000000000000000000000000000000000000000000000000000000000000000000000000000000000000000000000000000000000000000000000000000000000000000000000000000000000000000000000000000000000001111111111111111111001111111111001111101010111100101011000000000000
000000000000000000000000000000000000000000000000000000000000000000000000000000000000000000000000000000000000000000000000000000000000000000000000000000000000000000000000000000000000000000000000000000000000000000000000000000000000000000111111111111111111101111011001001011111000000100111011000000000000
000000000000000000000000000000000000000000000000000000000000000000000000000000000000000000000000000000000000000000000000000000000000000000000000000000000000000000000000000000000000000000000000000000000000000000000000000000000000000000011111111111111110101110111111000000000000100000000000000000000010
000000000000000000000000000000000000000000000000000000000000000000000000000000000000000000000000000000000000000000000000000000000000000000000000000000000000000000000000000000000000000000000000000000000000000000000000000000000000000000001111111111111111101110011001000000000000000000000010000000000000
000000000000000000000000000000000000000000000000000000000000000000000000000000000000000000000000000000000000000000000000000000000000000000000000000000000000000000000000000000000000000000000000000000000000000000000000000000000000000000000111111111111011101110011111110000100000000110101010000000000000
000000000000000000000000000000000000000000000000000000000000000000000000000000000000000000000000000000000000000000000000000000000000000000000000000000000000000000000000000000000000000000000000000000000000000000000000000000000000000000000011111111111111101111111111010000101000000000100100000000000000
000000000000000000000000000000000000000000000000000000000000000000000000000000000000000000000000000000000000000000000000000000000000000000000000000000000000000000000000000000000000000000000000000000000000000000000000000000000000000000000001111111111110101111011001000000100000000000000110000000000000
000000000000000000000000000000000000000000000000000000000000000000000000000000000000000000000000000000000000000000000000000000000000000000000000000000000000000000000000000000000000000000000000000000000000000000000000000000000000000000000000111111111111101111000011100101110100010010010101000000000000
000000000000000000000000000000000000000000000000000000000000000000000000000000000000000000000000000000000000000000000000000000000000000000000000000000000000000000000000000000000000000000000000000000000000000000000000000000000000000000000000011111111010101110011001110000100000000100000010000000000000
000000000000000000000000000000000000000000000000000000000000000000000000000000000000000000000000000000000000000000000000000000000000000000000000000000000000000000000000000000000000000000000000000000000000000000000000000000000000000000000000001111111010001100001011010000100000000000000010000000000000
000000000000000000000000000000000000000000000000000000000000000000000000000000000000000000000000000000000000000000000000000000000000000000000000000000000000000000000000000000000000000000000000000000000000000000000000000000000000000000000000000111111111101111111111100001111000110110111000000000010000
000000000000000000000000000000000000000000000000000000000000000000000000000000000000000000000000000000000000000000000000000000000000000000000000000000000000000000000000000000000000000000000000000000000000000000000000000000000000000000000000000011111111101111011001100001111001000100000110000000000000
000000000000000000000000000000000000000000000000000000000000000000000000000000000000000000000000000000000000000000000000000000000000000000000000000000000000000000000000000000000000000000000000000000000000000000000000000000000000000000000000000001111110000100000101000000000000000000000000000000010010
000000000000000000000000000000000000000000000000000000000000000000000000000000000000000000000000000000000000000000000000000000000000000000000000000000000000000000000000000000000000000000000000000000000000000000000000000000000000000000000000000000111111101111011011001111111100010110001010000000000000
000000000000000000000000000000000000000000000000000000000000000000000000000000000000000000000000000000000000000000000000000000000000000000000000000000000000000000000000000000000000000000000000000000000000000000000000000000000000000000000000000000011000100111001001110000000000000100100110000000000000
000000000000000000000000000000000000000000000000000000000000000000000000000000000000000000000000000000000000000000000000000000000000000000000000000000000000000000000000000000000000000000000000000000000000000000000000000000000000000000000000000000001010001011101110110011110100110100110101000000000000
000000000000000000000000000000000000000000000000000000000000000000000000000000000000000000000000000000000000000000000000000000000000000000000000000000000000000000000000000000000000000000000000000000000000000000000000000000000000000000000000000000000100001011001010100000100000010100010000000000000000
000000000000000000000000000000000000000000000000000000000000000000000000000000000000000000000000000000000000000000000000000000000000000000000000000000000000000000000000000000000000000000000000000000000000000000000000000000000000000000000000000000000011111111111111000111111110111010100110101110111111
000000000000000000000000000000000000000000000000000000000000000000000000000000000000000000000000000000000000000000000000000000000000000000000000000000000000000000000000000000000000000000000000000000000000000000000000000000000000000000000000000000000001111111111111001111001010111110101111000100011110
000000000000000000000000000000000000000000000000000000000000000000000000000000000000000000000000000000000000000000000000000000000000000000000000000000000000000000000000000000000000000000000000000000000000000000000000000000000000000000000000000000000000111111111111001011001010010011110111000100011011
000000000000000000000000000000000000000000000000000000000000000000000000000000000000000000000000000000000000000000000000000000000000000000000000000000000000000000000000000000000000000000000000000000000000000000000000000000000000000000000000000000000000011111111111000011110010010010000110000000001000
000000000000000000000000000000000000000000000000000000000000000000000000000000000000000000000000000000000000000000000000000000000000000000000000000000000000000000000000000000000000000000000000000000000000000000000000000000000000000000000000000000000000001111111111001110100111011101100111100101110100
000000000000000000000000000000000000000000000000000000000000000000000000000000000000000000000000000000000000000000000000000000000000000000000000000000000000000000000000000000000000000000000000000000000000000000000000000000000000000000000000000000000000000111111111000111110000110010111110000000000000
000000000000000000000000000000000000000000000000000000000000000000000000000000000000000000000000000000000000000000000000000000000000000000000000000000000000000000000000000000000000000000000000000000000000000000000000000000000000000000000000000000000000000011111111000111101000011010010100000000001000
000000000000000000000000000000000000000000000000000000000000000000000000000000000000000000000000000000000000000000000000000000000000000000000000000000000000000000000000000000000000000000000000000000000000000000000000000000000000000000000000000000000000000001111111001010101000111010000111000110001101
000000000000000000000000000000000000000000000000000000000000000000000000000000000000000000000000000000000000000000000000000000000000000000000000000000000000000000000000000000000000000000000000000000000000000000000000000000000000000000000000000000000000000000111111000110101011011000000100000000001001
000000000000000000000000000000000000000000000000000000000000000000000000000000000000000000000000000000000000000000000000000000000000000000000000000000000000000000000000000000000000000000000000000000000000000000000000000000000000000000000000000000000000000000011111000110101011111000110111000100001010
000000000000000000000000000000000000000000000000000000000000000000000000000000000000000000000000000000000000000000000000000000000000000000000000000000000000000000000000000000000000000000000000000000000000000000000000000000000000000000000000000000000000000000001111000110111011111000010100000000000000
000000000000000000000000000000000000000000000000000000000000000000000000000000000000000000000000000000000000000000000000000000000000000000000000000000000000000000000000000000000000000000000000000000000000000000000000000000000000000000000000000000000000000000000111000111111011111000000100000000000000
000000000000000000000000000000000000000000000000000000000000000000000000000000000000000000000000000000000000000000000000000000000000000000000000000000000000000000000000000000000000000000000000000000000000000000000000000000000000000000000000000000000000000000000011000110001010110000100110000001011011
000000000000000000000000000000000000000000000000000000000000000000000000000000000000000000000000000000000000000000000000000000000000000000000000000000000000000000000000000000000000000000000000000000000000000000000000000000000000000000000000000000000000000000000001000001000000110000000100000000000000
000000000000000000000000000000000000000000000000000000000000000000000000000000000000000000000000000000000000000000000000000000000000000000000000000000000000000000000000000000000000000000000000000000000000000000000000000000000000000000000000000000000000000000000000001110101011011010100111000000001000
000000000000000000000000000000000000000000000000000000000000000000000000000000000000000000000000000000000000000000000000000000000000000000000000000000000000000000000000000000000000000000000000000000000000000000000000000000000000000000000000000000000000000000000000011111111111111111111010000111011110
000000000000000000000000000000000000000000000000000000000000000000000000000000000000000000000000000000000000000000000000000000000000000000000000000000000000000000000000000000000000000000000000000000000000000000000000000000000000000000000000000000000000000000000000001111111111011111111110101010100100
000000000000000000000000000000000000000000000000000000000000000000000000000000000000000000000000000000000000000000000000000000000000000000000000000000000000000000000000000000000000000000000000000000000000000000000000000000000000000000000000000000000000000000000000000111111111111111111111110111111111
000000000000000000000000000000000000000000000000000000000000000000000000000000000000000000000000000000000000000000000000000000000000000000000000000000000000000000000000000000000000000000000000000000000000000000000000000000000000000000000000000000000000000000000000000011111111111111111111011110001100
000000000000000000000000000000000000000000000000000000000000000000000000000000000000000000000000000000000000000000000000000000000000000000000000000000000000000000000000000000000000000000000000000000000000000000000000000000000000000000000000000000000000000000000000000001111111111111111111110111111100
000000000000000000000000000000000000000000000000000000000000000000000000000000000000000000000000000000000000000000000000000000000000000000000000000000000000000000000000000000000000000000000000000000000000000000000000000000000000000000000000000000000000000000000000000000111111111011110111000000000000
000000000000000000000000000000000000000000000000000000000000000000000000000000000000000000000000000000000000000000000000000000000000000000000000000000000000000000000000000000000000000000000000000000000000000000000000000000000000000000000000000000000000000000000000000000011111011111111111111111011100
000000000000000000000000000000000000000000000000000000000000000000000000000000000000000000000000000000000000000000000000000000000000000000000000000000000000000000000000000000000000000000000000000000000000000000000000000000000000000000000000000000000000000000000000000000001111111111111111000000000100
000000000000000000000000000000000000000000000000000000000000000000000000000000000000000000000000000000000000000000000000000000000000000000000000000000000000000000000000000000000000000000000000000000000000000000000000000000000000000000000000000000000000000000000000000000000111111111111110111111111100
000000000000000000000000000000000000000000000000000000000000000000000000000000000000000000000000000000000000000000000000000000000000000000000000000000000000000000000000000000000000000000000000000000000000000000000000000000000000000000000000000000000000000000000000000000000011111111111110110011100100
000000000000000000000000000000000000000000000000000000000000000000000000000000000000000000000000000000000000000000000000000000000000000000000000000000000000000000000000000000000000000000000000000000000000000000000000000000000000000000000000000000000000000000000000000000000001111111111111111111111100
000000000000000000000000000000000000000000000000000000000000000000000000000000000000000000000000000000000000000000000000000000000000000000000000000000000000000000000000000000000000000000000000000000000000000000000000000000000000000000000000000000000000000000000000000000000000111111111110001110000100
000000000000000000000000000000000000000000000000000000000000000000000000000000000000000000000000000000000000000000000000000000000000000000000000000000000000000000000000000000000000000000000000000000000000000000000000000000000000000000000000000000000000000000000000000000000000011111110111001100000100
000000000000000000000000000000000000000000000000000000000000000000000000000000000000000000000000000000000000000000000000000000000000000000000000000000000000000000000000000000000000000000000000000000000000000000000000000000000000000000000000000000000000000000000000000000000000001011111111110101000100
000000000000000000000000000000000000000000000000000000000000000000000000000000000000000000000000000000000000000000000000000000000000000000000000000000000000000000000000000000000000000000000000000000000000000000000000000000000000000000000000000000000000000000000000000000000000000111111111111111111100
000000000000000000000000000000000000000000000000000000000000000000000000000000000000000000000000000000000000000000000000000000000000000000000000000000000000000000000000000000000000000000000000000000000000000000000000000000000000000000000000000000000000000000000000000000000000000011111011000000000100
000000000000000000000000000000000000000000000000000000000000000000000000000000000000000000000000000000000000000000000000000000000000000000000000000000000000000000000000000000000000000000000000000000000000000000000000000000000000000000000000000000000000000000000000000000000000000001111111111111111111
000000000000000000000000000000000000000000000000000000000000000000000000000000000000000000000000000000000000000000000000000000000000000000000000000000000000000000000000000000000000000000000000000000000000000000000000000000000000000000000000000000000000000000000000000000000000000000111111011011001100
000000000000000000000000000000000000000000000000000000000000000000000000000000000000000000000000000000000000000000000000000000000000000000000000000000000000000000000000000000000000000000000000000000000000000000000000000000000000000000000000000000000000000000000000000000000000000000011111111110101100
000000000000000000000000000000000000000000000000000000000000000000000000000000000000000000000000000000000000000000000000000000000000000000000000000000000000000000000000000000000000000000000000000000000000000000000000000000000000000000000000000000000000000000000000000000000000000000001011000000000000
000000000000000000000000000000000000000000000000000000000000000000000000000000000000000000000000000000000000000000000000000000000000000000000000000000000000000000000000000000000000000000000000000000000000000000000000000000000000000000000000000000000000000000000000000000000000000000000011111110111111
000000000000000000000000000000000000000000000000000000000000000000000000000000000000000000000000000000000000000000000000000000000000000000000000000000000000000000000000000000000000000000000000000000000000000000000000000000000000000000000000000000000000000000000000000000000000000000000011000110000000
000000000000000000000000000000000000000000000000000000000000000000000000000000000000000000000000000000000000000000000000000000000000000000000000000000000000000000000000000000000000000000000000000000000000000000000000000000000000000000000000000000000000000000000000000000000000000000000001111111111100
000000000000000000000000000000000000000000000000000000000000000000000000000000000000000000000000000000000000000000000000000000000000000000000000000000000000000000000000000000000000000000000000000000000000000000000000000000000000000000000000000000000000000000000000000000000000000000000000100110110001
000000000000000000000000000000000000000000000000000000000000000000000000000000000000000000000000000000000000000000000000000000000000000000000000000000000000000000000000000000000000000000000000000000000000000000000000000000000000000000000000000000000000000000000000000000000000000000000000011111111111
000000000000000000000000000000000000000000000000000000000000000000000000000000000000000000000000000000000000000000000000000000000000000000000000000000000000000000000000000000000000000000000000000000000000000000000000000000000000000000000000000000000000000000000000000000000000000000000000001111111111
000000000000000000000000000000000000000000000000000000000000000000000000000000000000000000000000000000000000000000000000000000000000000000000000000000000000000000000000000000000000000000000000000000000000000000000000000000000000000000000000000000000000000000000000000000000000000000000000000111111111
000000000000000000000000000000000000000000000000000000000000000000000000000000000000000000000000000000000000000000000000000000000000000000000000000000000000000000000000000000000000000000000000000000000000000000000000000000000000000000000000000000000000000000000000000000000000000000000000000011111111
000000000000000000000000000000000000000000000000000000000000000000000000000000000000000000000000000000000000000000000000000000000000000000000000000000000000000000000000000000000000000000000000000000000000000000000000000000000000000000000000000000000000000000000000000000000000000000000000000001111111
000000000000000000000000000000000000000000000000000000000000000000000000000000000000000000000000000000000000000000000000000000000000000000000000000000000000000000000000000000000000000000000000000000000000000000000000000000000000000000000000000000000000000000000000000000000000000000000000000000111111
000000000000000000000000000000000000000000000000000000000000000000000000000000000000000000000000000000000000000000000000000000000000000000000000000000000000000000000000000000000000000000000000000000000000000000000000000000000000000000000000000000000000000000000000000000000000000000000000000000011111
000000000000000000000000000000000000000000000000000000000000000000000000000000000000000000000000000000000000000000000000000000000000000000000000000000000000000000000000000000000000000000000000000000000000000000000000000000000000000000000000000000000000000000000000000000000000000000000000000000001111
000000000000000000000000000000000000000000000000000000000000000000000000000000000000000000000000000000000000000000000000000000000000000000000000000000000000000000000000000000000000000000000000000000000000000000000000000000000000000000000000000000000000000000000000000000000000000000000000000000000111
000000000000000000000000000000000000000000000000000000000000000000000000000000000000000000000000000000000000000000000000000000000000000000000000000000000000000000000000000000000000000000000000000000000000000000000000000000000000000000000000000000000000000000000000000000000000000000000000000000000011
000000000000000000000000000000000000000000000000000000000000000000000000000000000000000000000000000000000000000000000000000000000000000000000000000000000000000000000000000000000000000000000000000000000000000000000000000000000000000000000000000000000000000000000000000000000000000000000000000000000001
000000000000000000000000000000000000000000000000000000000000000000000000000000000000000000000000000000000000000000000000000000000000000000000000000000000000000000000000000000000000000000000000000000000000000000000000000000000000000000000000000000000000000000000000000000000000000000000000000000000000
