001110011110100011101111100010101001101001000111011001101110011000100001010010100000010000001110011010111101011000011010001011000011010100111000011111111111000101001110110110001110000000011101110010110011011111100010110001101000001100111111101100110000111101011000101101110011111001010110100110110000
001000000000001000000010000100000100000010000001100110000000000100000011000010111000000000110000010000000010000110000010001000100000000100100010001010000001000000000100000100001001000110001010000000000000100010100000110100001100100000100100000000001000000100000000000100001101000101000001000000010001
000100011110110011101111100011101101101011001111111101101110011000100011010010100001010010111110111000111111111110101010101111000011010101110000011011100101010110011011110110001100001110111111110010110111011111100010110101101101011101011111101010110000111101011100111001110111111001010110100110111100
000000010110100000101100100010101000101000000111010001101000010000110000010000100100010011000010001000001100011000011000000011000000010100010001011001000000000100000000000010001100000000010001110001100010000100100010000001101000001000001001110000100000111101011000001000110010010000010100100000110000
000000010100000000000000100000001000100000000000010001000000000000000000000000100000010000001000000000101000000000001000000010000000000100001000000001000010000000000000000000000100000000000000100000100001010100000010000000100000000000000000000000100000010001000000101000000010000000000000000010100000
000000000000000000000000000000000000000000000000000000000000000000000000000000000000000000000000000000000000000000000000000000000000000000000000000000000000000000000000000000000000000000000000000000000000000000000000000000000000000000000000000000000000000000000000000000000000000000000000000000000000
000000000000000000000000000000000000000000000000000000000000000000000000000000000000000000000000000000000000000000000000000000000000000000000000000000000000000000000000000000000000000000000001000000000000000000000000000000000000000000000000000000000000000000000000000000000000000000000000000000000000
000000001110110011101111110011101111101001000111011101101111011000101101010010101100010011111110011010111100111010011010111011000011110101111001011111101110000111011111110110001110001100010101110110110011010111100010010101101100001101111111101011110010111101011000111101111010111101010111100111110101
000000000100100011101101110010101000101000001001011101111010011000110000110010000001010000011010101011111100001001001010101111000010010001111000011011111110001101011010110000001010001100010101110001110011010101100000010001101100001000111011011011110000111101011000111001110010011101010101100100110000
000000000010110011101111110010101011101001001111011101111111011001111001010010100101010111111110111010111101011010011010111111000011010101111001011111111111001111010110110110001110001100011101110011110011011111111010110111101100001000111111111010110000111101011000111101111011111001010110100111111000
000000000000100000101100100000101001100000000010010001001000010000100000000000100000010000001000001000001100001000001000000011000010000100000000010001000010000100000000000000001100000000010001010000100011010001100010010000100000001000000001000000100000011001011000101000110010110000010100000010110000
000000000000001000010000100111000100010000000101000100000100011100000101000001001000100000010000010000000001001000000010111100000100100000100010001100000001000000000000000100000000000110101000000100000000101010001000010000001011000001000100000000100010010101000001001001001100000001000010001000000000
000000000000010001101110110010101100101001001111011111111111011000110011110010101101010011111110111001111101011010001010011111000111010101111001011111101011001111111110110110001110000110111111110011110011011111101010110001101111001000101111111010110010111101011001101101111111111101010111100110110000
000000000000000000101100100000101000000100001011011001001000010001011000010000100101000111000010001000001100011000010000001010000010000001000001010000000000001110010010000000001010000000010001100001000110000000100010000000000000001000010100110011010000111001001100010000110010010000010000100000110000
000000000000000000010000000000000000010010000101000100000100000100000100000001001000110000010000010000000000000000000010111100000100100000100010001000000000000000000000000000000000000100100000000100000000100010011000000010001111000001000100000000001010000100000001000100001000000001000010011000000000
000000000000000000000000000000000000000000000000000000000000000000000000000000000000000000000000000000000000000000000000000000000000000000000000000000000000000000000000000000100000000000000000000000000000000000000000001000000000000000000000000000000000000000000000000010000000000000000000000000000010
000000000000000001100100010010001001101000001010011001111010011000000000110010100000010000000110101011001100011000001000000010000010000001010000000001111100001101010010100000001010001100000101100000110010000001000010000001000000000000011110000011100000000000011100101001000010011000010000100100100100
000000000000000000101100110010100000101001001010011001110000011000010000010000100000010100000110101010011100011000001010101010000011000001110000010011111100001011010010110000001010001110010101010000110010000001100000010001101000000000011111001011100000011101011000001001110010011001010100100100110000
000000000000000000001111110010101000101001000111011001101111011000111001010000100101010111001110111000011101011000011010011011000011010101111001011011100110000111010110110110001110000100110001110111110111011111100010010101101100001000001111111010110010111101011000111000110010111001010110100111110100
000000000000000000000010000001000000010000000110000001000100000100000100000000001000000000000010010000000001100000000000011100000100100000000000000000000000000000000000000000000000000000010000000100000000101000001000010010000110000001100101000000000010000000000001000100000000010000000010100000000000
000000000000000000000100110010101010101000001111011101101100011001111001010010101101010111011010101000101100111000011010001011000010010100111001011111101010000100010010110110001110000000010001110001110011010101101010010001101100001000001111111000110000111101011000111001110010111001010100100110110000
000000000000000000000001110010101011111001001011011101111111011001100101010010100001110010111010111010111100111000001010011011000110110100111000011111101111001111010000110100001110001100011001110100110011010111100010010001101000001000111111101010110000111101011001111101110010111001010110100110110000
000000000000000000000000100111101100101010000111110111001111001100000111010010001000010000110110010000001111100110000010111110100111100100110000001000000001000100010100010100001000000100011011100000100010101010110000110110101110101001100101001100101010011101010000100100110001010101000111110001110001
000000000000000000000000100010100100101001000000011001101010001000100000010000100000010000001110001000011100001000011000001011000010000000010000000111100000001000000000010000001000000000010001010010100011000100100000000000000000001000000100001001100000001001010000100000110010111000000000100110000000
000000000000000000000000000010101101101001001111011101101111011000100101010011101101110011111110111000111111111010101010101111000111110101111000011111101011000111010010110110001110001100111101110001110111111111100010110001101111001101101111101010110010111101011000101101111011111101010111100111110100
000000000000000000000000001000100000000000001000111001110000010000000000100000100000000000000000100011001000000000001000000010000000000001010000010000111100001001010010100000000010001001000101001000010100000001000010000001000000000000011011100011000000011001001000100001110000001000010000000100000000
000000000000000000000000000000000000000000000000000000110000000000000000100000000000000000000000000001000000000000000000000000000000000000000000000100000000000000000000100000000000000001000000001000000000000000000000000000000000000000000000000000000000000000000000000000000000000000000000000000000000
000000000000000000000000000000000000010000000000000001000100000000000110000001001000100000000000010000000001000000000010010000000000100000100000000000000000000000000000000000000000000000110000100100000000101000100000000000000001000001000100000000001000000000000001000000000000000001000010000000000000
000000000000000000000000000000101101101001000001011101101010011001100101010011101100010000011110011000011100111010011010111011000011010101111000011111111101100101010100110110001100000100011101110000110011000111100010110101101100011100111111111011111000011101010000111001111111011001010110100110110100
000000000000000000000000000000000000110000000001000000000001000000000100000011001000000000100000010000001100000000000010111000000000100100100000001010000000000000000101000000000000000100000000000100000000000010001000010010001000000001100000000000000010000100000001000000010000000001000010000000100001
000000000000000000000000000000001111101001001011011101101111011001111001010010100101010111111110111010111101111000011010101111000011010101111001011111100111001111011110110110001110001100011001110111110111011111110010110101101100001000101111111010110010111101011100111001111111111101010111110111111100
000000000000000000000000000000000000000000000000000000000000000000000000000000000010000000000000000000000000000000000000000000000000000000000000000000000000000000000000000000000000000000000000000000000000000000000000000000000000000010000000000000000000000000000000000000000000000000000000000000000000
000000000000000000000000000000000000101001000011011101101010011000100001010010100000010010011110111000111101111000011010101011000011010100111000011111111110001101010010110110001110000100010001110010110011011111100010010001101100001100111111011010110000111101011000111101110010111001010110100110110100
000000000000000000000000000000000001110010000001100110000110001000000111010011101000010000110000011000001011001110000010111100100111100000100010011010000001001000000100010100001001100110111011000110000010101010101000110111001101100001100101001000001010100101010001000100001101001101000011000000000000
000000000000000000000000000000000000101000000000000001000000010000000010010000100000000000000010000000001000000000001000000010000010010100000000010010000000000100000000000010001100000000000001010000000000000100000010000000000000001000000000000000000000000000001000010000010010010000010000000000010000
000000000000000000000000000000000000101011000000001001101010001000100000000000100000000000000000101000011100001000001000000110000000000100010000011010100000000100010100010010001000000100010001010000000010000001000010010001000000000000001110001000000000000000011000000001110010111000010000000100010000
000000000000000000000000000000000000001001000111011101101111011001100101010011101000010011111110011010111101111010011010011011000111110101111001011111101110000111011110110110001110000100010101110110110011011111100010010101101101001001111111101010110010111101011000111101110010110101010111100111110101
000000000000000000000000000000000000000000000101000100000100000100000101000011001000100000010000010000000000000000000010111000000100100000100010001000000000000100000001001100000000000110110000000100000000100010101000010010001011000001000100000000000010000100000001000000100000000001000010000000000000
000000000000000000000000000000000000000011001101111101101110011001110110110010100100010010011110111001111111111110101010101111000111010101111001011011101110010111111010110010101100001100010111110011110011011111100010010001101100001100101111111010111000111101011100111111110010111001010110100110110000
000000000000000000000000000000000000000000000000000000000001000000000000000000000000000000000000000000000000000000000000000000000010000000000000000000000000000000001000000000000000000000010000000000000000000000000000000000000000000100000000000000000000000000000000000000000000000000000000000000000100
000000000000000000000000000000000000000000000101110110000010000100000111000000100000000000110000010000000010000110000010001100100010000100100010001010000000000000000100010100001001000110000011000000000000000010000010110100001000100000000100001000001000000100000000000100001101000101000011000000010000
000000000000000000000000000000000000000000000000010001101010011000100001010000100000010000000110001000011101001010000010001000000011010100110000011011100000000100000100010100001000000000010101100000100011001101100010010100101000000100010100001000100000011101011000101000110010001001110100100100110100
000000000000000000000000000000000000000000000000000000000000000000000000000000000000000000000000010000000001000000000010001000000000000100100000001000000000000000000000000000000000000000000000000000000000001000000000010000000000000000000000000100000000000100000000000100000000000001000000000000000000
000000000000000000000000000000000000000000000000000000000000000000000000000000000000000000000000000000000000000000000001000000010000000000000000100000000000000000000000000000000000010000000000000000000000000000000100000000010000000000000000000000000000000000000000000000000000000000000000000000000000
000000000000000000000000000000000000000000000000001001111010000000100000110000000100000000000010101011001100001000000010001010000010010001110000000011101100001101010010100000001010001100000101100000010010000001000010000001000000001000011110011011010000011001010000100001110000011001000000100100010000
000000000000000000000000000000000000000000000001010101000101000100000111000001101000000000010000010000101111001010000010011010000000100100110000001000000001000100000000000100000100000100111001000110000000111111111010110110101011000001001101001000100010110101010001101001110011010001000010110000010000
000000000000000000000000000000000000000000000001010001001100011000100000010000100100010010000010000000001000001000001000000010000000010000000001010001001100000111000010000010001100000000010001100000110010000101100010010000100000001000001001010000100000111001001000111000110010110000010100000000110000
000000000000000000000000000000000000000000000000111111101111011100100111000011101000110010110011011000001111101110001010111111100110100100111010011011000011001100000101010100001101000110111011110110100011101111111010110110101111101001100101010100101010111101010001100101111111010101000111110001110001
000000000000000000000000000000000000000000000000000110000000000000000011000010010000000000110000010000000010000110000010001100100000000000100000001000000000000000000100000100000001000110000010000000000000000010000010110000001100100000100100000000001000000100000000000100001101000101000011000000010000
000000000000000000000000000000000000000000000000001101101110011000100001010010101100010010011110011010111101111000011010101011000011010101111000011111101110000111010011110110001110001100010101110001110111011111100010010001101100001100001101111010101000111101011000101001110010111001010110100111110100
000000000000000000000000000000000000000000000000000001111010011000010000110000100101000000001110101011111100011001001010101110000011010001110001011011111100001111010010110001001110001110000101110000110011010001000010010001101100001000011111011011110000111101010000101001111010011001000100100100110100
000000000000000000000000000000000000000000000000000011001100001000000111010011101000110000110000010000011011000110001010111100100110100000100000001010000001000100000000010100001101000100001011100110000000001110111000110010001111100001100101001100101010011100010001000100111101010101000111010001110000
000000000000000000000000000000000000000000000000000000000000000000000011000000010000000000110000010000000010000110000010001000100000000000100000001000000001000000000000000100000000000100001010000000000000000010000000110000001100100000000100000000000000000100000000000100001001000101000001000000000000
000000000000000000000000000000000000000000000000000000111111011001110001010010100100010011111110111000011101111000111010101111000011010100111001011011101110010111110110110110001110001110010001110001110111011111100010010101101100001100001111111010110001111101011100111101111010111001110110100110111100
000000000000000000000000000000000000000000000000000000011110011000100000110000100000010010000110101011111100011001001010101011000011000001110001011011111100001111011010110001001110001110010101110010110011010001000010010001101100001000011111111011110000111101010000101001110010011001010100100100110100
000000000000000000000000000000000000000000000000000000000000010000000000100000100000000000000010100011000000000000000000000000000000000001010000000000111100001001010010100000000010001001000000001000110100000001000010000001100000000000001011000011000000000001000000000001110000001000010100000100000000
000000000000000000000000000000000000000000000000000000000011011000100001110000100000010001011010011001111100011000011010101011000011010100111000010111100010000101010010100100001110000100010001110010110111010111100010010001100000001100001101101011100010011101011000101101110010111001010110100110110000
000000000000000000000000000000000000000000000000000000000001001100000101000011101000110000110000011000001101111000000010111110000100101000100000001000000001000100010010000100001000000110111001000110100010101011111010110010101011001001101101001100101010001101010001000100111101010101000011111001000000
000000000000000000000000000000000000000000000000000000000000001000101000010000100001010000000110111000011110001010001010001010000011000101110000001011110100000111010010110010001011000100000001000000110010000011100010000001101000101100001111001010101000111101011100000001111010011001010100100000010100
000000000000000000000000000000000000000000000000000000000000000000100110000001101000010000100010010000001000001000001010101110000111100000100000011000000001000100000000000010000010000100011001000110100000000010100010010100101101001000100000000000100000011101000000000000110010100101000101000000000000
000000000000000000000000000000000000000000000000000000000000000001000000000000000000000000000000000000000000000000000000000000000000000000000000000000000000000000000000000000000000000000000000000000001000000000000000000000000000000000000000000000010000000000000000000000000000000000000000000000000000
000000000000000000000000000000000000000000000000000000000000001001111000010000100101010111001010101000101100011000001010001011000000010100111001011011100010000111000100000010001100000000010001110001110111010101101010010001101100011000001111111000110000111101011010111001110010111001010110100110110100
000000000000000000000000000000000000000000000000000000000000000101100101010011101100010000011110011000111100001010001010111110000011110101110000011011111100100101010110110110001100000110110101110100110011000111100010110101101100011000111111011011111010011101011001111001111111011001010110100110110100
000000000000000000000000000000000000000000000000000000000000000000000110000001001000100000000000010000000011000000000000011100000100100000000010001000000000000000000000000000000000000100100010000100000000101010001000000000001011100001000100000000000011000100000001000000000000000000000010001000000000
000000000000000000000000000000000000000000000000000000000000000000000000000000000000000000000000000000000000000000000000000000000000000000000000000000000000000000000000000000000000000000000000000000000000000000000000000000000000000000000000000000000000000000000010000000000000000000000000000000000000
000000000000000000000000000000000000000000000000000000000000000000000000010000100100010000000010001000000100001000001010000110000000000000100000000011000000000000001000000000001000000000000001000000001100000001000010000100001000001100000101000000110000000000010100000000110010000001000000100000010100
000000000000000000000000000000000000000000000000000000000000000000000001010000100000010000001010001010111100011000001010001011000011010100110000011011100000001110000000000100001110000100010001110000100011010101100010010001100000001000000101101010100000111101001000101001110010110001010100100110110000
000000000000000000000000000000000000000000000000000000000000000000000000000000100100000110000010001000000100011000000000000000000000010000000001000000000000000000010010100000001000000000000000000001100100000001000000010001100000001000000001110010100000001001001010010001010000000000010100100000010000
000000000000000000000000000000000000000000000000000000000000000000000000000000000001000000000000000000000000000000000000000000000000000000010001000000000000000000000000000000000000000000000001000000000100000000000000000000000000000000000001000000000000101000001000000000110010000000000000000000000000
000000000000000000000000000000000000000000000000000000000000000000000001000011001000110000110000010000001001001000000010011100000110100000100010001001000001000100000101011100000000000100111000100110000010101010111000010010001111000001100100001000100011000101000001000000101010000101000011011000010000
000000000000000000000000000000000000000000000000000000000000000000000001000010110000000000110000010000000010000110000010001100100100000100100010001010000001000000000100000100000001000100001010100000000000000010000010110100001100100000100100000000001000000100000000000100001101000101000001000000000000
000000000000000000000000000000000000000000000000000000000000000000000000010011101000110000111100011000011111011110001010111111100100100100100000001011000001000100000000010100001001000110011011000110100001001011111010110111101101101001100111001100101010011101110001101100011111111101000111110101110100
000000000000000000000000000000000000000000000000000000000000000000000000000000000000000000000000100011000000000000000000000000000000000000010000000000100000001101010010100000000000000001010000001000010010000001000000000001000000000000000010000010000000000000010000000000000000001000000000000100000000
000000000000000000000000000000000000000000000000000000000000000000000000000000100001010000011110001000011100011000001010001011000011100101111000011011101010001110000010110100001100000100010001110000100111000001100010010001101101001100001111101010110000011101011000111001111010011001010110100110110100
000000000000000000000000000000000000000000000000000000000000000000000000000000000000000000000000000000000000000000000000000000000000000000000000000000000000000000000000000000000000000000000000000000000000000000000000000000000000000000000000000000000000000000000000000000000000000000000000000000000000
000000000000000000000000000000000000000000000000000000000000000000000000000000000100000000000000000000000000010000000000000000000000000000000000000000000000000000000000000000000000000000000000000000000000000000000000000000000000000000000000010000000000001000000010010000000000000000000000000000000000
000000000000000000000000000000000000000000000000000000000000000000000000000001101000010000111110011000001011100110001010111110000011100000100000011010100001000000000101000100001100000100001001100010000011001110111010110110001110101001100101010000100010011100000000100110011101010101000011110010110001
000000000000000000000000000000000000000000000000000000000000000000000000000000001000110000110000010000001000000000000010111100000100100000100010001000000000000100000001001100001000000110110000000100000000100010101000010010001011000001100100001000000011000100000001000000101000000001000010001000000000
000000000000000000000000000000000000000000000000000000000000000000000000000000000000010011111110111000111110111110101010111011100011010100111001011111111111001111010100110110001110001110011001110111110111010111100010110101101100101100111111111110111000111101011101111101111011111001010110100110110000
000000000000000000000000000000000000000000000000000000000000000000000000000000000000000000000000000000000010000110000000000000100000000000000000000000000000000000000000000000000000000000000010000000000000000000000000000000000100100000000000000000000000000000000000000000000000000000000000000000000000
000000000000000000000000000000000000000000000000000000000000000000000000000000000000110000110000010000001000000010000010111100000101100000100010001010000001000100000001001100000000000100111000000110000110100010111000110010001111001001100100001000001011010101000001000000111101000101000011011000000000
000000000000000000000000000000000000000000000000000000000000000000000000000000000000000110000010001000001000011000001000000010000000000000010001000000100000000000000010100000001000000000010001100001100010000001100010010001100000001000001001110010000000111001001010110001110000010000010100100000010000
000000000000000000000000000000000000000000000000000000000000000000000000000000000000000000000000000000000000000000000000000000000000000000000000000000000000000000000000000000000000000000000000000000000000000000000000000000000000000010000000000000000000000000000000000000000000000000000000000000000000
000000000000000000000000000000000000000000000000000000000000000000000000000000000000000000000100000000000100000000000000000000000000000000010001000000000000000000000000000000001000000000000001000000000100000000000000000000001000000000000001000000000000111000000000001000110010000000000100000000010000
000000000000000000000000000000000000000000000000000000000000000000000000000000000000000000010000010000000000000000000010011000000100100000100010001000000000000000000000001100000000000110100000000100000000100010001000010010001011000001000100000000000010000100000001000000000000000001000010001000010000
000000000000000000000000000000000000000000000000000000000000000000000000000000000000000011111110011000111101111000011010011011000111110100101000011111011010000111001110110100001110000100010101110110110011011111100010010101101100001100101111101110110010011101011000111101110010111101010111100110110100
000000000000000000000000000000000000000000000000000000000000000000000000000000000000000000000000000000000000000000000000000000000000000000000000000000000000000000000000000000000000000000000000000000000000000000000000000000000000000000000000000000000000000000001000000000000000000000000000000000000000
000000000000000000000000000000000000000000000000000000000000000000000000000000000000000010000000000000000000010000001000000000000000000000000001010000000000000110000000000000000000000000010001000001100100000000000000000001100000000000000001110000000000001001000010010000110000000000000100000000000000
000000000000000000000000000000000000000000000000000000000000000000000000000000000000000001001010001000001100010000001000000010000000000000000001001001000000000111010000100010000000000000010001000001110100000100100010000000100000001000000001110000110000111001000010111000110010010000010100000000110000
000000000000000000000000000000000000000000000000000000000000000000000000000000000000000000000000001000001000000000010000000001000010000100000000011001000000000100000000000000000100000000010001110000100000000000100000000000100000001000000001100000100000011001010000000000110010010000000110000000010000
000000000000000000000000000000000000000000000000000000000000000000000000000000000000000000010000010000001111000110001010101111100100000100100010001010000001000100000000010100001001000110011011000010000000101010100010110010101100100001100101000100001010010101010000000100111101010101000011100001000001
000000000000000000000000000000000000000000000000000000000000000000000000000000000000000000000000010000011011000110001010111100100110100000100000001010000001000100000000010100001101000100001011100110000000001110111000110010001111100001100101001100101010011100010001000100111101010101000111010001110000
000000000000000000000000000000000000000000000000000000000000000000000000000000000000000000000010001000111100001000001000001011000000010100001000001111100010000100010000100100001100000000010001110000110011010101100010000000100000001000000001011000100000111001010000101000110010110000000100100110110000
000000000000000000000000000000000000000000000000000000000000000000000000000000000000000000000010011000011100101000000010001000000010010100110000001011101000000001001000010100001100000000010001100000110011000111100000000001101100001100001111001011110000011101011000111000110010001001010100100000110100
000000000000000000000000000000000000000000000000000000000000000000000000000000000000000000000000011000111101011000101010111111000010010100111001011011100010000111010011100010001100001100010001110011110111011111101010010001101100001000101111111010110000111101011100111101110010111001010100100110110000
000000000000000000000000000000000000000000000000000000000000000000000000000000000000000000000000000000000000000000000010001000000000000000100000001000000000000000000000000000000000000100000000000000000000000000000000000000001000000000000100000000000000000100000000000000001000000001000000000000000000
000000000000000000000000000000000000000000000000000000000000000000000000000000000000000000000000001011000000001000001000000010000000000001010000010001111100001101010010100010000010001100010101000000110010000001100010000001100000000100011011000011100000011001000000000001110010011000000100000100000000
000000000000000000000000000000000000000000000000000000000000000000000000000000000000000000000000001000101111011110001010111110100111100100100010011011100001000100001111000100101101000110011011100110100011001110111010110011101110101001100111001110101010011101010000101101111111011101000111111101110101
000000000000000000000000000000000000000000000000000000000000000000000000000000000000000000000000000010111100111010011010001111000011010100110000011111101100000101010010110110001100001110010101110011110111010111100010010101101100011000001111111010110000111101011000101101110110111001010100100110110000
000000000000000000000000000000000000000000000000000000000000000000000000000000000000000000000000000000000000000000100000000000000000000000000000000000000000110000000000000000000000000000000000000000000000000000000000000000000000000000000000000000000000000000000100000000000000000000000000000000001000
000000000000000000000000000000000000000000000000000000000000000000000000000000000000000000000000000001001100001000000000000010000010000001010000000000111100001111010000100000000010001000010100000000010000000001100000000001000000000000011011000011100000000001001000000001110010001000001000000100000000
000000000000000000000000000000000000000000000000000000000000000000000000000000000000000000000000000000000000000000000000000000000000000000010000000000100000001101010010100000000000000001010000001000010010000001000000000001000000000000000010000010000000000000010000000000000000001000000000000100000000
000000000000000000000000000000000000000000000000000000000000000000000000000000000000000000000000000000011100101000001000011010000100010100001000001111000010000100010000000000001100000000000001100000100011010111100010000001101000000000000101001000100000110101010000101001010010100000000000100010110000
000000000000000000000000000000000000000000000000000000000000000000000000000000000000000000000000000000001101101000000000001000000011000101110000010011100000000100010110010100001000000000010101110000110011011101100010000001101000001100001100001000100000011101010000101100110010011000000100100100110000
000000000000000000000000000000000000000000000000000000000000000000000000000000000000000000000000000000000100111010011010111011000011110100111001011111101010000111001111110110001110000100010101110110110011010111110010010101101100001101111111101011111010111101011010101101111010111101010111100111110100
000000000000000000000000000000000000000000000000000000000000000000000000000000000000000000000000000000000001011110001010101011000011010101110000011111111101000111011110110110001100001100011101110010110011011111101010010101101100011000001111111110110000111101011000111001110010111101100111100100110100
000000000000000000000000000000000000000000000000000000000000000000000000000000000000000000000000000000000000000110000010001000100100000000100000001010000001000000000100000100001001000100001010100000000000100010000010110100001100100000100100001000001000000100000000000100001101000101000001000000010000
000000000000000000000000000000000000000000000000000000000000000000000000000000000000000000000000000000000000101000001010101110000010000000100000001110000001000000000000000100001010000100011001000010100010001011111000110010001100000001100101000100101110000101010000000100011101000101000111110001110000
000000000000000000000000000000000000000000000000000000000000000000000000000000000000000000000000000000000000000000001010001010000000000000100000001000000000000000010000000000001000000100010000000000100010001000101000010001001000000000100100000000101000000101000000000000110000000001000100100000000000
000000000000000000000000000000000000000000000000000000000000000000000000000000000000000000000000000000000000001000011000101010000001000100100001011101000000000110000000000100001000000100010001000011100111010011100010010001101000001000001111110010100000111101011010111001110010010000010100100010110100
000000000000000000000000000000000000000000000000000000000000000000000000000000000000000000000000000000000000000010011010001111000111010101110000011111101100001101010010110110001110001110010101110011110111011111101010010101101100001000011111111010110010111101011000111011110110111001010110100110110000
000000000000000000000000000000000000000000000000000000000000000000000000000000000000000000000000000000000000000010000010001100100000000100100010001010000001000000000100000100000001000100001010000000000000000010000010110100001100100000100100000000001000000100010000000100001101000101000001000000010000
000000000000000000000000000000000000000000000000000000000000000000000000000000000000000000000000000000000000000000000010001100100010000100100000011010000001000000000100010100001001000100001010100000000000000010000000110100001100100000000100001000001000010101010000000100001001000101000001000000010001
000000000000000000000000000000000000000000000000000000000000000000000000000000000000000000000000000000000000000000000000000000000000000001010000000000000000000101010010100000000010000000000000100000010000000000000000000000000000000000001000000010000000000000000000000000000000000000000000000000000000
000000000000000000000000000000000000000000000000000000000000000000000000000000000000000000000000000000000000000000000000000000000000000000000000000000000000110000000000000000000100000000000000000000000000000000000010000000000000001000000000000000000000010000010100000000000000000000000000000000001000
000000000000000000000000000000000000000000000000000000000000000000000000000000000000000000000000000000000000000000000000000000000010000000000000010000000000000100000000000000001000000000010001010000100010000000100000000000101000001000001001000001100000001001001000010000110010110000010100000000110000
000000000000000000000000000000000000000000000000000000000000000000000000000000000000000000000000000000000000000000000010101011000011010100111001011111111111001111000100100110001110001100011001110100110011011111100010010101101100001000111111101000110000111101011000111101110010111001010100100110110100
000000000000000000000000000000000000000000000000000000000000000000000000000000000000000000000000000000000000000000000000000000000000000010000000000000000000000000000000000000000000010000000000000000000000000000000000000000000000000000000000000000000000000000000000000000000000000010000000000000000000
000000000000000000000000000000000000000000000000000000000000000000000000000000000000000000000000000000000000000000000000111110100111110100111010011011100011001101000101010100001111000110111011100110110011101111111010110111101111101001101111001110111010011101010101101101111111010101000111110101110001
000000000000000000000000000000000000000000000000000000000000000000000000000000000000000000000000000000000000000000000000000000000000000000000000000000000000000000000000000000000000010000000000000000000000000000000000000000010000000000000000000000000000000000000000000000000000000000000000000000000000
000000000000000000000000000000000000000000000000000000000000000000000000000000000000000000000000000000000000000000000000011100000000100000110010011010000001000100000101000100000000000100001001100000110001001010110000110011101000001001100101000110101010010100000000010100011101010101000111010001000000
000000000000000000000000000000000000000000000000000000000000000000000000000000000000000000000000000000000000000000000000001000000110100000100010001001000001000100000101001100001000000100111000000100100000110010111000010010101011000001100101001000100011010101000001000000111000000001000110011000100000
000000000000000000000000000000000000000000000000000000000000000000000000000000000000000000000000000000000000000000000000000111100111100101111000011011100001001100010111010100001111000110111111110110100011011110111010110111101111101001100111101100101011111101011001100101111101011101110111110101110001
000000000000000000000000000000000000000000000000000000000000000000000000000000000000000000000000000000000000000000000000000000100000100000100000001010000001000000000001000100000000000100111001000010000010001010101000110011101111101001100101001100011110000101010000000101011101011101000101000101000000
000000000000000000000000000000000000000000000000000000000000000000000000000000000000000000000000000000000000000000000000000001000011010100111001011111101110000101010110100110001110001100010001110100110011011111100010010101101000001000101111101100111000111101011101101101111010111001010110100110110100
000000000000000000000000000000000000000000000000000000000000000000000000000000000000000000000000000000000000000000000000000000000010010100010000011011000000000111010000000110001100000000010001010000110111000101100010010001101000001000000011001001100000111101010000001000110010111000000100100010110000
000000000000000000000000000000000000000000000000000000000000000000000000000000000000000000000000000000000000000000000000000000000000000000100010001000000001000000000100000100001001000110001010000000000000000010000000110100001100100000000100000000001000000100000000000100001101000101000001000000000000
000000000000000000000000000000000000000000000000000000000000000000000000000000000000000000000000000000000000000000000000000000000000000000000000000000000000000000000000000000000000000000000000000000000000000000000001000000000000000000000000000000000000000000000000000000000000000000000000000000000000
000000000000000000000000000000000000000000000000000000000000000000000000000000000000000000000000000000000000000000000000000000000000000000000000000000000000000000000000000000010000000000000000000000000000000000000000000000000000000000000000000000000000000010000000000000000000000000000000000000000000
000000000000000000000000000000000000000000000000000000000000000000000000000000000000000000000000000000000000000000000000000000000000100000100010001000000001000100000000001100000000000110111000100110000000100010101000010010001011000001000100000000101011000101010001000000001000000001000010001000000000
000000000000000000000000000000000000000000000000000000000000000000000000000000000000000000000000000000000000000000000000000000000001000101110001011011111100001101011110110010001110001100110101110110110111001101100010010001101100011100101111101011110000011101010000101001111010111001100110100000110100
000000000000000000000000000000000000000000000000000000000000000000000000000000000000000000000000000000000000000000000000000000000000000100000000010010000000000100000000010000001000000100110001100010100010000010100010010001101100001000000101101000100000011101010000000100111010010001000110100000110000
000000000000000000000000000000000000000000000000000000000000000000000000000000000000000000000000000000000000000000000000000000000000000000100010001000000001000100000101001100001000000110111000000110000000100010101000010010001011000001100100000000100011000101000001000000101100000001000010001000000000
000000000000000000000000000000000000000000000000000000000000000000000000000000000000000000000000000000000000000000000000000000000000000100100000001011000000001110000010100010001100000000010001100010100110010101000010010000101000001000001011011010100000011101011000111101110010110001010100100100110000
000000000000000000000000000000000000000000000000000000000000000000000000000000000000000000000000000000000000000000000000000000000000000000000000000000000000000000000000000000000000000000000000000000000000000000000000000000000000000000000000000000000000000000000000000000000000000000000000000000000000
000000000000000000000000000000000000000000000000000000000000000000000000000000000000000000000000000000000000000000000000000000000000000000101000011111000011000110001100010110001100000100011001110000100011010111100010010100101100101000000101101100101000111101011000101101110010110101010111100010110100
000000000000000000000000000000000000000000000000000000000000000000000000000000000000000000000000000000000000000000000000000000000000000000000000000000000000000000000000000000000000010000000000000000000000000000000000000000000000000000000000000000000000000000000000000000000000000010000000000000000000
000000000000000000000000000000000000000000000000000000000000000000000000000000000000000000000000000000000000000000000000000000000000000000010000000010111100001101011010110000001010001100000101000000010010000001000000000001000000001000011010000011000000001001010000101001110000001000000000100100110000
000000000000000000000000000000000000000000000000000000000000000000000000000000000000000000000000000000000000000000000000000000000000000000011010011111100011001100000101010110001111000110111011110110110111101111111010110111101111101001101111001110111010011101010101101101111111110101000111110001110001
000000000000000000000000000000000000000000000000000000000000000000000000000000000000000000000000000000000000000000000000000000000000000000000001011011111100001111010010110000001110001101010101110010110011000101101010010001101000001000011111011011110000111101010000101001110010011001010100100100110000
000000000000000000000000000000000000000000000000000000000000000000000000000000000000000000000000000000000000000000000000000000000000000000000000001101000010000000000000000000001100000000000001100000100001010100000010010000100000001000000001000000100000010101000000101000110010110001000000100010110000
000000000000000000000000000000000000000000000000000000000000000000000000000000000000000000000000000000000000000000000000000000000000000000000000000000000000000000000000000000001000000000000000000000000000000000000000000000000000000000000000000000000000000000000000000000000000000000000000100000000000
000000000000000000000000000000000000000000000000000000000000000000000000000000000000000000000000000000000000000000000000000000000000000000000000001000000000000000000000000000000000000100100010000100000000100010000000000000001011100001000100000000000001000100000001000000000100000001000010001000000000
000000000000000000000000000000000000000000000000000000000000000000000000000000000000000000000000000000000000000000000000000000000000000000000000010000000000000001000010000000001000000000000001100001110100000001000010000001100000001000000001110010010000111001001010010000110000010000010100100000010000
000000000000000000000000000000000000000000000000000000000000000000000000000000000000000000000000000000000000000000000000000000000000000000000000000000000000000000000000000000000000010000000000000000000000000000000000000000000000000000000000000000000000000100000000000000000000000000000000000000000000
000000000000000000000000000000000000000000000000000000000000000000000000000000000000000000000000000000000000000000000000000000000000000000000000001111101100000101010110010010001100000100010101110100110011010010100010010101101000011000011111101000100010111101011000101000110010011001010100100100110000
000000000000000000000000000000000000000000000000000000000000000000000000000000000000000000000000000000000000000000000000000000000000000000000000000011000011001110010111010100001101000110111011110111100111111111111010110111101111101001100111111100101010111101010001101101111111010101000111110001110101
000000000000000000000000000000000000000000000000000000000000000000000000000000000000000000000000000000000000000000000000000000000000000000000000000001000010000000000000000000000100000000010000100000100011011101000010000000000000001000000101001000100010010001010000101000010010000000000100000010100000
000000000000000000000000000000000000000000000000000000000000000000000000000000000000000000000000000000000000000000000000000000000000000000000000000001100000010110010010110110001100000100010101110010100011011111110010010001101100101100011101011010110000011101011100101001111110010001110110110001111100
000000000000000000000000000000000000000000000000000000000000000000000000000000000000000000000000000000000000000000000000000000000000000000000000000000101110001101010110110110001110001000010001110100110011010111100010010101101100001100001111101000110000111101011001101001110010111101010111100110111100
000000000000000000000000000000000000000000000000000000000000000000000000000000000000000000000000000000000000000000000000000000000000000000000000000000011100001101110010110000001110001101010101100000110011000011100010010001100000000000011010111011110000011001011000101001110010011001010100100110110000
000000000000000000000000000000000000000000000000000000000000000000000000000000000000000000000000000000000000000000000000000000000000000000000000000000001100001001010010110000000010001000000101000000010000000001000010000001001000000100011011000001000000010001010000000001000010001000001000000100100000
000000000000000000000000000000000000000000000000000000000000000000000000000000000000000000000000000000000000000000000000000000000000000000000000000000000100001001010010100000001010001000010100000000110011000001100010000001000000000000011011000011100000010101000000001001100010001000000100000100000000
000000000000000000000000000000000000000000000000000000000000000000000000000000000000000000000000000000000000000000000000000000000000000000000000000000000000001001010010100000001010001000000101010000110010000001000010000001000000000000011010000011100000000001000000101001110000011000010000000100000000
000000000000000000000000000000000000000000000000000000000000000000000000000000000000000000000000000000000000000000000000000000000000000000000000000000000000000100000000000000001100000000000001100000100011010100000010000000000000000000000000000000100000010101000000101000110010110001000000100010110000
000000000000000000000000000000000000000000000000000000000000000000000000000000000000000000000000000000000000000000000000000000000000000000000000000000000000000000000000000100001001000100011010000110000001001010111010110010001110100000100101000100101010000101010000000100011101000101000011110001000001
000000000000000000000000000000000000000000000000000000000000000000000000000000000000000000000000000000000000000000000000000000000000000000000000000000000000010000000000000000000000000000000000000000000000000000000000000000000000000000000000000000000000000000000100000000000000000000000000000000001000
000000000000000000000000000000000000000000000000000000000000000000000000000000000000000000000000000000000000000000000000000000000000000000000000000000000000000000000000000000000000000000000000000000000000000100000010000000100000000000000000000000000000000000011100000000000000000000010000000000011000
000000000000000000000000000000000000000000000000000000000000000000000000000000000000000000000000000000000000000000000000000000000000000000000000000000000000000011011010100000001010001100000101000000010011000001000010010011000000001000011010001011000000000101011000110001011010011001010000100100110000
000000000000000000000000000000000000000000000000000000000000000000000000000000000000000000000000000000000000000000000000000000000000000000000000000000000000000011110010000110001110000100010101110101110111110110101010010001101000001001001111111100110000111101011001101101110010111101010111100110110000
000000000000000000000000000000000000000000000000000000000000000000000000000000000000000000000000000000000000000000000000000000000000000000000000000000000000000000000000000000001100000000010001110001100100000101100010010001100000001100000001000010000000110001011000010001110000000000010000100000010000
000000000000000000000000000000000000000000000000000000000000000000000000000000000000000000000000000000000000000000000000000000000000000000000000000000000000000000010010100001001010001001000101110000110010000101000010000001100000001000011011000011100000011001001000111001110010011001010100000100010000
000000000000000000000000000000000000000000000000000000000000000000000000000000000000000000000000000000000000000000000000000000000000000000000000000000000000000000010000000000000000000000010001000000100010000000000000000000000000000000000000000000010000000001000000000000010000000000000000000000010000
000000000000000000000000000000000000000000000000000000000000000000000000000000000000000000000000000000000000000000000000000000000000000000000000000000000000000000000010110000001010001010010101110000010011010001100000000001100000001000011111101011000010011101010000111001110010011000000000100100110000
000000000000000000000000000000000000000000000000000000000000000000000000000000000000000000000000000000000000000000000000000000000000000000000000000000000000000000000000010000000000000000000000000000000000000000000000000000000000001100000000000000010000100000010000000000010000000000000000000000000100
000000000000000000000000000000000000000000000000000000000000000000000000000000000000000000000000000000000000000000000000000000000000000000000000000000000000000000000000010000001001000100010011000000000010000010101010010100001100101000100101001000000000010100000001100000111110011001000010000000010000
000000000000000000000000000000000000000000000000000000000000000000000000000000000000000000000000000000000000000000000000000000000000000000000000000000000000000000000000110000001010001010010101110000010010010011100000010001100000001000011111011011000000111101010000111001110010011000010000100100110000
000000000000000000000000000000000000000000000000000000000000000000000000000000000000000000000000000000000000000000000000000000000000000000000000000000000000000000000000000000000000000000000000000100000000100010001000010000001100000001100100000000000000000100000000000000000000000001000010000000000000
000000000000000000000000000000000000000000000000000000000000000000000000000000000000000000000000000000000000000000000000000000000000000000000000000000000000000000000000000000001010001100000101100001010011000001000010010001100000000000011110011011100000011001011000101001110010011000010000100110100000
000000000000000000000000000000000000000000000000000000000000000000000000000000000000000000000000000000000000000000000000000000000000000000000000000000000000000000000000000110001101000100000001100011100011000101000010010101101000001100000110101000100000011101011000100000110110000101010101100000110000
000000000000000000000000000000000000000000000000000000000000000000000000000000000000000000000000000000000000000000000000000000000000000000000000000000000000000000000000000000000000000000000000000100000000100000000000000000000011000001000000000000000000000000000001000000000000000000000010000000000000
000000000000000000000000000000000000000000000000000000000000000000000000000000000000000000000000000000000000000000000000000000000000000000000000000000000000000000000000000000001001000110011011000110100001001011111010110111101101101001100111001100101010011101110001101100011111111101000111110101110100
000000000000000000000000000000000000000000000000000000000000000000000000000000000000000000000000000000000000000000000000000000000000000000000000000000000000000000000000000000001000000000010001110000100110000000100010000000101000001000000001101000110000011001011000011000110010110000010100100100110000
000000000000000000000000000000000000000000000000000000000000000000000000000000000000000000000000000000000000000000000000000000000000000000000000000000000000000000000000000000000000000000000000000000010000000000000000000000000000000000000000000000000000000000000000000000000000000000000000000000000000
000000000000000000000000000000000000000000000000000000000000000000000000000000000000000000000000000000000000000000000000000000000000000000000000000000000000000000000000000000000000000000000000000000000000000010000000001000000000000000000000000000000000010000000000000010000000000000000000000000000010
000000000000000000000000000000000000000000000000000000000000000000000000000000000000000000000000000000000000000000000000000000000000000000000000000000000000000000000000000000000000000000000000000000000000000000000000000000000000000000000000000000000000000010000000000000000000000000000000000000000000
000000000000000000000000000000000000000000000000000000000000000000000000000000000000000000000000000000000000000000000000000000000000000000000000000000000000000000000000000000000110000110011101110011110111011111111010110101101100011100101111111110100010011101011000111101111011111101010101110110110101
000000000000000000000000000000000000000000000000000000000000000000000000000000000000000000000000000000000000000000000000000000000000000000000000000000000000000000000000000000000010000000010001110011100011010110110010010001101000001000101101011000110010111101011000101000110010110001010100110110110000
000000000000000000000000000000000000000000000000000000000000000000000000000000000000000000000000000000000000000000000000000000000000000000000000000000000000000000000000000000000000001000010101000000010111001001100010010001000100001001011110000011010000011101000000101001000010011001010000100110100000
000000000000000000000000000000000000000000000000000000000000000000000000000000000000000000000000000000000000000000000000000000000000000000000000000000000000000000000000000000000000000110001010000000000000000010000010110100001000100000000100000100001000000100000000000100001101000101000001000001010000
000000000000000000000000000000000000000000000000000000000000000000000000000000000000000000000000000000000000000000000000000000000000000000000000000000000000000000000000000000000000000000000000000000000000000000000000000000000000000000000000000000000000000000000000000000001100000000000000000000000000
000000000000000000000000000000000000000000000000000000000000000000000000000000000000000000000000000000000000000000000000000000000000000000000000000000000000000000000000000000000000000000000000000000000000000000000100000000010000000000000000000000000000000000000000000000000000000010000000000000000000
000000000000000000000000000000000000000000000000000000000000000000000000000000000000000000000000000000000000000000000000000000000000000000000000000000000000000000000000000000000000000000010101000000010010000001100010000001000000001000011011000011000000010001000000100001110010011000000000000100000000
000000000000000000000000000000000000000000000000000000000000000000000000000000000000000000000000000000000000000000000000000000000000000000000000000000000000000000000000000000000000000010111011100110100111101011111010110111101111101001101101001110101010011101010001100101111101011101010111110101110100
000000000000000000000000000000000000000000000000000000000000000000000000000000000000000000000000000000000000000000000000000000000000000000000000000000000000000000000000000000000000000000100000000100100010100011001000010100001100000001000101000100001010000100000001000000000100000101000111000000000001
000000000000000000000000000000000000000000000000000000000000000000000000000000000000000000000000000000000000000000000000000000000000000000000000000000000000000000000000000000000000000000000000001000010000000001000000000001000000000000000000000000000000000000000000000000000000001000000000000100000000
000000000000000000000000000000000000000000000000000000000000000000000000000000000000000000000000000000000000000000000000000000000000000000000000000000000000000000000000000000000000000000000000000100000000100000001000010000000011000001000100000000000010000100000001000000000000000001000010001000000000
000000000000000000000000000000000000000000000000000000000000000000000000000000000000000000000000000000000000000000000000000000000000000000000000000000000000000000000000000000000000000000001101110110110111111110101010110111100001011101011111101000110010111101011000101001110011111001010110100110110100
000000000000000000000000000000000000000000000000000000000000000000000000000000000000000000000000000000000000000000000000000000000000000000000000000000000000000000000000000000000000000000000010000110000001001010111010110010001110100000100101000100101010000101010000000100011101000101000011110001000001
000000000000000000000000000000000000000000000000000000000000000000000000000000000000000000000000000000000000000000000000000000000000000000000000000000000000000000000000000000000000000000000001000000010010000001100000000001000000000000011011001011000000010001000000001001000010011000001000000100000000
000000000000000000000000000000000000000000000000000000000000000000000000000000000000000000000000000000000000000000000000000000000000000000000000000000000000000000000000000000000000000000000000000000000000000010000010110100001100100000000100000000001000000100000000000100001101000101000001000000010000
000000000000000000000000000000000000000000000000000000000000000000000000000000000000000000000000000000000000000000000000000000000000000000000000000000000000000000000000000000000000000000000000110011110111011111101010010111101101001000111111111011110000111101011010101000111010111001010110100111111000
000000000000000000000000000000000000000000000000000000000000000000000000000000000000000000000000000000000000000000000000000000000000000000000000000000000000000000000000000000000000000000000000010100110011110111100010000001100000001101001101101100110000011101011000111001110010111001010100100110110101
000000000000000000000000000000000000000000000000000000000000000000000000000000000000000000000000000000000000000000000000000000000000000000000000000000000000000000000000000000000000000000000000000000110110000001100010010001101100001000010101001001100000011101010000001000110110111000000100100010110000
000000000000000000000000000000000000000000000000000000000000000000000000000000000000000000000000000000000000000000000000000000000000000000000000000000000000000000000000000000000000000000000000000000000000000000000000000000000000000000000000000000000000000000000000000000000000000000000000000000000000
000000000000000000000000000000000000000000000000000000000000000000000000000000000000000000000000000000000000000000000000000000000000000000000000000000000000000000000000000000000000000000000000000000100000100010101000010010101011100001000101000000100011010101000001000000110000000001000110001000000000
000000000000000000000000000000000000000000000000000000000000000000000000000000000000000000000000000000000000000000000000000000000000000000000000000000000000000000000000000000000000000000000000000000100010001011111010010010001100001001100101001000000010011101010000000101011100000001000100010001100000
000000000000000000000000000000000000000000000000000000000000000000000000000000000000000000000000000000000000000000000000000000000000000000000000000000000000000000000000000000000000000000000000000000100000000001000010000000100000001000001001110010010000001001001010110001110000000000010100100000010000
000000000000000000000000000000000000000000000000000000000000000000000000000000000000000000000000000000000000000000000000000000000000000000000000000000000000000000000000000000000000000000000000000000010111011111101010110001101100001000011111111000100010111101011001111000110011111001010110100110110101
000000000000000000000000000000000000000000000000000000000000000000000000000000000000000000000000000000000000000000000000000000000000000000000000000000000000000000000000000000000000000000000000000000000011000101100010000001100000001000011011001011100000111001011000111001110010011001010100100100110000
000000000000000000000000000000000000000000000000000000000000000000000000000000000000000000000000000000000000000000000000000000000000000000000000000000000000000000000000000000000000000000000000000000000000000000000000000000000000000000000000000000010000000000000000000000000000000000000000000000000000
000000000000000000000000000000000000000000000000000000000000000000000000000000000000000000000000000000000000000000000000000000000000000000000000000000000000000000000000000000000000000000000000000000000000000000100010000111101000001000000001110000010000110101011000010000110000010000010000100000000000
000000000000000000000000000000000000000000000000000000000000000000000000000000000000000000000000000000000000000000000000000000000000000000000000000000000000000000000000000000000000000000000000000000000001011111101010010101101101011100001111111010110000111101011000101001111010111001010110100110110100
000000000000000000000000000000000000000000000000000000000000000000000000000000000000000000000000000000000000000000000000000000000000000000000000000000000000000000000000000000000000000000000000000000000000010111100010110001101100001000011111011000101000011101010000101001110011111001000100100110110000
000000000000000000000000000000000000000000000000000000000000000000000000000000000000000000000000000000000000000000000000000000000000000000000000000000000000000000000000000000000000000000000000000000000000000000001000010010001011000001000101000000000010000101000001000000001000000001000010001000000000
000000000000000000000000000000000000000000000000000000000000000000000000000000000000000000000000000000000000000000000000000000000000000000000000000000000000000000000000000000000000000000000000000000000000000101100010000000101000001000001001001000100000111101010000101000110010100000010100100010110000
000000000000000000000000000000000000000000000000000000000000000000000000000000000000000000000000000000000000000000000000000000000000000000000000000000000000000000000000000000000000000000000000000000000000000011111000110010001100000001100101000100101110000101010000000100011101000101000111110001110000
000000000000000000000000000000000000000000000000000000000000000000000000000000000000000000000000000000000000000000000000000000000000000000000000000000000000000000000000000000000000000000000000000000000000000010100010000000100000001000100101101000110010111101011100101001110010110001010100100110110000
000000000000000000000000000000000000000000000000000000000000000000000000000000000000000000000000000000000000000000000000000000000000000000000000000000000000000000000000000000000000000000000000000000000000000000111010110011101110101001100111001110101010010101010000101101111111011101000111011101110101
000000000000000000000000000000000000000000000000000000000000000000000000000000000000000000000000000000000000000000000000000000000000000000000000000000000000000000000000000000000000000000000000000000000000000000000010110001101100001000011011011011110000111101011000101001110011101001010100100110110000
000000000000000000000000000000000000000000000000000000000000000000000000000000000000000000000000000000000000000000000000000000000000000000000000000000000000000000000000000000000000000000000000000000000000000000001010110001101001011101111111101000110010111101011000111001110011110001010110100110110100
000000000000000000000000000000000000000000000000000000000000000000000000000000000000000000000000000000000000000000000000000000000000000000000000000000000000000000000000000000000000000000000000000000000000000000001000110010001000000001100100000000000010000100000000000100000101000001000010010000000001
000000000000000000000000000000000000000000000000000000000000000000000000000000000000000000000000000000000000000000000000000000000000000000000000000000000000000000000000000000000000000000000000000000000000000000000000110010101011000001000101001000000010000100000001100000100001000001000110110000000000
000000000000000000000000000000000000000000000000000000000000000000000000000000000000000000000000000000000000000000000000000000000000000000000000000000000000000000000000000000000000000000000000000000000000000000000000000000000000000000000000000000000000000000000000000000000000000000000000000000000000
000000000000000000000000000000000000000000000000000000000000000000000000000000000000000000000000000000000000000000000000000000000000000000000000000000000000000000000000000000000000000000000000000000000000000000000000110101101100101000001111111010110000111101011100111001111011111001010100000110110000
000000000000000000000000000000000000000000000000000000000000000000000000000000000000000000000000000000000000000000000000000000000000000000000000000000000000000000000000000000000000000000000000000000000000000000000000000000000000000000000000000000000000000000000000000000000000000000000000000000000000
000000000000000000000000000000000000000000000000000000000000000000000000000000000000000000000000000000000000000000000000000000000000000000000000000000000000000000000000000000000000000000000000000000000000000000000000010010101100100000100101000100101010000101000001000100010101010101000111010001000000
000000000000000000000000000000000000000000000000000000000000000000000000000000000000000000000000000000000000000000000000000000000000000000000000000000000000000000000000000000000000000000000000000000000000000000000000000111101111101001100111101110101011111101011001101101111111111101010111110101110101
000000000000000000000000000000000000000000000000000000000000000000000000000000000000000000000000000000000000000000000000000000000000000000000000000000000000000000000000000000000000000000000000000000000000000000000000000000000000000000000000000000000000000000000000000010000000000000000000000000000010
000000000000000000000000000000000000000000000000000000000000000000000000000000000000000000000000000000000000000000000000000000000000000000000000000000000000000000000000000000000000000000000000000000000000000000000000000000001100100000100101000000001000011100000000100000101110010001000010000000000000
000000000000000000000000000000000000000000000000000000000000000000000000000000000000000000000000000000000000000000000000000000000000000000000000000000000000000000000000000000000000000000000000000000000000000000000000000000101011000001101101001000000011000101000001000000000101010001000010010000000001
000000000000000000000000000000000000000000000000000000000000000000000000000000000000000000000000000000000000000000000000000000000000000000000000000000000000000000000000000000000000000000000000000000000000000000000000000000101000001000011111011011110000011101010000101001111110011001001100100100110000
000000000000000000000000000000000000000000000000000000000000000000000000000000000000000000000000000000000000000000000000000000000000000000000000000000000000000000000000000000000000000000000000000000000000000000000000000000001100001000001111111010110000111101011101111001110011111001010110100110110000
000000000000000000000000000000000000000000000000000000000000000000000000000000000000000000000000000000000000000000000000000000000000000000000000000000000000000000000000000000000000000000000000000000000000000000000000000000000000000000000000000000000000000000000000000000000000000000000000000000000000
000000000000000000000000000000000000000000000000000000000000000000000000000000000000000000000000000000000000000000000000000000000000000000000000000000000000000000000000000000000000000000000000000000000000000000000000000000000111101001100101001100111010111101010001101100111111010101000111110001110001
000000000000000000000000000000000000000000000000000000000000000000000000000000000000000000000000000000000000000000000000000000000000000000000000000000000000000000000000000000000000000000000000000000000000000000000000000000000000101000101101001000101000010101000000000100111111010101000111100001010101
000000000000000000000000000000000000000000000000000000000000000000000000000000000000000000000000000000000000000000000000000000000000000000000000000000000000000000000000000000000000000000000000000000000000000000000000000000000001000001000100000000000011011100000001000000000000000001000010100000000000
000000000000000000000000000000000000000000000000000000000000000000000000000000000000000000000000000000000000000000000000000000000000000000000000000000000000000000000000000000000000000000000000000000000000000000000000000000000000000001000101001000000011010101000001000000001000000001000010000000000000
000000000000000000000000000000000000000000000000000000000000000000000000000000000000000000000000000000000000000000000000000000000000000000000000000000000000000000000000000000000000000000000000000000000000000000000000000000000000000000100100000000001000000100000000000100001101000101000001000000000000
000000000000000000000000000000000000000000000000000000000000000000000000000000000000000000000000000000000000000000000000000000000000000000000000000000000000000000000000000000000000000000000000000000000000000000000000000000000000000000000000001000000000000001000000000000000000000000000000000000000000
000000000000000000000000000000000000000000000000000000000000000000000000000000000000000000000000000000000000000000000000000000000000000000000000000000000000000000000000000000000000000000000000000000000000000000000000000000000000000000101111111010110010111101011000111001111010110001010110100110110100
000000000000000000000000000000000000000000000000000000000000000000000000000000000000000000000000000000000000000000000000000000000000000000000000000000000000000000000000000000000000000000000000000000000000000000000000000000000000000000000110001000100000000000010000001000000010000000000000100000000100
000000000000000000000000000000000000000000000000000000000000000000000000000000000000000000000000000000000000000000000000000000000000000000000000000000000000000000000000000000000000000000000000000000000000000000000000000000000000000000000000000000000000000000000000000000000000000000000000000000000000
000000000000000000000000000000000000000000000000000000000000000000000000000000000000000000000000000000000000000000000000000000000000000000000000000000000000000000000000000000000000000000000000000000000000000000000000000000000000000000100101000000101011110100000001000000001000000001000010011000010000
000000000000000000000000000000000000000000000000000000000000000000000000000000000000000000000000000000000000000000000000000000000000000000000000000000000000000000000000000000000000000000000000000000000000000000000000000000000000000000000100000100111010011100000000100100111101010001000010110000100000
000000000000000000000000000000000000000000000000000000000000000000000000000000000000000000000000000000000000000000000000000000000000000000000000000000000000000000000000000000000000000000000000000000000000000000000000000000000000000000001011000011000000011000000000000001000000001000001100000100000000
000000000000000000000000000000000000000000000000000000000000000000000000000000000000000000000000000000000000000000000000000000000000000000000000000000000000000000000000000000000000000000000000000000000000000000000000000000000000000000000111011011110010111101011000111001110010011001010100100100110000
000000000000000000000000000000000000000000000000000000000000000000000000000000000000000000000000000000000000000000000000000000000000000000000000000000000000000000000000000000000000000000000000000000000000000000000000000000000000000000000011001000101011011101010001101101111111011101000111111000110000
000000000000000000000000000000000000000000000000000000000000000000000000000000000000000000000000000000000000000000000000000000000000000000000000000000000000000000000000000000000000000000000000000000000000000000000000000000000000000000000001011011100000011101011000101001110010111001010000100100100000
000000000000000000000000000000000000000000000000000000000000000000000000000000000000000000000000000000000000000000000000000000000000000000000000000000000000000000000000000000000000000000000000000000000000000000000000000000000000000000000000111110110010111101011001101000111111110101010111100110110000
000000000000000000000000000000000000000000000000000000000000000000000000000000000000000000000000000000000000000000000000000000000000000000000000000000000000000000000000000000000000000000000000000000000000000000000000000000000000000000000000011000100010011101011000011001110010010000010100100000010000
000000000000000000000000000000000000000000000000000000000000000000000000000000000000000000000000000000000000000000000000000000000000000000000000000000000000000000000000000000000000000000000000000000000000000000000000000000000000000000000000000010100000111000001010110001110000010000010100100000010000
000000000000000000000000000000000000000000000000000000000000000000000000000000000000000000000000000000000000000000000000000000000000000000000000000000000000000000000000000000000000000000000000000000000000000000000000000000000000000000000000000001110010011101011000111001110010111101010111100110110100
000000000000000000000000000000000000000000000000000000000000000000000000000000000000000000000000000000000000000000000000000000000000000000000000000000000000000000000000000000000000000000000000000000000000000000000000000000000000000000000000000000001000000100010000000100000101010101000011000000000000
000000000000000000000000000000000000000000000000000000000000000000000000000000000000000000000000000000000000000000000000000000000000000000000000000000000000000000000000000000000000000000000000000000000000000000000000000000000000000000000000000001010000101000010000000001100010001001010100100100100000
000000000000000000000000000000000000000000000000000000000000000000000000000000000000000000000000000000000000000000000000000000000000000000000000000000000000000000000000000000000000000000000000000000000000000000000000000000000000000000000000000000000000000000001000000001000000011000010100000100100000
000000000000000000000000000000000000000000000000000000000000000000000000000000000000000000000000000000000000000000000000000000000000000000000000000000000000000000000000000000000000000000000000000000000000000000000000000000000000000000000000000000011010011101011001101100110011111001010110100110110100
000000000000000000000000000000000000000000000000000000000000000000000000000000000000000000000000000000000000000000000000000000000000000000000000000000000000000000000000000000000000000000000000000000000000000000000000000000000000000000000000000000000000000101011000010001110010110001010100000100010000
000000000000000000000000000000000000000000000000000000000000000000000000000000000000000000000000000000000000000000000000000000000000000000000000000000000000000000000000000000000000000000000000000000000000000000000000000000000000000000000000000000000010000101010000000100001101000101000011000001000001
000000000000000000000000000000000000000000000000000000000000000000000000000000000000000000000000000000000000000000000000000000000000000000000000000000000000000000000000000000000000000000000000000000000000000000000000000000000000000000000000000000000000000000000000000000000000000000000000000000000000
000000000000000000000000000000000000000000000000000000000000000000000000000000000000000000000000000000000000000000000000000000000000000000000000000000000000000000000000000000000000000000000000000000000000000000000000000000000000000000000000000000000000000101000001000100111001000101000111111000000000
000000000000000000000000000000000000000000000000000000000000000000000000000000000000000000000000000000000000000000000000000000000000000000000000000000000000000000000000000000000000000000000000000000000000000000000000000000000000000000000000000000000000000000000000000000000000000000000010000000000000
000000000000000000000000000000000000000000000000000000000000000000000000000000000000000000000000000000000000000000000000000000000000000000000000000000000000000000000000000000000000000000000000000000000000000000000000000000000000000000000000000000000000010101011000101000110010000000000110000010110100
000000000000000000000000000000000000000000000000000000000000000000000000000000000000000000000000000000000000000000000000000000000000000000000000000000000000000000000000000000000000000000000000000000000000000000000000000000000000000000000000000000000000001101011000111001111010111001010110100111110100
000000000000000000000000000000000000000000000000000000000000000000000000000000000000000000000000000000000000000000000000000000000000000000000000000000000000000000000000000000000000000000000000000000000000000000000000000000000000000000000000000000000000000101011010111000110010111001010100100110110000
000000000000000000000000000000000000000000000000000000000000000000000000000000000000000000000000000000000000000000000000000000000000000000000000000000000000000000000000000000000000000000000000000000000000000000000000000000000000000000000000000000000000000001010001101101111111110101000111110001110101
000000000000000000000000000000000000000000000000000000000000000000000000000000000000000000000000000000000000000000000000000000000000000000000000000000000000000000000000000000000000000000000000000000000000000000000000000000000000000000000000000000000000000000000000000000000000000000000000000000000000
000000000000000000000000000000000000000000000000000000000000000000000000000000000000000000000000000000000000000000000000000000000000000000000000000000000000000000000000000000000000000000000000000000000000000000000000000000000000000000000000000000000000000000011000111101110011111101010111100110110000
000000000000000000000000000000000000000000000000000000000000000000000000000000000000000000000000000000000000000000000000000000000000000000000000000000000000000000000000000000000000000000000000000000000000000000000000000000000000000000000000000000000000000000000000000000000000000000000000000000000000
000000000000000000000000000000000000000000000000000000000000000000000000000000000000000000000000000000000000000000000000000000000000000000000000000000000000000000000000000000000000000000000000000000000000000000000000000000000000000000000000000000000000000000001100101101111110011101010111100110110100
000000000000000000000000000000000000000000000000000000000000000000000000000000000000000000000000000000000000000000000000000000000000000000000000000000000000000000000000000000000000000000000000000000000000000000000000000000000000000000000000000000000000000000000110111000110010111000010100100000110000
000000000000000000000000000000000000000000000000000000000000000000000000000000000000000000000000000000000000000000000000000000000000000000000000000000000000000000000000000000000000000000000000000000000000000000000000000000000000000000000000000000000000000000000000000000110000000001010000000000011000
000000000000000000000000000000000000000000000000000000000000000000000000000000000000000000000000000000000000000000000000000000000000000000000000000000000000000000000000000000000000000000000000000000000000000000000000000000000000000000000000000000000000000000000000010000110000000000010000000000000000
000000000000000000000000000000000000000000000000000000000000000000000000000000000000000000000000000000000000000000000000000000000000000000000000000000000000000000000000000000000000000000000000000000000000000000000000000000000000000000000000000000000000000000000000000000100011000001000110001000000000
000000000000000000000000000000000000000000000000000000000000000000000000000000000000000000000000000000000000000000000000000000000000000000000000000000000000000000000000000000000000000000000000000000000000000000000000000000000000000000000000000000000000000000000000001001110010110001000110100111110000
000000000000000000000000000000000000000000000000000000000000000000000000000000000000000000000000000000000000000000000000000000000000000000000000000000000000000000000000000000000000000000000000000000000000000000000000000000000000000000000000000000000000000000000000000000010000010000010000100000010000
000000000000000000000000000000000000000000000000000000000000000000000000000000000000000000000000000000000000000000000000000000000000000000000000000000000000000000000000000000000000000000000000000000000000000000000000000000000000000000000000000000000000000000000000000001110010111001010100100110110000
000000000000000000000000000000000000000000000000000000000000000000000000000000000000000000000000000000000000000000000000000000000000000000000000000000000000000000000000000000000000000000000000000000000000000000000000000000000000000000000000000000000000000000000000000000001111010101000001010001110000
000000000000000000000000000000000000000000000000000000000000000000000000000000000000000000000000000000000000000000000000000000000000000000000000000000000000000000000000000000000000000000000000000000000000000000000000000000000000000000000000000000000000000000000000000000000100000000000000000000000010
000000000000000000000000000000000000000000000000000000000000000000000000000000000000000000000000000000000000000000000000000000000000000000000000000000000000000000000000000000000000000000000000000000000000000000000000000000000000000000000000000000000000000000000000000000110010001001000000100100110000
000000000000000000000000000000000000000000000000000000000000000000000000000000000000000000000000000000000000000000000000000000000000000000000000000000000000000000000000000000000000000000000000000000000000000000000000000000000000000000000000000000000000000000000000000000011010111101110111100100110100
000000000000000000000000000000000000000000000000000000000000000000000000000000000000000000000000000000000000000000000000000000000000000000000000000000000000000000000000000000000000000000000000000000000000000000000000000000000000000000000000000000000000000000000000000000001011111101010111100111110100
000000000000000000000000000000000000000000000000000000000000000000000000000000000000000000000000000000000000000000000000000000000000000000000000000000000000000000000000000000000000000000000000000000000000000000000000000000000000000000000000000000000000000000000000000000000100000101000011000001010000
000000000000000000000000000000000000000000000000000000000000000000000000000000000000000000000000000000000000000000000000000000000000000000000000000000000000000000000000000000000000000000000000000000000000000000000000000000000000000000000000000000000000000000000000000000000001000101000011010001010000
000000000000000000000000000000000000000000000000000000000000000000000000000000000000000000000000000000000000000000000000000000000000000000000000000000000000000000000000000000000000000000000000000000000000000000000000000000000000000000000000000000000000000000000000000000000000111001010110100110111100
000000000000000000000000000000000000000000000000000000000000000000000000000000000000000000000000000000000000000000000000000000000000000000000000000000000000000000000000000000000000000000000000000000000000000000000000000000000000000000000000000000000000000000000000000000000000010101000111010001000000
000000000000000000000000000000000000000000000000000000000000000000000000000000000000000000000000000000000000000000000000000000000000000000000000000000000000000000000000000000000000000000000000000000000000000000000000000000000000000000000000000000000000000000000000000000000000010000010100100110110000
000000000000000000000000000000000000000000000000000000000000000000000000000000000000000000000000000000000000000000000000000000000000000000000000000000000000000000000000000000000000000000000000000000000000000000000000000000000000000000000000000000000000000000000000000000000000001101110111100110110000
000000000000000000000000000000000000000000000000000000000000000000000000000000000000000000000000000000000000000000000000000000000000000000000000000000000000000000000000000000000000000000000000000000000000000000000000000000000000000000000000000000000000000000000000000000000000000000010010100100110000
000000000000000000000000000000000000000000000000000000000000000000000000000000000000000000000000000000000000000000000000000000000000000000000000000000000000000000000000000000000000000000000000000000000000000000000000000000000000000000000000000000000000000000000000000000000000000001000011100001010001
000000000000000000000000000000000000000000000000000000000000000000000000000000000000000000000000000000000000000000000000000000000000000000000000000000000000000000000000000000000000000000000000000000000000000000000000000000000000000000000000000000000000000000000000000000000000000000000000000000000000
000000000000000000000000000000000000000000000000000000000000000000000000000000000000000000000000000000000000000000000000000000000000000000000000000000000000000000000000000000000000000000000000000000000000000000000000000000000000000000000000000000000000000000000000000000000000000000000111110101110001
000000000000000000000000000000000000000000000000000000000000000000000000000000000000000000000000000000000000000000000000000000000000000000000000000000000000000000000000000000000000000000000000000000000000000000000000000000000000000000000000000000000000000000000000000000000000000000000000000000000000
000000000000000000000000000000000000000000000000000000000000000000000000000000000000000000000000000000000000000000000000000000000000000000000000000000000000000000000000000000000000000000000000000000000000000000000000000000000000000000000000000000000000000000000000000000000000000000000100100000110000
000000000000000000000000000000000000000000000000000000000000000000000000000000000000000000000000000000000000000000000000000000000000000000000000000000000000000000000000000000000000000000000000000000000000000000000000000000000000000000000000000000000000000000000000000000000000000000000000000000000000
000000000000000000000000000000000000000000000000000000000000000000000000000000000000000000000000000000000000000000000000000000000000000000000000000000000000000000000000000000000000000000000000000000000000000000000000000000000000000000000000000000000000000000000000000000000000000000000010100010110100
000000000000000000000000000000000000000000000000000000000000000000000000000000000000000000000000000000000000000000000000000000000000000000000000000000000000000000000000000000000000000000000000000000000000000000000000000000000000000000000000000000000000000000000000000000000000000000000001011000110000
000000000000000000000000000000000000000000000000000000000000000000000000000000000000000000000000000000000000000000000000000000000000000000000000000000000000000000000000000000000000000000000000000000000000000000000000000000000000000000000000000000000000000000000000000000000000000000000000100001010001
000000000000000000000000000000000000000000000000000000000000000000000000000000000000000000000000000000000000000000000000000000000000000000000000000000000000000000000000000000000000000000000000000000000000000000000000000000000000000000000000000000000000000000000000000000000000000000000000000110110100
000000000000000000000000000000000000000000000000000000000000000000000000000000000000000000000000000000000000000000000000000000000000000000000000000000000000000000000000000000000000000000000000000000000000000000000000000000000000000000000000000000000000000000000000000000000000000000000000000001000001
000000000000000000000000000000000000000000000000000000000000000000000000000000000000000000000000000000000000000000000000000000000000000000000000000000000000000000000000000000000000000000000000000000000000000000000000000000000000000000000000000000000000000000000000000000000000000000000000000000000000
000000000000000000000000000000000000000000000000000000000000000000000000000000000000000000000000000000000000000000000000000000000000000000000000000000000000000000000000000000000000000000000000000000000000000000000000000000000000000000000000000000000000000000000000000000000000000000000000000000110000
000000000000000000000000000000000000000000000000000000000000000000000000000000000000000000000000000000000000000000000000000000000000000000000000000000000000000000000000000000000000000000000000000000000000000000000000000000000000000000000000000000000000000000000000000000000000000000000000000000110000
000000000000000000000000000000000000000000000000000000000000000000000000000000000000000000000000000000000000000000000000000000000000000000000000000000000000000000000000000000000000000000000000000000000000000000000000000000000000000000000000000000000000000000000000000000000000000000000000000000000000
000000000000000000000000000000000000000000000000000000000000000000000000000000000000000000000000000000000000000000000000000000000000000000000000000000000000000000000000000000000000000000000000000000000000000000000000000000000000000000000000000000000000000000000000000000000000000000000000000000010000
000000000000000000000000000000000000000000000000000000000000000000000000000000000000000000000000000000000000000000000000000000000000000000000000000000000000000000000000000000000000000000000000000000000000000000000000000000000000000000000000000000000000000000000000000000000000000000000000000000000000
000000000000000000000000000000000000000000000000000000000000000000000000000000000000000000000000000000000000000000000000000000000000000000000000000000000000000000000000000000000000000000000000000000000000000000000000000000000000000000000000000000000000000000000000000000000000000000000000000000000000
000000000000000000000000000000000000000000000000000000000000000000000000000000000000000000000000000000000000000000000000000000000000000000000000000000000000000000000000000000000000000000000000000000000000000000000000000000000000000000000000000000000000000000000000000000000000000000000000000000000000
000000000000000000000000000000000000000000000000000000000000000000000000000000000000000000000000000000000000000000000000000000000000000000000000000000000000000000000000000000000000000000000000000000000000000000000000000000000000000000000000000000000000000000000000000000000000000000000000000000000000
000000000000000000000000000000000000000000000000000000000000000000000000000000000000000000000000000000000000000000000000000000000000000000000000000000000000000000000000000000000000000000000000000000000000000000000000000000000000000000000000000000000000000000000000000000000000000000000000000000000000
