001110010110100000101100100010101000101001000000010001001000010000100000010010100000010000001000001000111100011000001000000010000000010100001000011111000010000100000000010000001100000000010001110000100011010101100010000000100000001000000101001000100000011101010000101000110010110000000100000010110000
000000000000000000000010000000000100000010000001100110000000000000000011000000000000000000010000010000000010000110000010001000100000000000100000001000000000000000000000000100000000000100000010000000000000000010000000010000001100100000000000000000001000000100000000000100001100000101000001000000000000
000000011100100000101101100010101001101001001010011001101010011000100001010000100000010000000110011000011100001010001010001010000011010100110000011011100000000100010010110100001100000000010001110000100011000111100010010001101100001000001101101000110000111101011100101001110010011001010100100100110000
000000010100100000101000100000101000100000000000010001000000010000100000000000100000010001000010000000001100010000000000000000000000010100000000010001000000000100000000000000000000000000010001010000100000000000100000000000100000001000000001100000000000011001000000001000110000010000000100000000010000
000000010000000000000000100000001000100000000000010000000000000000000000000000000000010000000000000000001000000000000000000010000000000100000000000001000000000000000000000000000100000000000000000000000000000100000000000000000000000000000000000000000000000000000000001000000010000000000000000000100000
000000000000000000000000000000000000000000000000000000000000000000000000000000000000000000000000000000000000000000000000000000000000000000000000000000000000000000000000000000000000000000000000000000000000000000000000000000000000000000000000000000000000000000000000000000000000000000000000000000000000
000000000000000000000000000000000000000000000000000000000000000000000000000000000000000000000000000000000000000000000000000000000000000000000000000000000000000000000000000000000000000000000000000000000000000000000000000000000000000000000000000000000000000000000000000000000000000000000000000000000000
000000001110100000101100100010101000101001000011010101001000011000100000010010100000010000011010011000111100111000001010000011000010010100101000011111000010000110000000110010001100000000010001110000110011010110100010010100101000001000101101001000100000011101011000101000110010110001010100100110110000
000000000100100011000100110000000000001000001000001001110000000000000000110000000000010000000010100011000000001001000000001000000000000001010000000000111100001001010010100000001010001100010101000000010011010001000000000001100000000000011010001011000000010101010000100001010010011000000000100100010000
000000000010110000101101110010101000100000000111011101101011011000101001010010100101010011011010011000111100011000011000001011000010010101110001011011100000000110010010100110001100000000010001110011110011010111100010010001101000001000111101111000110000111101011000101000110010111000010110100110110000
000000000000100000100000100000100000100000000000010001001000010000100000000000000000010000001000000000001000001000001000000011000000000000000000000001000000000100000000000000000000000000010001010000100000000000100010000000100000000000000001000000000000000001001000001000110010110000000100000010010000
000000000000001000000000000000000000010000000000000000000100000100000100000001001000100000000000000000000000000000000000111000000100100000000010001000000000000000000000000000000000000000100000000100000000100010000000000000000011000001000100000000000010000100000001000000000000000000000010001000000000
000000000000000000101100100000101000101000000111011001101001010000100001110000100000010000101010011001111100011000001010001010000010010101111000011101100001000100010010010110001100000100011001100000110011010101100010010001101100001000001101101000100000011101011000101001110010111001010100100110110000
000000000000000000000000000000100000000000000000000000000000010000011000000000000101000000000000000000000000011000000000000000000010000000000000000000000000000110000000000000000000000000010000000000000100000000100000000000000000000000000000000000000000100000000000000000110000000000000000000000000000
000000000000000000000000000000000000010000000000000000000000000100000100000001001000000000000000000000000000000000000000011000000100100000000010000000000000000000000000000000000000000100100000000100000000100000000000000000000011000001000100000000000010000100000001000000000000000000000010001000000000
000000000000000000000000000000000000000000000000000000000000000000000000000000000000000000000000000000000000000000000000000000000000000000000000000000000000000000000000000000100000000000000000000000000000000000000000001000000000000000000000000000000000000000000000000010000000000000000000000000000010
000000000000000001000100010000000000000000001000001001110000001000000000100000000000000000000000100001000000001000000000000000000000000001010000000000111100001001010010100000001010001000000101000000010000000001000000000001000000000000001010000011000000000000000000000001000010001000000000000100000000
000000000000000000000000110000000000001000001000001001100000000000000000000000000000000000000000101000000000001000000000000000000010000001010000000000111100001001010010100000001010001000000100000000010010000001000000010001000000000000011110000011000000010001000000000001000000001000000000000100000000
000000000000000000001100100000100000101000000010010001101001010000100000010000100100010111001110001000001100011000001000001010000000010100000001011001000000000101000010010000001100000000010001010000110010010000100010010001101000001000000001101000100000011101001000101000110010110000000110100000010000
000000000000000000000000000000000000000000000000000000000100000000000000000000000000000000000000000000000000000000000000011000000000000000000000000000000000000000000000000000000000000000000000000000000000100000001000010010000000000000000000000000000010000000000000000000000000000000000010000000000000
000000000000000000000100100000101000101000000100010001101000010000110000010000100101010001000010001000001100011000011000000011000000010100000001011001000000000100000000000010001100000000010001010001100010000101100010000000100000001000001001110000100000011101001000001000110010010000000100000000110000
000000000000000000000000100000101010101000000000011001101010010000100000010000100000010000001010001000101100001000001010001010000000010100101000011101101010000100000000000000001100000100010001100000100011010101100010010001100000001000000101001000100000011101010000101001110010111001010100000110110000
000000000000000000000000100000000000100010000001100100000000000100000011000010000000000000110000010000000110000010000010001000000000000000100000001000000001000000000000000100001000000100001000000000000000000010010000010000001000000000100100000000001000000100000000000000100000000001000010110000000001
000000000000000000000000000010000000000000000000010000001010001000100000000000000000010000001000000000000000000000000000000001000010000000000000000010000000000000000000000000001000000000000000010000000000000000000000000000000000000000000000001000000000000000010000000000000000000000000000000000000000
000000000000000000000000000010101000101001000011011101101011011000100101010010100000010010011110011000111100011000001010001111000111010100111000011111100010000111010010010110001100000100010001110000110111010111100010010001101000001000100101101000100000111101011000101001111010111001010110100110110000
000000000000000000000000000000000000000000001000001000110000000000000000100000100000000000000000100001000000000000000000000000000000000000010000000000101100001001010000100000000000001001000000000000010000000000000000000001000000000000001011000000000000000000000000000000000000001000000000000100000000
000000000000000000000000000000000000000000000000000000000000000000000000100000000000000000000000000001000000000000000000000000000000000000000000000000000000000000000000000000000000000001000000001000000000000000000000000000000000000000000000000000000000000000000000000000000000000000000000000000000000
000000000000000000000000000000000000000000000000000000000000000000000000000000000000000000000000000000000000000000000000010000000000000000000000000000000000000000000000000000000000000000100000000100000000000000000000000000000000000000000000000000000000000000000000000000000000000000000000000000000000
000000000000000000000000000000101000101001000000011001101010001000000000010000100000010000000110011000011100001000000010100000000010000100110000011011010000000000000000010000001100000000000001100000100011000111100010010001101100001000000101001000100000011101010000101000110010000001000100100000110000
000000000000000000000000000000000000000000000000000000000000000000000000000000001000000000000000000000000000000000000000001000000000000000000000001000000000000000000001000000000000000000000000000000000000000000000000000000000000000000000000000000000000000100000000000000000000000000000000000000000000
000000000000000000000000000000001000101000000011011001101111011000100001010000100100010101101010011000101101011000011010001011000010010100110001011011100000000111000010010110001100000000010001110001100011011110100010010001101000001000001101111000110000111101011000111000110010111001010110100100110000
000000000000000000000000000000000000000000000000000000000000000000000000000000000010000000000000000000000000000000000000000000000000000000000000000000000000000000000000000000000000000000000000000000000000000000000000000000000000000010000000000000000000000000000000000000000000000000000000000000000000
000000000000000000000000000000000000100000000000010001001000011000100000010000100000010000001010011000101000011000001010000011000010010100101000011111000010000100000000000000001100000000010001100000100011010110100010000001100000001000100101001000100000111101011000101000110010110001010100000110110000
000000000000000000000000000000000000000000000001000000000010000000000001000010000000000000100000010000000011000000000010001100000000100000100000001000000001000000000000000100001001100100001000000000000000001010000000010000001000000000100100000000000000000100010000000100001100000101000001000000000000
000000000000000000000000000000000000000000000000000000000000000000000000000000100000000000000010000000000000000000000000000000000000010000000000000000000000000000000000000010000000000000000000000000000000000000000010000000000000000000000000000000000000000000000000000000000000000000000000000000010000
000000000000000000000000000000000000000000000000000001100000000000000000000000000000000000000000000000000000000000000000000000000000000000000000000000000000000000000000000000000000000000000000000000000010000000000010000000000000000000000000000000000000000000010000000000000000000000000000000000000000
000000000000000000000000000000000000001001000001010001001000011000100000010010100000010000101010011000111100011000001010000011000010010100101000011111000010000100000000010000001100000000010001110000100011010110100010010101101000001000000101001000100000011101011000101000110010110001010100100010110000
000000000000000000000000000000000000000000000000000000000100000000000100000001001000100000000000000000000000000000000000010000000100100000000000001000000000000000000000000000000000000000100000000100000000100000001000010000000011000001000100000000000010000100000001000000000000000000000010000000000000
000000000000000000000000000000000000000001001000011001101010011001010000010000100000010000001110001000011100011000001000001010000001000100110000010011100000000101010010110000001100000000010001100000010010000101100010010001100000001000001000011010110000011001010000100000110010010000000000100000010000
000000000000000000000000000000000000000000000000000000000000000000000000000000000000000000000000000000000000000000000000000000000000000000000000000000000000000000001000000000000000000000000000000000000000000000000000000000000000000100000000000000000000000000000000000000000000000000000000000000000100
000000000000000000000000000000000000000000000001100110000000000000000010000000000000000000110000000000000010000110000010001000100000000000100000001000000000000000000000000000000000000100000010000000000000000000000000010000001000100000000000000000000000000100000000000100000000000001000000000000000000
000000000000000000000000000000000000000000000000010000100010001000000000010000000000010000000110001000010100001000000000000000000000000000000000000011000000000000000000010000001000000000000001000000000010000000000000000000000000000000000000001000000000011001010000001000100010000000000000100000010000
000000000000000000000000000000000000000000000000000000000000000000000000000000000000000000000000000000000000000000000000000000000000000000000000000000000000000000000000000000000000000000000000000000000000000000000000000000000000000000000000000000000000000000000000000000000000000000000000000000000000
000000000000000000000000000000000000000000000000000000000000000000000000000000000000000000000000000000000000000000000000000000000000000000000000100000000000000000000000000000000000010000000000000000000000000000000100000000000000000000000000000000000000000000000000000000000000000000000000000000000000
000000000000000000000000000000000000000000000000001000110000000000000000000000000000000000000000100000000100001000000000000000000000000001010000000000101100001001010010100000001010001000000000000000010010000001000000000001000000000000001010000011000000001001000000000001000000001000000000000100000000
000000000000000000000000000000000000000000000001000000000100000100000000000000000000000000000000000000000000000000000010010000000000000000100000001000000000000100000000000000000000000000000001000100000000000000101000010010001000000000000100000000000010000101000000000000100000000001000010000000000000
000000000000000000000000000000000000000000000000010000001000010000100000000000100000010000000000000000001000000000000000000000000000000000000000010001000000000100000000000000000000000000010001000000100000000000100010000000100000001000000001000000000000011001001000000000110010000000010100000000010000
000000000000000000000000000000000000000000000000101110000001010000000111000010001000000000110000010000001011000110000010001100100000000000100000001000000001000000000100000100000000000100001011000010000000101010001000110110101100101000100101000000001000011101010000000100111101010101000011000001010001
000000000000000000000000000000000000000000000000000010000000000000000011000010000000000000000000000000000010000110000010001000100000000000100000001000000000000000000000000100000000000100000010000000000000000000000000010000001000100000100000000000000000000100000000000000000000000001000000000000000000
000000000000000000000000000000000000000000000000000001101000011000100000010000100000010000001010001000111100001000001000001011000000000100011000010111100010000100000010010000001100000000010001110001110011010101100010010001100000001000001101001000100000111001010000101000110010110000000100000110110000
000000000000000000000000000000000000000000000000000001110000001000000000100000000000000000000010101001000000001001000000001000000000000001010000001010111100001001010010100000001010001000000101000000010010000001000000010001000000001000011110001011000000001101010000000001010000001000000000000100010000
000000000000000000000000000000000000000000000000000000000100000000000111000010001000000000110000010000001011000100000010111100100000000000100000001010000001000000000000000100000000000100001000000010000000001010010000110000001101000001100100000000001010011100010000000100001101000101000001010000000000
000000000000000000000000000000000000000000000000000000000000000000000010000000000000000000000000000000000010000110000010000000100000000000100000001000000000000000000000000000000000000000000010000000000000000000000000010000001000100000000000000000000000000100000000000000000000000001000000000000000000
000000000000000000000000000000000000000000000000000000001000011001100000010000100000010000001010001000001100011000001010001011000010010100110000011011100000000101000010100000001100001100010001110000110011010100100010010001100000001000001111111000110000011101011000101000110010111001010100100010110100
000000000000000000000000000000000000000000000000000000011010011000000000110000100000000000000010101011010100001001001000001000000011000001010000011000111100001001010010100000001010001000000101010000010010000001000000010001000000001000011111001011100000011101010000100001110000011000000000100100110000
000000000000000000000000000000000000000000000000000000000000000000000000100000100000000000000000100001000000000000000000000000000000000001010000000000101100001001010010000000000000001001000000000000010000000000000000000001000000000000001010000010000000000000000000000000000000001000000000000100000000
000000000000000000000000000000000000000000000000000000000000010000100001000000100000010000001010001000011100001000001000001011000010000100000000010001100000000100000000000100001100000000010001010000100011010101100010010000100000001000000001001000100000011101001000101000110010110000010100100110110000
000000000000000000000000000000000000000000000000000000000000000000000101000001001000100000110000010000000001000000000010111100000100100000100000001000000001000000000000000100000000000100111000000110000000101010001000010010001011000001000100000000000010000100000001000100110000000001000010000000000000
000000000000000000000000000000000000000000000000000000000000001000000000010000000000000000000100001000010100001000000000001000000000000000010000000010000000000000000000010000001000000000000000000000000010000000000000000000000000000000000000001000000000010000010000000000110000001000010000100000010000
000000000000000000000000000000000000000000000000000000000000000000000000000000000000000000000000000000000000000000000000001000000000000000000000001000000000000000000000000000000000000000010001000000000000000000000000010000100000001000000000000000000000000101000000000000110000000000000100000000000000
000000000000000000000000000000000000000000000000000000000000000001000000000000000000000000000000000000000000000000000000000000000000000000000000000000000000000000000000000000000000000000000000000000001000000000000000000000000000000000000000000000010000000000000000000000000000000000000000000000000000
000000000000000000000000000000000000000000000000000000000000000001110000010000100100010110001010001000001100011000001000000010000000000100000001011000000000000100000000000000001000000000010001100001100010000100100010010000100000001000000001111000100000011101011000101000110010110000010100100000110000
000000000000000000000000000000000000000000000000000000000000000000000000010000000000010000000110011000011100001000000010101000000010000000110000001011000000000000000000010000001100000100000101100000100011000111100000010001101100000000000101001000100000011001010000100000110010000001000100100000110000
000000000000000000000000000000000000000000000000000000000000000000000100000000001000000000000000010000000000000000000000010000000100000000000010000000000000000000000000000000000000000000100000000100000000100010000000000000000011000001000000000000000000000100000000000000000000000000000010001000000000
000000000000000000000000000000000000000000000000000000000000000000000000000000000000000000000000000000000000000000000000000000000000000000000000000000000000000000000000000000000000000000000000000000000000000000000000000000000000000000000000000000000000000000000010000000000000000000000000000000000000
000000000000000000000000000000000000000000000000000000000000000000000000000000100000000000000000001000000000001000000000000000000000000000000000000000000000000000000000000000001000000000000000000000001000000000000010000000000000000000000000000000010000000000010000000000010000000000000000000000000000
000000000000000000000000000000000000000000000000000000000000000000000000010000100000010000001000001000001100001000001000000011000000000100000000010001000000000100000000000000001100000000010001010000100001000101100010010000100000001000000001000000100000011001000000101000110010110000000100100010110000
000000000000000000000000000000000000000000000000000000000000000000000000000000000100000110000000000000000000010000000000000000000000000000000001000000000000000000000000000000000000000000000000000001000000000000000000000000000000000000000000010000000000000000000000010000000000000000000000000000000000
000000000000000000000000000000000000000000000000000000000000000000000000000000000001000000000000000000000000000000000000000000000000000000000000000000000000000000000000000000000000000000000000000000000100000000000000000000000000000000000000000000000000100000000000000000000000000000000000000000000000
000000000000000000000000000000000000000000000000000000000000000000000001000011001000100000010000000000000001000000000010011000000100100000100010001000000000000000000000000100000000000100100000000100000000101000001000010000001011000001100100000000000010000100000001000000000000000001000010001000000000
000000000000000000000000000000000000000000000000000000000000000000000001000000010000000000010000000000000010000110000010001000100000000000100000001000000000000000000100000100000000000100000010000000000000000000000000010000001000100000000100000000000000000100000000000100000000000001000000000000000000
000000000000000000000000000000000000000000000000000000000000000000000000000010001000010000110000010000000011000110000010101100100000000000100000001000000001000100000000000100001000000100011010000010000000001010110000110000001100100000100100000100001010000100100000000100011101000101000001010001000000
000000000000000000000000000000000000000000000000000000000000000000000000000000000000000000000000100001000000000000000000000000000000000000010000000000100000000000010010100000000000000001000000001000010000000000000000000001000000000000000000000000000000000000000000000000000000001000000000000100000000
000000000000000000000000000000000000000000000000000000000000000000000000000000000000010000000100001000011100001000000010001001000011000000100000001010000000000100000000010000001000000000010001000000100010000001100000010001100100001000000000001000100000010001010000000000110010011001000100100000110000
000000000000000000000000000000000000000000000000000000000000000000000000000000000000000000000000000000000000000000000000000000000000000000000000000000000000000000000000000000000000000000000000000000000000000000000000000000000000000000000000000000000000000000000000000000000000000000000000000000000000
000000000000000000000000000000000000000000000000000000000000000000000000000000000000000000000000000000000000000000000000000000000000000000000000000000000000000000000000000000000000000000000000000000000000000000000000000000000000000000000000000000000000000000000010000000000000000000000000000000000000
000000000000000000000000000000000000000000000000000000000000000000000000000000001000000000110010010000001001000000000010101100000000000000100000001000000001000000000000000100000100000100001000000010000000001110010000110000001110000001100100000000100000000100000000000100001101000001000010010000000000
000000000000000000000000000000000000000000000000000000000000000000000000000000001000100000000000010000000000000000000010011000000100100000100000001000000000000000000000000000000000000000100000000100000000100010001000010000000011000001000100000000000010000100000001000000000000000001000010000000000000
000000000000000000000000000000000000000000000000000000000000000000000000000000000000010010001010001000101100011000001010001010000001010100101001011111000010001101000000000000001110000100010001110000110011010101100010010000101000001000001101001000110000111101011000101000110010110001010100000010110000
000000000000000000000000000000000000000000000000000000000000000000000000000000000000000000000000000000000000000000000000000000000000000000000000000000000000000000000000000000000000000000000000000000000000000000000000000000000000000000000000000000000000000000000000000000000000000000000000000000000000
000000000000000000000000000000000000000000000000000000000000000000000000000000000000100000010000010000000000000000000010111000000101100000100010001000000000000000000001000100000000000100100000000100000000100010001000010000001011000001100100000000000010000100000001000000000000000001000010001000000000
000000000000000000000000000000000000000000000000000000000000000000000000000000000000000110000000000000000000010000000000000000000000000000000001000000000000000000000000100000000000000000000001000001000000000001000000000000000000000000000000010000000000000000000010010000010000000000010000000000000000
000000000000000000000000000000000000000000000000000000000000000000000000000000000000000000000000000000000000000000000000000000000000000000000000000000000000000000000000000000000000000000000000000000000000000000000000000000000000000010000000000000000000000000000000000000000000000000000000000000000000
000000000000000000000000000000000000000000000000000000000000000000000000000000000000000000000000000000000000000000000000000000000000000000000000000000000000000000000000000000001000000000000001000000000100000000000000000000000000000000000000000000000000101000000000000000000000000000000000000000000000
000000000000000000000000000000000000000000000000000000000000000000000000000000000000000000000000000000000000000000000000010000000100100000000000001000000000000000000000000000000000000000000000000100000000100000000000010000000011000001000000000000000010000100000001000000000000000000000010000000000000
000000000000000000000000000000000000000000000000000000000000000000000000000000000000000000001010001000101100011000001010000011000010000100101000011111000010000100000000010100001100000000010001110000100011010100100010010100100000001000000101001000100000011101011000101001110010110001010100100010110000
000000000000000000000000000000000000000000000000000000000000000000000000000000000000000000000000000000000000000000000000000000000000000000000000000000000000000000000000000000000000000000000000000000000000000000000000000000000000000000000000000000000000000000000000000000000000000000000000000000000000
000000000000000000000000000000000000000000000000000000000000000000000000000000000000000010000000000000000000010000000000000000000000000000000001000000000000000000000000000000000000000000000000000001000000000000000000000000000000000000000000010000000000000000000000010000010000000000000000000000000000
000000000000000000000000000000000000000000000000000000000000000000000000000000000000000000000000000000000000010000000000000000000000000000000001000000000000000000000000000000000000000000000001000001000000000000100000000000000000001000000000110000000000001001000000010000010000000000000000000000010000
000000000000000000000000000000000000000000000000000000000000000000000000000000000000000000000000000000000000000000010000000000000000000000000000010000000000000000000000000000000000000000000001000000100000000000000000000000000000001000000001000000000000001000000000000000110000000000000000000000010000
000000000000000000000000000000000000000000000000000000000000000000000000000000000000000000010000010000000001000000000010101100000000000000100000001000000001000100000000000100000001000100001000000000000000001010000000110000001100100000000100000000001010000101000000000100000101000101000001100000000000
000000000000000000000000000000000000000000000000000000000000000000000000000000000000000000000000010000001011000100000010111100100000000000100000001010000001000000000000000100000000000100001000000010000000001010010000110000001101000001100100000000001010011100010000000100001101000101000001010000000000
000000000000000000000000000000000000000000000000000000000000000000000000000000000000000000000000001000101000001000001000000010000000000100001000000101000010000100000000000000001100000000010001100000100011010101100010000000100000001000000000001000100000011001010000101000010010100000000100000010110000
000000000000000000000000000000000000000000000000000000000000000000000000000000000000000000000000001000011100001000000000000000000010000100010000000010000000000000000000010000001000000000000000000000000010000000000000000000000000000000000000001000000000010000010000000000000010000000000000100000000000
000000000000000000000000000000000000000000000000000000000000000000000000000000000000000000000000001000001100001000001010000000000010010100100000001010100000000100000000000010001100000000010001100000110011000100100000010001100100001000001001011000100000011101010000110000110010011001000100100100110000
000000000000000000000000000000000000000000000000000000000000000000000000000000000000000000000000000000000000000000000000000000000000000000000000001000000000000000000000000000000000000000000000000000000000000000000000000000000000000000000000000000000000000100000000000000000000000000000000000000000000
000000000000000000000000000000000000000000000000000000000000000000000000000000000000000000000000000011000000000000000000000010000000000001010000010000111100001101010010100000000010001000000101000000010000000001000000000001000000000000011010000011000000000000000000000001000000001000000000000100000000
000000000000000000000000000000000000000000000000000000000000000000000000000000000000000000000000000000001011000000000010101100100000100000100010011000000001000000000000000100000000000100001000000010000000001010000000110010101100000000100101000000001010010100010000000100011101010101000011000001010000
000000000000000000000000000000000000000000000000000000000000000000000000000000000000000000000000000000011100011000001000001010000011010100110000011011000000000101010000010000001000000000010001000000110011000001100010010001100000001000001001001000100000011101010000101000110010011000000100100110110000
000000000000000000000000000000000000000000000000000000000000000000000000000000000000000000000000000000000000000000000000000000000000000000000000000000000000110000000000000000000000000000000000000000000000000000000000000000000000000000000000000000000000000000000100000000000000000000000000000000000000
000000000000000000000000000000000000000000000000000000000000000000000000000000000000000000000000000000000000000000000000000000000000000000000000000000111100001001010000000000000000001000010100000000010000000000000000000001000000000000010010000011000000000000000000000000000000001000001000000100000000
000000000000000000000000000000000000000000000000000000000000000000000000000000000000000000000000000000000000000000000000000000000000000000010000000000100000000000010010100000000000000001000000001000010000000000000000000001000000000000000000000000000000000000000000000000000000001000000000000100000000
000000000000000000000000000000000000000000000000000000000000000000000000000000000000000000000000000000001000001000001000000010000000000100001000000111000010000000000000000000000100000000000000100000000001010100000010000000000000000000000000000000100000010001000000101000000010000000000000000010100000
000000000000000000000000000000000000000000000000000000000000000000000000000000000000000000000000000000001100001000000000000000000000000000000000000011000000000000000010010000001000000000010001000000000010000001000000000000000000000000000000001000000000011001010000001000000010001000000000100000010000
000000000000000000000000000000000000000000000000000000000000000000000000000000000000000000000000000000000100011000001010001011000011010100101000011111000010000110000000110010001100000000010001110000110011010110100010010100101000001000000101001000100000011101011000101000110010110001010100100010110000
000000000000000000000000000000000000000000000000000000000000000000000000000000000000000000000000000000000000001000001010001011000011010100100000011011000100000101000000110000001100000000010001100000110010000101100010010000101000001000001100001000100000011001010000100001110000011001000100100000000000
000000000000000000000000000000000000000000000000000000000000000000000000000000000000000000000000000000000000000110000010001000100000000000100000001000000000000000000000000100000000000100000010000000000000000010000000010000001000100000000000000000000000000100000000000100001000000001000000000000000000
000000000000000000000000000000000000000000000000000000000000000000000000000000000000000000000000000000000000000000000010101100000000000000100000001000000001000000000000000100000000000100001000000010000000001010000000110000001000000000100000000000001010000100010000000100000001000101000001000001000000
000000000000000000000000000000000000000000000000000000000000000000000000000000000000000000000000000000000000000000000000000000000000000000000000000000000000000000000000000000000000000000010000000000000000000000000000010000000000000000100100000000000000000101000000000000000000000000000000000000000000
000000000000000000000000000000000000000000000000000000000000000000000000000000000000000000000000000000000000000000000000000010000000000000000001000000000000000100000000000000000000000000010001000001100000000000100000000000100000000000000001110000000000001001000010010000110000000000000000000000000000
000000000000000000000000000000000000000000000000000000000000000000000000000000000000000000000000000000000000000000001000001010000001000100010000001011101000000101010010110000001000000000010001100010110010010001100010010001101000001000001101001010100000011001010000101001110010111000000100100100110000
000000000000000000000000000000000000000000000000000000000000000000000000000000000000000000000000000000000000000010000010001000100000000000100000001000000000000000000000000100000000000100000010000000000000000000000000010000001100100000000000000000000000000100000000000100000100000101000001000000000000
000000000000000000000000000000000000000000000000000000000000000000000000000000000000000000000000000000000000000000000010001000100000000000100000001000000000000000000000000100000000000100000010000000000000000000000000010000001100100000000100000000000000000100000000000000000000000001000000000000000000
000000000000000000000000000000000000000000000000000000000000000000000000000000000000000000000000000000000000000000000000000000000000000000000000000000000000000000000010000000000000000000000000000000000000000000000000000000000000000000001000000000000000000000000000000000000000000000000000000000000000
000000000000000000000000000000000000000000000000000000000000000000000000000000000000000000000000000000000000000000000000000000000000000000000000000000000000110000000000000000000000000000000000000000000000000000000000000000000000000000000000000000000000000000000100000000000000000000000000000000001000
000000000000000000000000000000000000000000000000000000000000000000000000000000000000000000000000000000000000000000000000000000000000000000000000010000000000000000000000000000000000000000000001000000000000000000000000000000100000001000000001000000000000001000000000000000010000000000000000000000000000
000000000000000000000000000000000000000000000000000000000000000000000000000000000000000000000000000000000000000000000010000010000000000100101000001111000010000101000000000000001100000100010001100000110011010100100010010001101000001000000001001000100000011101001000101000110010111001010100000110110000
000000000000000000000000000000000000000000000000000000000000000000000000000000000000000000000000000000000000000000000000000000000000000010000000000000000000000000000000000000000000010000000000000000000000000000000000000000000000000000000000000000000000000000000000000000000000000010000000000000000000
000000000000000000000000000000000000000000000000000000000000000000000000000000000000000000000000000000000000000000000000111110100000000100100010001000000001000000000000000100001001000110011011000010000000001010111010110000101100100000100101000100101010010101010000100100011101010101000011010001100000
000000000000000000000000000000000000000000000000000000000000000000000000000000000000000000000000000000000000000000000000000000000000000000000000000000000000000000000000000000000000000000000000000000000000000000000000000000010000000000000000000000000000000000000000000000000000000000000000000000000000
000000000000000000000000000000000000000000000000000000000000000000000000000000000000000000000000000000000000000000000000001100000000000000100000001000000000000000000000000100000000000100000000000000000000001010000000000000001000000000100100000000001000000100000000000100010000000001000000000000000000
000000000000000000000000000000000000000000000000000000000000000000000000000000000000000000000000000000000000000000000000001000000100100000100010001000000000000000000000000000000000000100100000000100000000100000001000010000000011000001000100000000000010000100000001000000000000000001000010001000000000
000000000000000000000000000000000000000000000000000000000000000000000000000000000000000000000000000000000000000000000000000110100001100000100000001010000001000100000101010100001101000110011011100010100001001010111000110011101100101001100101000100001010010101010000100100111101010101000111110001000000
000000000000000000000000000000000000000000000000000000000000000000000000000000000000000000000000000000000000000000000000000000000000000000100000001000000001000000000000000100000000000100001000000000000000001010000000010000101100000001100000000000001010000100000000000100001100000101000001000000000000
000000000000000000000000000000000000000000000000000000000000000000000000000000000000000000000000000000000000000000000000000000000000000100101000010101100010000100000000000000001100000100010001100000110011010100100010010000101000001000000101001000110000011101001000101000110010111001010100000110110000
000000000000000000000000000000000000000000000000000000000000000000000000000000000000000000000000000000000000000000000000000000000010000000000000000001000000000100000000000000000000000000000001010000100000000000100000000000100000000000000001001000100000000100010000000000110010110000000100100000000000
000000000000000000000000000000000000000000000000000000000000000000000000000000000000000000000000000000000000000000000000000000000000000000100000001000000000000000000000000100000000000100000010000000000000000010000000010000001100100000000100000000000000000100000000000100000000000101000001000000000000
000000000000000000000000000000000000000000000000000000000000000000000000000000000000000000000000000000000000000000000000000000000000000000000000000000000000000000000000000000000000000000000000000000000000000000000000000000000000000000000000000000000000000000000000000000000000000000000000000000000000
000000000000000000000000000000000000000000000000000000000000000000000000000000000000000000000000000000000000000000000000000000000000000000000000000000000000000000000000000000010000000000000000000000000000000000000000000000000000000000000000000000000000000010000000000000000000000000000000000000000000
000000000000000000000000000000000000000000000000000000000000000000000000000000000000000000000000000000000000000000000000000000000000100000000010001000000000000000000000000000000000000000100000000100000000100000001000010010000011000001000100000000000010000100000001000000000000000000000010000000000000
000000000000000000000000000000000000000000000000000000000000000000000000000000000000000000000000000000000000000000000000000000000001000000000000000000000000001100010000010000001000000000000001000000000000000000100000010000000000000000000000000000100000010001000000000000110000010000000000100000000000
000000000000000000000000000000000000000000000000000000000000000000000000000000000000000000000000000000000000000000000000000000000000000000000000000010000000000100000000000000001000000000000000000000000010000000000000010000001000000000000100101000000000010001010000000000000000010000000100100000000000
000000000000000000000000000000000000000000000000000000000000000000000000000000000000000000000000000000000000000000000000000000000000000000100000001000000000000000000000001000000000000100100000000100000000100010000000010010001011000001000100000000000010000100000001000000000000000000000010001000000000
000000000000000000000000000000000000000000000000000000000000000000000000000000000000000000000000000000000000000000000000000000000000000000000000000000000000000100000000000000001000000000000001000000100000000000000000000000100000001000000001001000100000011001000000001000110010000000000100000000110000
000000000000000000000000000000000000000000000000000000000000000000000000000000000000000000000000000000000000000000000000000000000000000000000000000000000000000000000000000000000000000000000000000000000000000000000000000000000000000000000000000000000000000000000000000000000000000000000000000000000000
000000000000000000000000000000000000000000000000000000000000000000000000000000000000000000000000000000000000000000000000000000000000000000100000001101000000000100000000000000001100000000010001110000100011010110100010010000100000001000000001101000100000011101010000101000110010010001000100000010110000
000000000000000000000000000000000000000000000000000000000000000000000000000000000000000000000000000000000000000000000000000000000000000000000000000000000000000000000000000000000000010000000000000000000000000000000000000000000000000000000000000000000000000000000000000000000000000010000000000000000000
000000000000000000000000000000000000000000000000000000000000000000000000000000000000000000000000000000000000000000000000000000000000000000010000000000111100001001010010100000001010001000000100000000010000000001000000000001000000000000011010000011000000000000000000000001000000001000000000000100000000
000000000000000000000000000000000000000000000000000000000000000000000000000000000000000000000000000000000000000000000000000000000000000000000000001000000001000100000101010100001001000110011011000010000001001010111010110110101100101000100101000100101010011101010000100100111101010101000111010001000000
000000000000000000000000000000000000000000000000000000000000000000000000000000000000000000000000000000000000000000000000000000000000000000000000011001111100001001010010100000001010001000000101110000110011000001000000010001100000001000011011011011000000010101010000101001110010001000000100100100010000
000000000000000000000000000000000000000000000000000000000000000000000000000000000000000000000000000000000000000000000000000000000000000000000000000101000010000000000000000000000100000000000000000000000001010100000010000000000000000000000000000000100000000001000000101000000010000000000000000010100000
000000000000000000000000000000000000000000000000000000000000000000000000000000000000000000000000000000000000000000000000000000000000000000000000000000000000000000000000000000001000000000000000000000000000000000000000000000000000000000000000000000000000000000000000000000000000000000000000000000000000
000000000000000000000000000000000000000000000000000000000000000000000000000000000000000000000000000000000000000000000000000000000000000000000000001000000000000000000000000000000000000000000000000100000000100010000000000000000000000001000100000000000000000000000001000000000000000001000010001000000000
000000000000000000000000000000000000000000000000000000000000000000000000000000000000000000000000000000000000000000000000000000000000000000000000000000000000000000000000000000000000000000000001000001000000000000000010000000000000000000000001110000000000001000000000010000110000000000000000000000000000
000000000000000000000000000000000000000000000000000000000000000000000000000000000000000000000000000000000000000000000000000000000000000000000000000000000000000000000000000000000000000000000000000000000000000000000000000000000000000000000000000000000000000000000000000000000000000000000000000000000000
000000000000000000000000000000000000000000000000000000000000000000000000000000000000000000000000000000000000000000000000000000000000000000000000000001100000000100010000000000001000000000010001000000100010000010100010010001100000001000000001001000000000011101011000000000110010010000010100000000110000
000000000000000000000000000000000000000000000000000000000000000000000000000000000000000000000000000000000000000000000000000000000000000000000000000010000001000000000100000100001101000110011011000010100001101011111010110111101111101001100101000100101010011101010001100100111101010101000111110001110000
000000000000000000000000000000000000000000000000000000000000000000000000000000000000000000000000000000000000000000000000000000000000000000000000000001000010000000000000000000000100000000000000000000000011010100000010000000000000000000000000000000100000000000000000101000010010000000000000000010100000
000000000000000000000000000000000000000000000000000000000000000000000000000000000000000000000000000000000000000000000000000000000000000000000000000001000000000100000000010000001100000000010001110000000011000100100000010000000000001000001100001010100000010101010000101000000010010000000000100000110000
000000000000000000000000000000000000000000000000000000000000000000000000000000000000000000000000000000000000000000000000000000000000000000000000000000000010000100000000010000001110000000010001110000100011010100100010000000100000001000001001001000100000010101011000101000110010110000000100000010110000
000000000000000000000000000000000000000000000000000000000000000000000000000000000000000000000000000000000000000000000000000000000000000000000000000000011100001101010010100000001010001100010101000000110010000001000010000001100000000000011010001011000000011000000000000001110010011000000000000100000000
000000000000000000000000000000000000000000000000000000000000000000000000000000000000000000000000000000000000000000000000000000000000000000000000000000001100000001010000000000000000001000000100000000010000000000000000000001000000000000010010000000000000010001000000000000000000001000001000000100000000
000000000000000000000000000000000000000000000000000000000000000000000000000000000000000000000000000000000000000000000000000000000000000000000000000000000100000001010010100000000000001000010100000000010000000001000000000001000000000000011010000010000000000001000000000001000000001000000000000100000000
000000000000000000000000000000000000000000000000000000000000000000000000000000000000000000000000000000000000000000000000000000000000000000000000000000000000001001010010100000000010001000000100000000010000000001000000000001000000000000011010000011000000000000000000000001000000001000000000000100000000
000000000000000000000000000000000000000000000000000000000000000000000000000000000000000000000000000000000000000000000000000000000000000000000000000000000000000000000000000000000100000000000000000000000001010100000010000000000000000000000000000000100000000001000000101000000010000000000000000010100000
000000000000000000000000000000000000000000000000000000000000000000000000000000000000000000000000000000000000000000000000000000000000000000000000000000000000000000000000000100000000000100001000000010000000001010010000110000001100000000100000000100000010000100000000000100000001000101000001010000000000
000000000000000000000000000000000000000000000000000000000000000000000000000000000000000000000000000000000000000000000000000000000000000000000000000000000000010000000000000000000000000000000000000000000000000000000000000000000000000000000000000000000000000000000100000000000000000000000000000000000000
000000000000000000000000000000000000000000000000000000000000000000000000000000000000000000000000000000000000000000000000000000000000000000000000000000000000000000000000000000000000000000000000000000000000000000000000000000000000000000000000000000000000000000000100000000000000000000000000000000001000
000000000000000000000000000000000000000000000000000000000000000000000000000000000000000000000000000000000000000000000000000000000000000000000000000000000000000001010010100000001010001000000100000000010000000001000000000001000000000000011010001011000000000000000000000001000000001000000000000100000000
000000000000000000000000000000000000000000000000000000000000000000000000000000000000000000000000000000000000000000000000000000000000000000000000000000000000000000000010000110001100000000010101110000100011000100100010010000100000001000000001101000100000111101011000101000110010111000010110100010110000
000000000000000000000000000000000000000000000000000000000000000000000000000000000000000000000000000000000000000000000000000000000000000000000000000000000000000000000000000000000000000000000000000000000100000000000000000000000000000000000000000000000000000001000000000000000000000000000000000000000000
000000000000000000000000000000000000000000000000000000000000000000000000000000000000000000000000000000000000000000000000000000000000000000000000000000000000000000010010100000000010001000000100000000010010000001000000000001000000000000011010000011100000010000000000000001110000001000000000000100000000
000000000000000000000000000000000000000000000000000000000000000000000000000000000000000000000000000000000000000000000000000000000000000000000000000000000000000000000000000000000000000000000000000000000000000000000000000000000000000000000000000000000000000000000000000000000000000000000000000000000000
000000000000000000000000000000000000000000000000000000000000000000000000000000000000000000000000000000000000000000000000000000000000000000000000000000000000000000000010100000001010001000000101100000010010000001000000000001000000000000011010000011000000001000000000000001000000001000000000000100000000
000000000000000000000000000000000000000000000000000000000000000000000000000000000000000000000000000000000000000000000000000000000000000000000000000000000000000000000000000000000000000000000000000000000000000000000000000000000000000100000000000000000000000000000000000000000000000000000000000000000100
000000000000000000000000000000000000000000000000000000000000000000000000000000000000000000000000000000000000000000000000000000000000000000000000000000000000000000000000000000000000000100000000000000000000000000000000010100001100100000000100000000000000000100000000000000101000000000000000000000000000
000000000000000000000000000000000000000000000000000000000000000000000000000000000000000000000000000000000000000000000000000000000000000000000000000000000000000000000000100000001010001000010101100000010010000001000000000001000000001000001010000011000000001000000000000001010000011000000000100100000000
000000000000000000000000000000000000000000000000000000000000000000000000000000000000000000000000000000000000000000000000000000000000000000000000000000000000000000000000000000000000000000000000000000000000000000000000010000000000000000000000000000000000000100000000000000000000000000000000000000000000
000000000000000000000000000000000000000000000000000000000000000000000000000000000000000000000000000000000000000000000000000000000000000000000000000000000000000000000000000000001010001000000101000000010010000001000000000001000000000000011010001011000000000000010000100001000010011000000000000100000000
000000000000000000000000000000000000000000000000000000000000000000000000000000000000000000000000000000000000000000000000000000000000000000000000000000000000000000000000000000001000000000000000000000000011000000000000000000000000000000000100001000000000010100010000100000110010000000000000100000010000
000000000000000000000000000000000000000000000000000000000000000000000000000000000000000000000000000000000000000000000000000000000000000000000000000000000000000000000000000000000000000000000000000000000000100000000000000000000011000001000000000000000000000000000000000000000000000000000000000000000000
000000000000000000000000000000000000000000000000000000000000000000000000000000000000000000000000000000000000000000000000000000000000000000000000000000000000000000000000000000001000000100011010000010000000001010110000110000001100100000100100000100001010000100100000000100011101000101000001010001000000
000000000000000000000000000000000000000000000000000000000000000000000000000000000000000000000000000000000000000000000000000000000000000000000000000000000000000000000000000000000000000000000001000000100000000000100000000000100000000000000001000000000000001000001000000000110000000000000000000000010000
000000000000000000000000000000000000000000000000000000000000000000000000000000000000000000000000000000000000000000000000000000000000000000000000000000000000000000000000000000000000000000000000000000000000000000000000000000000000000000000000000000000000000000000000000000000000000000000000000000000000
000000000000000000000000000000000000000000000000000000000000000000000000000000000000000000000000000000000000000000000000000000000000000000000000000000000000000000000000000000000000000000000000000000000000000000000000001000000000000000000000000000000000000000000000000010000000000000000000000000000010
000000000000000000000000000000000000000000000000000000000000000000000000000000000000000000000000000000000000000000000000000000000000000000000000000000000000000000000000000000000000000000000000000000000000000000000000000000000000000000000000000000000000000010000000000000000000000000000000000000000000
000000000000000000000000000000000000000000000000000000000000000000000000000000000000000000000000000000000000000000000000000000000000000000000000000000000000000000000000000000000000000100010001100000110011000101100010010001101100001000001111011000100000011101010000101001110010111001000100100100110000
000000000000000000000000000000000000000000000000000000000000000000000000000000000000000000000000000000000000000000000000000000000000000000000000000000000000000000000000000000000000000000000001100000100011010110100010000000100000001000000001000000100000011001010000101000010010110000000100000010110000
000000000000000000000000000000000000000000000000000000000000000000000000000000000000000000000000000000000000000000000000000000000000000000000000000000000000000000000000000000000000001000000100000000010000000001000000000001000000000000011010000011000000000000000000000001000010001000000000000100000000
000000000000000000000000000000000000000000000000000000000000000000000000000000000000000000000000000000000000000000000000000000000000000000000000000000000000000000000000000000000000000100000000000000000000000010000000010000001000000000000000000000000000000100000000000000001100000001000000000000000000
000000000000000000000000000000000000000000000000000000000000000000000000000000000000000000000000000000000000000000000000000000000000000000000000000000000000000000000000000000000000000000000000000000000000000000000000000000000000000000000000000000000000000000000000000000001100000000000000000000000000
000000000000000000000000000000000000000000000000000000000000000000000000000000000000000000000000000000000000000000000000000000000000000000000000000000000000000000000000000000000000000000000000000000000000000000000000000000010000000000000000000000000000000000000000000000000000000010000000000000000000
000000000000000000000000000000000000000000000000000000000000000000000000000000000000000000000000000000000000000000000000000000000000000000000000000000000000000000000000000000000000000000000100000000010000000001000000000001000000000000011010000011000000000000000000000001000000001000000000000100000000
000000000000000000000000000000000000000000000000000000000000000000000000000000000000000000000000000000000000000000000000000000000000000000000000000000000000000000000000000000000000000010001010000110000010001010111010110011001100100000100100000000001010010100010000100100001101000101000011010000000000
000000000000000000000000000000000000000000000000000000000000000000000000000000000000000000000000000000000000000000000000000000000000000000000000000000000000000000000000000000000000000000000000000000000000000000000000010000001000000000000100000000000000000100000000000000000000000001000000000000000000
000000000000000000000000000000000000000000000000000000000000000000000000000000000000000000000000000000000000000000000000000000000000000000000000000000000000000000000000000000000000000000000000001000000000000000000000000000000000000000000000000000000000000000000000000000000000000000000000000000000000
000000000000000000000000000000000000000000000000000000000000000000000000000000000000000000000000000000000000000000000000000000000000000000000000000000000000000000000000000000000000000000000000000100000000000000000000000000000011000001000100000000000000000100000001000000000000000000000010000000000000
000000000000000000000000000000000000000000000000000000000000000000000000000000000000000000000000000000000000000000000000000000000000000000000000000000000000000000000000000000000000000000000001100100100010000100100010010001100000001000000001101000100000111101011000101000110010110001010100100000110000
000000000000000000000000000000000000000000000000000000000000000000000000000000000000000000000000000000000000000000000000000000000000000000000000000000000000000000000000000000000000000000000000000010000000001010010000110000001100000000100000000100000010000100000000000100000001000101000001010000000000
000000000000000000000000000000000000000000000000000000000000000000000000000000000000000000000000000000000000000000000000000000000000000000000000000000000000000000000000000000000000000000000000000000010000000001000000000001000000000000010010000011000000000000000000000001000000001000001000000100000000
000000000000000000000000000000000000000000000000000000000000000000000000000000000000000000000000000000000000000000000000000000000000000000000000000000000000000000000000000000000000000000000000000000000000000000000000010000001000100000000000000000000000000100000000000000000000000001000000000000000000
000000000000000000000000000000000000000000000000000000000000000000000000000000000000000000000000000000000000000000000000000000000000000000000000000000000000000000000000000000000000000000000000110010110011010101100010010001101000001000011111110000100000111101011000101000110010111001010110100100110000
000000000000000000000000000000000000000000000000000000000000000000000000000000000000000000000000000000000000000000000000000000000000000000000000000000000000000000000000000000000000000000000000000000000011010100100010000001000000001000000100001000100000010001010000101000010010000000000000100110110000
000000000000000000000000000000000000000000000000000000000000000000000000000000000000000000000000000000000000000000000000000000000000000000000000000000000000000000000000000000000000000000000000000000000000000000000010010000101000001000000000000000100000011000010000001000000010110000000000000000010000
000000000000000000000000000000000000000000000000000000000000000000000000000000000000000000000000000000000000000000000000000000000000000000000000000000000000000000000000000000000000000000000000000000000000000000000000000000000000000000000000000000000000000000000000000000000000000000000000000000000000
000000000000000000000000000000000000000000000000000000000000000000000000000000000000000000000000000000000000000000000000000000000000000000000000000000000000000000000000000000000000000000000000000000000000100000001000010000001011000001000100000000000010000100000001000000000000000000000010001000000000
000000000000000000000000000000000000000000000000000000000000000000000000000000000000000000000000000000000000000000000000000000000000000000000000000000000000000000000000000000000000000000000000000000000010001010010000010000001000000000000001000000000010000100000000000000000000000001000000010000000000
000000000000000000000000000000000000000000000000000000000000000000000000000000000000000000000000000000000000000000000000000000000000000000000000000000000000000000000000000000000000000000000000000000000000000000000000000000000000000000000000010000000000000000000010010000100000000000000000100000000000
000000000000000000000000000000000000000000000000000000000000000000000000000000000000000000000000000000000000000000000000000000000000000000000000000000000000000000000000000000000000000000000000000000000011010100100010010000101000001000000101100000100000011101011000001000110010110000010100100000110000
000000000000000000000000000000000000000000000000000000000000000000000000000000000000000000000000000000000000000000000000000000000000000000000000000000000000000000000000000000000000000000000000000000000010000001000000000001000000000000011010000011100000010001000000000001110000001000000000000100000000
000000000000000000000000000000000000000000000000000000000000000000000000000000000000000000000000000000000000000000000000000000000000000000000000000000000000000000000000000000000000000000000000000000000000000000000000000000000000000000000000000000010000000000000000000000000000000000000000000000000000
000000000000000000000000000000000000000000000000000000000000000000000000000000000000000000000000000000000000000000000000000000000000000000000000000000000000000000000000000000000000000000000000000000000000000000000000000000000000000000000000000000000000100000000000000000000000000000000000000000000000
000000000000000000000000000000000000000000000000000000000000000000000000000000000000000000000000000000000000000000000000000000000000000000000000000000000000000000000000000000000000000000000000000000000001010101100010010001100000011000001101001000100000011101010000100000110010001000000100100110110000
000000000000000000000000000000000000000000000000000000000000000000000000000000000000000000000000000000000000000000000000000000000000000000000000000000000000000000000000000000000000000000000000000000000000010101000010000000100000000000000001001000100000010101000000101000010010010000000100000010110000
000000000000000000000000000000000000000000000000000000000000000000000000000000000000000000000000000000000000000000000000000000000000000000000000000000000000000000000000000000000000000000000000000000000000000000000000010000000011000001000100000000000010000100000001000000001000000000000010001000000000
000000000000000000000000000000000000000000000000000000000000000000000000000000000000000000000000000000000000000000000000000000000000000000000000000000000000000000000000000000000000000000000000000000000000000100000010000000100000000000000000000000100000000001000000101000110010000000000100000010100000
000000000000000000000000000000000000000000000000000000000000000000000000000000000000000000000000000000000000000000000000000000000000000000000000000000000000000000000000000000000000000000000000000000000000000010000000110000001000000000100000000000001010000100010000000100000001000101000001000001000000
000000000000000000000000000000000000000000000000000000000000000000000000000000000000000000000000000000000000000000000000000000000000000000000000000000000000000000000000000000000000000000000000000000000000000000100010000000100000001000000001000000100000011001000000101000010010000000000100000010110000
000000000000000000000000000000000000000000000000000000000000000000000000000000000000000000000000000000000000000000000000000000000000000000000000000000000000000000000000000000000000000000000000000000000000000000000000110010101100000000100101000000001010010100010000000100011101010101000011000001010000
000000000000000000000000000000000000000000000000000000000000000000000000000000000000000000000000000000000000000000000000000000000000000000000000000000000000000000000000000000000000000000000000000000000000000000000010010001000000001000011011001011000000000101010000001001000010001000000000100100010000
000000000000000000000000000000000000000000000000000000000000000000000000000000000000000000000000000000000000000000000000000000000000000000000000000000000000000000000000000000000000000000000000000000000000000000000010010001100000001000000001101000100000111101011000101000110010110001010100100000110000
000000000000000000000000000000000000000000000000000000000000000000000000000000000000000000000000000000000000000000000000000000000000000000000000000000000000000000000000000000000000000000000000000000000000000000000000100000000000000000000000000000000000000100000000000000000001000001000000010000000000
000000000000000000000000000000000000000000000000000000000000000000000000000000000000000000000000000000000000000000000000000000000000000000000000000000000000000000000000000000000000000000000000000000000000000000000000010010001011000001000100000000000010000100000001000000000000000001000010000000000000
000000000000000000000000000000000000000000000000000000000000000000000000000000000000000000000000000000000000000000000000000000000000000000000000000000000000000000000000000000000000000000000000000000000000000000000000000000000000000000000000000000000000000000000000000000000000000000000000000000000000
000000000000000000000000000000000000000000000000000000000000000000000000000000000000000000000000000000000000000000000000000000000000000000000000000000000000000000000000000000000000000000000000000000000000000000000000010000101000001000000101001000110000111001011000101000110010111001010100000110110000
000000000000000000000000000000000000000000000000000000000000000000000000000000000000000000000000000000000000000000000000000000000000000000000000000000000000000000000000000000000000000000000000000000000000000000000000000000000000000000000000000000000000000000000000000000000000000000000000000000000000
000000000000000000000000000000000000000000000000000000000000000000000000000000000000000000000000000000000000000000000000000000000000000000000000000000000000000000000000000000000000000000000000000000000000000000000000010000001100000000100000000000000000000100000000000100000001000101000001010000000000
000000000000000000000000000000000000000000000000000000000000000000000000000000000000000000000000000000000000000000000000000000000000000000000000000000000000000000000000000000000000000000000000000000000000000000000000000101101101101000100101100100101010011101000000100101111111011101000111100001010000
000000000000000000000000000000000000000000000000000000000000000000000000000000000000000000000000000000000000000000000000000000000000000000000000000000000000000000000000000000000000000000000000000000000000000000000000000000000000000000000000000000000000000000000000000010000000000000000000000000000010
000000000000000000000000000000000000000000000000000000000000000000000000000000000000000000000000000000000000000000000000000000000000000000000000000000000000000000000000000000000000000000000000000000000000000000000000000000001100000000000000000000000000000100000000000000000000000000000000000000000000
000000000000000000000000000000000000000000000000000000000000000000000000000000000000000000000000000000000000000000000000000000000000000000000000000000000000000000000000000000000000000000000000000000000000000000000000000000001000000001000000000000000010000100000001000000000000000000000000000000000000
000000000000000000000000000000000000000000000000000000000000000000000000000000000000000000000000000000000000000000000000000000000000000000000000000000000000000000000000000000000000000000000000000000000000000000000000000000100000000000011011001011100000010001010000000001110000011000000000100100000000
000000000000000000000000000000000000000000000000000000000000000000000000000000000000000000000000000000000000000000000000000000000000000000000000000000000000000000000000000000000000000000000000000000000000000000000000000000001000001000000101100000100000011101011000001000110010110001010100100000110000
000000000000000000000000000000000000000000000000000000000000000000000000000000000000000000000000000000000000000000000000000000000000000000000000000000000000000000000000000000000000000000000000000000000000000000000000000000000000000000000000000000000000000000000000000000000000000000000000000000000000
000000000000000000000000000000000000000000000000000000000000000000000000000000000000000000000000000000000000000000000000000000000000000000000000000000000000000000000000000000000000000000000000000000000000000000000000000000000100101000100101000000101010000101010000000100111101000101000111100000010000
000000000000000000000000000000000000000000000000000000000000000000000000000000000000000000000000000000000000000000000000000000000000000000000000000000000000000000000000000000000000000000000000000000000000000000000000000000000000000000100100000000001000000100000000000100001001000101000001000001000000
000000000000000000000000000000000000000000000000000000000000000000000000000000000000000000000000000000000000000000000000000000000000000000000000000000000000000000000000000000000000000000000000000000000000000000000000000000000001000001000100000000000010000100000001000000000000000000000010000000000000
000000000000000000000000000000000000000000000000000000000000000000000000000000000000000000000000000000000000000000000000000000000000000000000000000000000000000000000000000000000000000000000000000000000000000000000000000000000000000001000100000000000000000100000001000000000000000000000010000000000000
000000000000000000000000000000000000000000000000000000000000000000000000000000000000000000000000000000000000000000000000000000000000000000000000000000000000000000000000000000000000000000000000000000000000000000000000000000000000000000000000000000000000000100000000000100000000000101000001000000000000
000000000000000000000000000000000000000000000000000000000000000000000000000000000000000000000000000000000000000000000000000000000000000000000000000000000000000000000000000000000000000000000000000000000000000000000000000000000000000000000000001000000000000000000000000000000000000000000000000000000000
000000000000000000000000000000000000000000000000000000000000000000000000000000000000000000000000000000000000000000000000000000000000000000000000000000000000000000000000000000000000000000000000000000000000000000000000000000000000000000001001100000110000111101011000101000110010010000010100100000110000
000000000000000000000000000000000000000000000000000000000000000000000000000000000000000000000000000000000000000000000000000000000000000000000000000000000000000000000000000000000000000000000000000000000000000000000000000000000000000000000100000000000000000000010000000000000010000000000000000000000100
000000000000000000000000000000000000000000000000000000000000000000000000000000000000000000000000000000000000000000000000000000000000000000000000000000000000000000000000000000000000000000000000000000000000000000000000000000000000000000000000000000000000000000000000000000000000000000000000000000000000
000000000000000000000000000000000000000000000000000000000000000000000000000000000000000000000000000000000000000000000000000000000000000000000000000000000000000000000000000000000000000000000000000000000000000000000000000000000000000000000100000000000010000100000001000000001000000000000010000000000000
000000000000000000000000000000000000000000000000000000000000000000000000000000000000000000000000000000000000000000000000000000000000000000000000000000000000000000000000000000000000000000000000000000000000000000000000000000000000000000000100000000100000000100000000000100001001000001000000000000000000
000000000000000000000000000000000000000000000000000000000000000000000000000000000000000000000000000000000000000000000000000000000000000000000000000000000000000000000000000000000000000000000000000000000000000000000000000000000000000000001010000001000000000000000000000000000000001000001000000100000000
000000000000000000000000000000000000000000000000000000000000000000000000000000000000000000000000000000000000000000000000000000000000000000000000000000000000000000000000000000000000000000000000000000000000000000000000000000000000000000000011001011000000001101010000001001010010011000000100100100110000
000000000000000000000000000000000000000000000000000000000000000000000000000000000000000000000000000000000000000000000000000000000000000000000000000000000000000000000000000000000000000000000000000000000000000000000000000000000000000000000001001000101010000101010001000000001110000001000010000000100000
000000000000000000000000000000000000000000000000000000000000000000000000000000000000000000000000000000000000000000000000000000000000000000000000000000000000000000000000000000000000000000000000000000000000000000000000000000000000000000000000000011000000000000010000000001010000011000000000000100000000
000000000000000000000000000000000000000000000000000000000000000000000000000000000000000000000000000000000000000000000000000000000000000000000000000000000000000000000000000000000000000000000000000000000000000000000000000000000000000000000000100000110000011101011000001000111010110001010100000000110000
000000000000000000000000000000000000000000000000000000000000000000000000000000000000000000000000000000000000000000000000000000000000000000000000000000000000000000000000000000000000000000000000000000000000000000000000000000000000000000000000000000000000011001000000000000110000000000000100000000010000
000000000000000000000000000000000000000000000000000000000000000000000000000000000000000000000000000000000000000000000000000000000000000000000000000000000000000000000000000000000000000000000000000000000000000000000000000000000000000000000000000000000000001000000010010000010000000000010000000000000000
000000000000000000000000000000000000000000000000000000000000000000000000000000000000000000000000000000000000000000000000000000000000000000000000000000000000000000000000000000000000000000000000000000000000000000000000000000000000000000000000000000100000011101010000100000110010010000000000100010110000
000000000000000000000000000000000000000000000000000000000000000000000000000000000000000000000000000000000000000000000000000000000000000000000000000000000000000000000000000000000000000000000000000000000000000000000000000000000000000000000000000000001000000100000000000100000000000001000000000000000000
000000000000000000000000000000000000000000000000000000000000000000000000000000000000000000000000000000000000000000000000000000000000000000000000000000000000000000000000000000000000000000000000000000000000000000000000000000000000000000000000000001000000000000000000000001000000001000000000000100000000
000000000000000000000000000000000000000000000000000000000000000000000000000000000000000000000000000000000000000000000000000000000000000000000000000000000000000000000000000000000000000000000000000000000000000000000000000000000000000000000000000000000000000000000000000001000000001000000000000100000000
000000000000000000000000000000000000000000000000000000000000000000000000000000000000000000000000000000000000000000000000000000000000000000000000000000000000000000000000000000000000000000000000000000000000000000000000000000000000000000000000000000000000011101010000101000110010110001000110000010110000
000000000000000000000000000000000000000000000000000000000000000000000000000000000000000000000000000000000000000000000000000000000000000000000000000000000000000000000000000000000000000000000000000000000000000000000000000000000000000000000000000000000000000000010000000000110000000000000000000000000000
000000000000000000000000000000000000000000000000000000000000000000000000000000000000000000000000000000000000000000000000000000000000000000000000000000000000000000000000000000000000000000000000000000000000000000000000000000000000000000000000000000000000000100000000000100000100000101000001000000000000
000000000000000000000000000000000000000000000000000000000000000000000000000000000000000000000000000000000000000000000000000000000000000000000000000000000000000000000000000000000000000000000000000000000000000000000000000000000000000000000000000000000000000000000000000000000000000000000000000000000000
000000000000000000000000000000000000000000000000000000000000000000000000000000000000000000000000000000000000000000000000000000000000000000000000000000000000000000000000000000000000000000000000000000000000000000000000000000000000000000000000000000000000000100000001000000010000000001000010000000000000
000000000000000000000000000000000000000000000000000000000000000000000000000000000000000000000000000000000000000000000000000000000000000000000000000000000000000000000000000000000000000000000000000000000000000000000000000000000000000000000000000000000000000000000000000000000000000000000000000000000000
000000000000000000000000000000000000000000000000000000000000000000000000000000000000000000000000000000000000000000000000000000000000000000000000000000000000000000000000000000000000000000000000000000000000000000000000000000000000000000000000000000000000000101000000000000110010000000000000000000000000
000000000000000000000000000000000000000000000000000000000000000000000000000000000000000000000000000000000000000000000000000000000000000000000000000000000000000000000000000000000000000000000000000000000000000000000000000000000000000000000000000000000000001101011000101000110010111001010100100110110000
000000000000000000000000000000000000000000000000000000000000000000000000000000000000000000000000000000000000000000000000000000000000000000000000000000000000000000000000000000000000000000000000000000000000000000000000000000000000000000000000000000000000000101011000100000110000010000010100100000110000
000000000000000000000000000000000000000000000000000000000000000000000000000000000000000000000000000000000000000000000000000000000000000000000000000000000000000000000000000000000000000000000000000000000000000000000000000000000000000000000000000000000000000001010000000100111111010101000111110001110001
000000000000000000000000000000000000000000000000000000000000000000000000000000000000000000000000000000000000000000000000000000000000000000000000000000000000000000000000000000000000000000000000000000000000000000000000000000000000000000000000000000000000000000000000000000000000000000000000000000000000
000000000000000000000000000000000000000000000000000000000000000000000000000000000000000000000000000000000000000000000000000000000000000000000000000000000000000000000000000000000000000000000000000000000000000000000000000000000000000000000000000000000000000000011000101001110010111001010100100110110000
000000000000000000000000000000000000000000000000000000000000000000000000000000000000000000000000000000000000000000000000000000000000000000000000000000000000000000000000000000000000000000000000000000000000000000000000000000000000000000000000000000000000000000000000000000000000000000000000000000000000
000000000000000000000000000000000000000000000000000000000000000000000000000000000000000000000000000000000000000000000000000000000000000000000000000000000000000000000000000000000000000000000000000000000000000000000000000000000000000000000000000000000000000000000000101000110010001001000100100010110000
000000000000000000000000000000000000000000000000000000000000000000000000000000000000000000000000000000000000000000000000000000000000000000000000000000000000000000000000000000000000000000000000000000000000000000000000000000000000000000000000000000000000000000000000001000110010100000010100000000110000
000000000000000000000000000000000000000000000000000000000000000000000000000000000000000000000000000000000000000000000000000000000000000000000000000000000000000000000000000000000000000000000000000000000000000000000000000000000000000000000000000000000000000000000000000000000000000000000000000000001000
000000000000000000000000000000000000000000000000000000000000000000000000000000000000000000000000000000000000000000000000000000000000000000000000000000000000000000000000000000000000000000000000000000000000000000000000000000000000000000000000000000000000000000000000010000000000000000000000000000000000
000000000000000000000000000000000000000000000000000000000000000000000000000000000000000000000000000000000000000000000000000000000000000000000000000000000000000000000000000000000000000000000000000000000000000000000000000000000000000000000000000000000000000000000000000000000000000000000010000000000000
000000000000000000000000000000000000000000000000000000000000000000000000000000000000000000000000000000000000000000000000000000000000000000000000000000000000000000000000000000000000000000000000000000000000000000000000000000000000000000000000000000000000000000000000001000110010000001000000100010110000
000000000000000000000000000000000000000000000000000000000000000000000000000000000000000000000000000000000000000000000000000000000000000000000000000000000000000000000000000000000000000000000000000000000000000000000000000000000000000000000000000000000000000000000000000000000000000000000000000000000000
000000000000000000000000000000000000000000000000000000000000000000000000000000000000000000000000000000000000000000000000000000000000000000000000000000000000000000000000000000000000000000000000000000000000000000000000000000000000000000000000000000000000000000000000000000110010110000010100000110110000
000000000000000000000000000000000000000000000000000000000000000000000000000000000000000000000000000000000000000000000000000000000000000000000000000000000000000000000000000000000000000000000000000000000000000000000000000000000000000000000000000000000000000000000000000000000001000101000001000000000000
000000000000000000000000000000000000000000000000000000000000000000000000000000000000000000000000000000000000000000000000000000000000000000000000000000000000000000000000000000000000000000000000000000000000000000000000000000000000000000000000000000000000000000000000000000000000000000000000000000000010
000000000000000000000000000000000000000000000000000000000000000000000000000000000000000000000000000000000000000000000000000000000000000000000000000000000000000000000000000000000000000000000000000000000000000000000000000000000000000000000000000000000000000000000000000000000010001000000000000100000000
000000000000000000000000000000000000000000000000000000000000000000000000000000000000000000000000000000000000000000000000000000000000000000000000000000000000000000000000000000000000000000000000000000000000000000000000000000000000000000000000000000000000000000000000000000010010110000010110100000110000
000000000000000000000000000000000000000000000000000000000000000000000000000000000000000000000000000000000000000000000000000000000000000000000000000000000000000000000000000000000000000000000000000000000000000000000000000000000000000000000000000000000000000000000000000000000010110001010110100100110000
000000000000000000000000000000000000000000000000000000000000000000000000000000000000000000000000000000000000000000000000000000000000000000000000000000000000000000000000000000000000000000000000000000000000000000000000000000000000000000000000000000000000000000000000000000000100000001000010000000000000
000000000000000000000000000000000000000000000000000000000000000000000000000000000000000000000000000000000000000000000000000000000000000000000000000000000000000000000000000000000000000000000000000000000000000000000000000000000000000000000000000000000000000000000000000000000000000101000001000000000000
000000000000000000000000000000000000000000000000000000000000000000000000000000000000000000000000000000000000000000000000000000000000000000000000000000000000000000000000000000000000000000000000000000000000000000000000000000000000000000000000000000000000000000000000000000000000110000010100000110110000
000000000000000000000000000000000000000000000000000000000000000000000000000000000000000000000000000000000000000000000000000000000000000000000000000000000000000000000000000000000000000000000000000000000000000000000000000000000000000000000000000000000000000000000000000000000000000101000001010000000000
000000000000000000000000000000000000000000000000000000000000000000000000000000000000000000000000000000000000000000000000000000000000000000000000000000000000000000000000000000000000000000000000000000000000000000000000000000000000000000000000000000000000000000000000000000000000010000010100000010010000
000000000000000000000000000000000000000000000000000000000000000000000000000000000000000000000000000000000000000000000000000000000000000000000000000000000000000000000000000000000000000000000000000000000000000000000000000000000000000000000000000000000000000000000000000000000000001001010100100110110000
000000000000000000000000000000000000000000000000000000000000000000000000000000000000000000000000000000000000000000000000000000000000000000000000000000000000000000000000000000000000000000000000000000000000000000000000000000000000000000000000000000000000000000000000000000000000000000000000000100000000
000000000000000000000000000000000000000000000000000000000000000000000000000000000000000000000000000000000000000000000000000000000000000000000000000000000000000000000000000000000000000000000000000000000000000000000000000000000000000000000000000000000000000000000000000000000000000001000001000000000000
000000000000000000000000000000000000000000000000000000000000000000000000000000000000000000000000000000000000000000000000000000000000000000000000000000000000000000000000000000000000000000000000000000000000000000000000000000000000000000000000000000000000000000000000000000000000000000000000000000000000
000000000000000000000000000000000000000000000000000000000000000000000000000000000000000000000000000000000000000000000000000000000000000000000000000000000000000000000000000000000000000000000000000000000000000000000000000000000000000000000000000000000000000000000000000000000000000000000011010001100000
000000000000000000000000000000000000000000000000000000000000000000000000000000000000000000000000000000000000000000000000000000000000000000000000000000000000000000000000000000000000000000000000000000000000000000000000000000000000000000000000000000000000000000000000000000000000000000000000000000000000
000000000000000000000000000000000000000000000000000000000000000000000000000000000000000000000000000000000000000000000000000000000000000000000000000000000000000000000000000000000000000000000000000000000000000000000000000000000000000000000000000000000000000000000000000000000000000000000100000000110000
000000000000000000000000000000000000000000000000000000000000000000000000000000000000000000000000000000000000000000000000000000000000000000000000000000000000000000000000000000000000000000000000000000000000000000000000000000000000000000000000000000000000000000000000000000000000000000000000000000000000
000000000000000000000000000000000000000000000000000000000000000000000000000000000000000000000000000000000000000000000000000000000000000000000000000000000000000000000000000000000000000000000000000000000000000000000000000000000000000000000000000000000000000000000000000000000000000000000000100000110000
000000000000000000000000000000000000000000000000000000000000000000000000000000000000000000000000000000000000000000000000000000000000000000000000000000000000000000000000000000000000000000000000000000000000000000000000000000000000000000000000000000000000000000000000000000000000000000000000001000000000
000000000000000000000000000000000000000000000000000000000000000000000000000000000000000000000000000000000000000000000000000000000000000000000000000000000000000000000000000000000000000000000000000000000000000000000000000000000000000000000000000000000000000000000000000000000000000000000000000000000000
000000000000000000000000000000000000000000000000000000000000000000000000000000000000000000000000000000000000000000000000000000000000000000000000000000000000000000000000000000000000000000000000000000000000000000000000000000000000000000000000000000000000000000000000000000000000000000000000000000110000
000000000000000000000000000000000000000000000000000000000000000000000000000000000000000000000000000000000000000000000000000000000000000000000000000000000000000000000000000000000000000000000000000000000000000000000000000000000000000000000000000000000000000000000000000000000000000000000000000000000000
000000000000000000000000000000000000000000000000000000000000000000000000000000000000000000000000000000000000000000000000000000000000000000000000000000000000000000000000000000000000000000000000000000000000000000000000000000000000000000000000000000000000000000000000000000000000000000000000000000000000
000000000000000000000000000000000000000000000000000000000000000000000000000000000000000000000000000000000000000000000000000000000000000000000000000000000000000000000000000000000000000000000000000000000000000000000000000000000000000000000000000000000000000000000000000000000000000000000000000000000000
000000000000000000000000000000000000000000000000000000000000000000000000000000000000000000000000000000000000000000000000000000000000000000000000000000000000000000000000000000000000000000000000000000000000000000000000000000000000000000000000000000000000000000000000000000000000000000000000000000100000
000000000000000000000000000000000000000000000000000000000000000000000000000000000000000000000000000000000000000000000000000000000000000000000000000000000000000000000000000000000000000000000000000000000000000000000000000000000000000000000000000000000000000000000000000000000000000000000000000000000000
000000000000000000000000000000000000000000000000000000000000000000000000000000000000000000000000000000000000000000000000000000000000000000000000000000000000000000000000000000000000000000000000000000000000000000000000000000000000000000000000000000000000000000000000000000000000000000000000000000010000
000000000000000000000000000000000000000000000000000000000000000000000000000000000000000000000000000000000000000000000000000000000000000000000000000000000000000000000000000000000000000000000000000000000000000000000000000000000000000000000000000000000000000000000000000000000000000000000000000000000000
000000000000000000000000000000000000000000000000000000000000000000000000000000000000000000000000000000000000000000000000000000000000000000000000000000000000000000000000000000000000000000000000000000000000000000000000000000000000000000000000000000000000000000000000000000000000000000000000000000000000
000000000000000000000000000000000000000000000000000000000000000000000000000000000000000000000000000000000000000000000000000000000000000000000000000000000000000000000000000000000000000000000000000000000000000000000000000000000000000000000000000000000000000000000000000000000000000000000000000000000000
000000000000000000000000000000000000000000000000000000000000000000000000000000000000000000000000000000000000000000000000000000000000000000000000000000000000000000000000000000000000000000000000000000000000000000000000000000000000000000000000000000000000000000000000000000000000000000000000000000000000
000000000000000000000000000000000000000000000000000000000000000000000000000000000000000000000000000000000000000000000000000000000000000000000000000000000000000000000000000000000000000000000000000000000000000000000000000000000000000000000000000000000000000000000000000000000000000000000000000000000000
