000100000000000000000000000000000000000000000000000000000000000000000000000000000000000000000000000000000000000000000000000000100000000000000000000000001000000000000000000000000000000000000000000000000000000000000000000000000000000000000000000000000000000000000000000000000000000000000000000000000000
000010000011000100010011011100000001000001001010000000001001010001110000000001001000000111000010000000100010011110110110110000100001001000000010010000010111110101100000000010000100000000010011000001101000101010001001010010001100110110000000000000000011100100001111010011101100100000000100100100101010
000000000000000001000000000000001100000000001000000000000000000000000000000000010001000000000000001010000000000000000000000000000010000000000100000000100000001000000010001000000010000000000010000000000100100010000000000000010000000000010001000000010000010000000000001000000000000000000000000000000000
000000000000000000000000000000000000000000000000000000000000000000000000000000000000000000000000000000000000000000000000000000100000000000000000000000001000000000000000000000000000000000000000000000000000000000000000000000000000000000000000000000000000000000000000000000000000000000000000000000000000
000000000001000100000011000100000001000001000000000000000000010000010000001001001010000111000010000000110000010010010010100000000000000000000010000000010111110000000000000001010001100000000000000001111000101000000000000000001100100000000000001000000001100000001111010010100100100000000100100000101010
000000000001000000000010000000000011000001010000010010001001010000100000000001000010000100000100000000000111011000110100010000100001001000000000000000000100100000100000000000000100000000010000000001010000001000001001010100000010010000000000000000000011100100001100010010000100100000000000100000001100
000000000000000000000000000000010000010000010000000010000000000000100000010000000000010000000100000000000000000010010000000000000000000000000100000000001000000000010000000000100000000000000000100000000000000000000000001100100000000000000000000100001001000000000000000000000000100000000000010000000000
000000000010000000000100000000000000100000000000100000000000100100000000000000000000000000000000000000000000000000000000000000000000000000000000000000000000000000001000000000000000000000000000000000000000000000000000000000000000000000000000000000000000000000000000000000000000000000000000000000000000
000000000100001000000000000000100000000000000000000000100010000001000010000010000010100100000000000000000000000000001000001010000000000011000000100100100000011001100100000010000000000110010100000000000000000000000010110010000000001100000000000000000100000100010000000100010000000000010000000010010000
000000000000101100000000000000100000001010000100000000100110000001000010100010000100100000000001000000000000001010000001001000010000001010001000001100100000011001000100010010000000000010010100000100000000100110000010010010000000001000000000000000000001001100010000000100010000000100011000100000000000
000000000001000110000100000000000000100000000010100001000000100100110000000000000000000100000000000000000100011010000010100000000000000000000010000000010011000000001000000000000000000000000000100000000000000000001000000000000000100000000000001000000011100000000001010010100100001000000000100000101000
000000000000010110000011001000000001000001000010100000000001110100110000000001001000000111000010000000110000010010111010110100000000101000000010010000010111110000000000100010000100000001000011100001111010101001001000100000001100100010100000001000000011100100001111010011101100100001000100000000101010
000000000000001000000000000001000000000000000100000000000010000000000000100000000100000000000001000000000000000000000000000000000000000000100000001100000000000001000000000000000000000000000000000100000000000100000000000100100000001000000000000000000000000000010000000000000000000000010000000000000000
000000000000000100000001000000000001000001000000000000000001010000110000001001101010000101100010000000010000010010010010100000000000000000000010010000010101100000000000100000010101100000000011000001010000101001001000000010000100100010000000010000000011100000101111010011100100101000000001000000101010
000000000000000000000000000001000000000000000100000000100010000001000010000010000100000000000000000000000000001000000000001000010000000010000000001100100000011001000100000010000000000110010100000100000000000100000000010110000000001100000000000000100000001100010000000100010000000000010010100010000000
000000000000000010010011011010000011000001000010100000000001010100110000000001001000000111100010000000110001011110110010100000000001100000000110010100010111100000001100100100010101100001000010100001111010101001001001000100101100110001000000011000000011100000001111010011101111101001000101100100101010
000000000000000000010111001000000001000000000010000000000001010000000000000001001000000101100010000000000000111010110000100000000000000000000000010000000111000000000000100100010000000000000010000000010011100001001000000000100100110001100000001000000011100000100101010011100110001001000000100000101000
000000000000000000000000000000000000000000000000000000010000000000010000000000000000000000000000000000000000001000010000000000000000010000000010000000000000000010000000000000000010000000000000000000000000000000000000000000000000000000000000000000000000000000000000000000000000000000000000000000000000
000000000000000000000000000000000000000000000000000000000000000000000000000000000000000100000000000000000000000000000000000000000000000100000000000000000100000000000000000000000100000000000000000000000000000000000000000000000000000000000000000000000010000000000000000000000000000000000000000000000000
000000000000000000000011001000000011000001000010010000000000010000110000001001101000000111100010000000010001011110110010100000000000000000000010010000010101100100000000100100010101100000000010100001101011101001001001001110101100110001000000011000000011100000101111010011100110101001000000100100101010
000000000000000000000000000000000000000000100000000000000000000000000000000000000000000000000000000000000000001000000000000000000000001000000000000000000000000001000000000000000000000000100000000000010000010000000100000000100000000000000000000000000000000100000000000000000000000000000000100000000000
000000000000000000000000000000000000100000000000100000000000100100000000000000000000000100000000000000000000000010000000100000000000000000000000000000000100000000001000000000000000000000000000000000000000000000000000000000000000100000000000000000000010100000000000000000100100000000000000000000000000
000000000000000000000001011010000011000001000010010100001001010000110000000001101010100111100010000000110011011010101110110000100001001000000110110000010111110000000000100100010100001000000010100001111111101000001001101100111100111110000000011000000111100100111111010011100110101001000101100101111110
000000000000000000000000011010000011000001001010000000000001010000110000001001001000000111100010000000110001111110111110110000100001001000000010010000010111100000000000100100010101100000000011100001111111101011001000000100101100110010000000011000000011100000001111010011100110101001000100100100101010
000000000000000000000000000000000000000001000000000000000000000000000000000001000000000000000000000000000000010000000000000000000000000000000000000000000000000000000000000000000000000000000010000001000000101000000000000000000000000000000000000000000011100000000100010010100100000000000000000000000100
000000000000000000000000000000000010000000000010000000000000010000000000000000000000000100000010000000000001010000100010100000000000000000000000010000000110000000000000000000000100000000000000000000010000100000000000000000001000110010000000011000000011100000001101010011000100000000000000100000001010
000000000000000000000000000010000011000001000010000000001001010000000000000001001000000111000010001000110111011010110110100000000000101000000000010000000101100000000000100001010100100000000010000001111001101011001001001100101000111000100000001000000011100000001111010011100100101001000000100100001000
000000000000000000000000000000000000000000010000010000000001000000010000000000000000000111000010000000000100010010010000110000100001000000000010000000000100110000000000000000000000000000000001000000000100000000001000000000000000000000000000000000000011000000000101010010100100100000000000000000000000
000000000000000000000000000000000010000010100000000000000000000000000000000001000000000011000000000100100001001010000000100001000000001000000000000000000000000000000000000000010000000000100000000000111000010000000100000100100000100000000000000011000011100000000100010010100100010000000000100100001000
000000000000000000000000000000000000000000000000000000000000000000000000000000000100000000000001000000000000000000000000000000000000000000000000000000000000000000000000000000000000000000000000000100000000000000000000000100000000001000000000000000000000000000000000000000000000000000010000000000000000
000000000000000000000000000000000000000000000000000000001000000000000000000000000000000000000000000000000000000000000000001000000000000000000000000100000000010000000100010000000000000000000000000000000000000000000010000010000000000000000000000000000000000000000000000100010000000000000000000000000000
000000000000000000000000000000000000010000010000000100000000000000100100010000000000010000000000000001000000000000000000000000000000000000000000000000000000000000010000000000100000000000000001110000000000000000000000001000000001000000000000000100001000000000000000000000000001100000000000010000000000
000000000000000000000000000000000100000000001000000000000000000000000000000000010000000000000000001010000000000000000000000000000100000000000000000000000000000000000010001000000000000000000000100000000100000000000000000000010000000000010001000000000010000000000001010010100000100000000000000000000000
000000000000000000000000000000000000000000001000000000000000000000000000000000010000000000000000001010000000000000000000000000000100000000000000000000000000000000000010001000000010000000000000000000000000000000000000000000000000000000010001000000000000000000000000000000000000000000000000000000000000
000000000000000000000000000000000001000011100000000000000000010000101000000001000000000110000010000100100001001010100000100000000000001000000001000000000110000000000000000001010100001100101000000001111000110010000101100101101100110000000000011011000011100001001101010010100100100000100000100100001010
000000000000000000000000000000000000000001000010010000001001010000110000000001101000000111000010000000110011111110111010110000000001000000000010010000010111110000000000100000010101010000000010100001111011101001001001100100001100111010101000011000000111100100001111010011101100101001000001100000101110
000000000000000000000000000000000000000000000000100000000000100100000000000000000000000000000000000000000000000000000000000000000000000000000000000000000000000000001000000000000000000000000000000000000000000000000000000000000000000000000000000000000000000000000000000000000000000000000000000000000000
000000000000000000000000000000000000000000010000000100000000000000100100010000000000010000000000000001000000000000000000000000000000000000000000000000000000000000010000000000100000000000000001110000000000000000000000001000000000000000000100000100001000000000000000000000000001100000000000010000000000
000000000000000000000000000000000000000000001100001000101011000001000010100011011100000100000000000000000000011010010010000000011000001110101100111101100100011001100100010011000000001010010100000100010000100110000011110010101000101000011001000000110111111110011101010110110000000100001000100010011000
000000000000000000000000000000000000000000100000000000000000000000001000000000000000000000010000000000000000001000000000000001000000001000000000000000000000000000000000000000000000000000001000000000010000000000010000000100000000000000000000000010000000100001000000000000000000010000100000100100000000
000000000000000000000000000000000000000000010000000000101000000001000010100000000110000100000000100000000001000000001100000000000000000011100001100101000100010001100100000010000100001110010000000100000000000100000010110110100000001100001000000000100100001110000000000000000000000000000010000110010000
000000000000000000000000000000000000000000001010010000101001010000110000000001001010000111100010000000110001111110111110110100100001101000000011110000010100110101100000100110010101101111010011100001111110101111001000110110101110110011010001001000000011100100001111010011101100101000000100100100011110
000000000000000000000000000000000000000000000000000000000000000000001000000000000000000000010000000100000001001000000000000000000000001000000000000000000000000000000000000000000000000000101000000000010000010000010000000100100000000000000000100010000000100001000000000000000000010000100000100100000100
000000000000000000000000000000000000000000000000000010000000000000100000000000000000010000000100000001000100000010010000000000000000000000000000000000001100000000010000000000100000000000000001110000010000000001001001001000000001000000000100000100001001100000000000000000000100100000000000010000001000
000000000000000000000000000000000000000000000000000000000000000000010000000000010001000100000000001010000000000000010000000000000010000010000010000000110000000000000010001000000110000000000000100001000100100110000000000000010000000000010001000000000010000100000001001000110000000000000000000000001000
000000000000000000000000000000000000000000000000000000000010000001000000100010000100100000000001000000000000000000000000000000010000000010000000001100100000011000100100000000000000000000000100000100000000000100000000010000000000001000000000000000000000000000010000000000010000000000011000000000000000
000000000000000000000000000000000000000000000000100000000001110100110000000001001000000111100010000000100000111110110010100000000000000000000010010000010111110000000100100100000101000000010000100001111010100000001000011000001100110011000000011000000011100000101101010011111110101000000000000000101110
000000000000000000000000000000000000000000000000000000000000000000010000000000000000000001000000000000000000000010000100000000000000000000000110000000000000000000000000000000000010000000000010000000010000101010001000000000000000000000000000000000000010000000000000010000000000000000000000000000000000
000000000000000000000000000000000000000000000000000001000000100100110000000000000000000100000000000000000100011010000010100000000000000000000010000000010111000000001000000000000000000000000000000000000000000000001000000000000000100000000000001000000011100000000001010000000100001000000000100000100000
000000000000000000000000000000000000000000000000000000000100010010100000000101010000000001000010000000000010011010110010010000000001001000000000000000000000100000000000000000010000000000000000000001010101100010001001000000100000110001000000000000000011000000001101010000100110000000000000100100001100
000000000000000000000000000000000000000000000000000000000000000000000000000000000000000000000000000000000000000000000000000000001000000000001000000000000000000000000000000000000000000000000000000000000000000000000000000000000000000000000000000000010000010000000000000000000000000000000000000000000000
000000000000000000000000000000000000000000000000000000000000000000100000010001000000010000000000000000000000000000000000000000000000000000000000000000001000000100000000000000100000000000000001110000000000000000000000001000000001000000000000000100001000000000000000000000000101100000000000010000000000
000000000000000000000000000000000000000000000000000000000000000000100000000100000000000000000100000001010000000000010000000000100001001000000000000000000000000000000000000000000000000001000000000000000010000000000000000000100001000000000000000000000000000000000001000000001000100000000000000100001100
000000000000000000000000000000000000000000000000000000000000100100000000000000000000000000000000000000000000000000000000000000000000000000000000000000000000000000000000000000000000000000000000000000000000000000000000000000000000000000000000000000000000000000000000000000000000000000000000000000000000
000000000000000000000000000000000000000000000000000000001000000001000010000000001010100100000000100000000000001000001100001000110000000000100001100001010000111001100100000010000000001110010000000001000000001000000010110010100000001100001000000000100100000100010100010100000000000000010000100000110000
000000000000000000000000000000000000000000000000000000000000010000000000000000000000000000000000000000000000001000000000000000000000011000000000000000000000000010000000000000000000000000000000000000000000000000000000000000000000000000000000000000000000000000000000000000000000000000000000100000000000
000000000000000000000000000000000000000000000000000000000000010001010010000001000010100001000000100000000010011000101110010010100000000001100011100001000100010001100000000010010100001110010000000001010000100110000000110110100000110100001000000000100111101110011100010101100100000000010000100110011010
000000000000000000000000000000000000000000000000000000000000000000000000000000000000000000000000000100000000001000000000000000000000001000000000000000000000000000000000000000000000000000000000000000010000000000010000000100100000000000000000000000000000000000000000000000000000000000000000100100000000
000000000000000000000000000000000000000000000000000000000000000000000010100010000100000000000001000000000000000000000000001000010000000010000000001100100000011001100100000000000000000000000100000100000000000100000010000010000000001000000000000000000000001100010000000100010000000100001010000000000000
000000000000000000000000000000000000000000000000000000000000010010010000000001101000010111100010000000010100111010010110100000100001000000000010000000000100100000000000000000000100000000000010000001010010101001001001000100001100100001001000001000000011100000101101010011100110000000000000100000001110
000000000000000000000000000000000000000000000000000000000000000100000000000000000000000100000000000000000000000000000010100000000000000000000000000000000100000000001000000000000000000000000000000000000000000000000000000000000000100000000000001000000011100000000001000000100100000000000000000000000000
000000000000000000000000000000000000000000000000000000000000000001110000000001101000000111000010000000110011011110110010110000000001101000000010010000010111110000000000100000010101010000000010000001111001101001001001000100001100111000101000011000000011100000001101010011101100101011000001100000101110
000000000000000000000000000000000000000000000000000000000000000000000000000000000000000000000000000000000000000000000000000000000000000000000000000000000000000000000000000000000000000000000000000000000000000000000000000000001000000000000000000000000000000000000000000000000000000000000000000000000000
000000000000000000000000000000000000000000000000000000000000000000110000000000000000000100000000000000000000011010000010100000000000000000000010000000010011000000001000000000000000000000000001000000000000000000001000000000000000100000000000001000000011100000000001010010000100000000000000100000001000
000000000000000000000000000000000000000000000000000000000000000000000000000000000000000000000000000000000010000000000000000000000000000000000000000000000000000000000000000000000000000000000000000000010000000000001000000000000000000000000000000100000000000000000000000000000000000000000000000000000100
000000000000000000000000000000000000000000000000000000000000000000010010000010000110100000000000100000000000000000001100001000110000000011100011110101011100011001100100000010001000001110010000100000000000000100100000110010000000101100001000000000110100011110010000000100010000000000010000100010011000
000000000000000000000000000000000000000000000000000000000000000000010100010001001000010101100110000001110001011110100110110000100001001000010010000000011101110101010101100100100101000000000011110001111010101011101011101110101111110001000100010100001011100100000101010011101111101000000000110100101110
000000000000000000000000000000000000000000000000000000000000000000000000000001011000100111000010000000110010011110110100100000100001001000000110010000011111110100000000100000010100000000000010100001111000101011001001001100001100110010000000001000000011100000101111010011100100101001000101100000101010
000000000000000000000000000000000000000000000000000000000000000000000000000000000000000000010000000000000001001000000000000000000000001000000000000000000000000000000000000000000000000000101000000000010000010000010100000100100000000000000000100010000000000001000000000000000000010000100000100100000000
000000000000000000000000000000000000000000000000000000000000000000000000010000000000000000000000000000000000000000000000000000000000000000000000000000000000000000000000000000000000000000000001010000000000000000000000001000000000000000000000000100001000000000000000000000000001100000000000000000000000
000000000000000000000000000000000000000000000000000000000000000000000000100000000110100000000000100000000000001000001000001010010000000011100001101101100000011001100100010010000000001110010100000000000000000100000000110011000000000100001000000000100100001100000000000100010000000000010000100010010000
000000000000000000000000000000000000000000000000000000000000000000000000000000000000000000000000000000000000000000000000000000000000000000000000000000000000000000000000000000000000000000000000000000000000000000000000000000000000000000000000000000000000000000000000000000000000000000000000000000001000
000000000000000000000000000000000000000000000000000000000000000000000000000010000100100000000001000000000000000000000000000000010000000010000000101100100000001000100100010000000000000000010100000100000000100100000000110010100000001100000000000000100000000100010000000000010000000000001000000000010000
000000000000000000000000000000000000000000000000000000000000000000000000000000000000010000000000000000000100000010000100110000100000000000010000000000001000000100000000000000000000000000000001110000010100000000100000001000000000000000000000000000001000000000000000000000000001100000000000010100001100
000000000000000000000000000000000000000000000000000000000000000000000000000001000000000000000000000000000000000000000100010000000000000000000000010000010101000000000000100000000000100000000000100000000000001000000000000000000100000000000000010000000000000000000001000000000000100000000100000000101000
000000000000000000000000000000000000000000000000000000000000000000000000000000000000000000000100000000000000011000000000000000000001000000000000000000000000000000000000000000000000000000000010000000010000000000000001001000000000000000000000000000000000000000000000000000000100100000000000100000000001
000000000000000000000000000000000000000000000000000000000000000000000000000000000100000000000000000000000000000000000001001000010000000010000000001100100000011000100100010000000000000000000100000100000000000110000000000010000000001000000000000000000000001100010000000100010000000000011010000000000000
000000000000000000000000000000000000000000000000000000000000000000000000000000101010000111100010000000110111011010110110110001100001101000000010010100010111100101000000100101010100101100010011100001111011101011001001011100101100110001101000011011100111100100011111010011100100101001000101100100101110
000000000000000000000000000000000000000000000000000000000000000000000000000000000000000001000010000000000000000010000000000000000000000000000000000000000100000000000000000000000000000000000000000000000000000001000000000000001100000000000000010000000010000000001001010001000100101000000001000000001010
000000000000000000000000000000000000000000000000000000000000000000000000000000000101000000000000001010000000000000000000000000000110000000000010000000100000001000000110001000000010000000000000000100000100100000000001000000010000000000010001000000000000000000000000001000010000000000000000000000000000
000000000000000000000000000000000000000000000000000000000000000000000000000000000100000111000010000000110000011010110110100000000001000000000110010000010111110000000000100100010101100000000011100001111010101011001000100000001100110010001000001001000011100100101111010011100110100000000001100000101110
000000000000000000000000000000000000000000000000000000000000000000000000000000000000100000000001000000000000001010000001001000010000001010001000001100100000011001100100010001000000000000010100000100010000100110000000010011000000001100001000000000110100011100010100000000010000000100011010000110000000
000000000000000000000000000000000000000000000000000000000000000000000000000000000000100100000000100000000000011010001000000010000000000001100001100001000100010001100100000010000100001110010000000001010000000000000000110000100000000100001000000000100110100110001101010010100000000000000000100010011000
000000000000000000000000000000000000000000000000000000000000000000000000000000000000000000000000000000000000000000000000000000000010000000000000000000000000000000000010001000000010000000000000000000000100000000000000000000010000000000010001000000000000000000000000001000000000000000000000000000000000
000000000000000000000000000000000000000000000000000000000000000000000000000000000000000000000000100000000000001000001000001000000000000001100011110101001101110001100100000010001000001110010000000000000000000000000010110010000000001100001000000000100100000110010000000100100100000000010000100000011000
000000000000000000000000000000000000000000000000000000000000000000000000000000000000000100000000000000000000000000000000000000000000000000000000000000000000000100000000000000100000000000000001110000000000000000000000001000001000000000000100000100001000000000000000000000000101100000000000010000000000
000000000000000000000000000000000000000000000000000000000000000000000000000000000000000000000000000000000000000000000000000000000000001000000000000000000000000000000000000000000000000000100000000000000000010000000000000000100000000000000000000000000000000000000000000000000000000000000000000100000000
000000000000000000000000000000000000000000000000000000000000000000000000000000000000000011100010001000110111111110111110110000100001100110000010110000010111110100101100100110010101101001000011101001111011101101001000100110001100110011001000011000000111100100101111010011110110101001000101100101111110
000000000000000000000000000000000000000000000000000000000000000000000000000000000000000001000010000000110001011010110110110110100001000000000011110000010101100000100000100101000100100000000010000001111011101111001011000110101100110111001000001000100011100100101111010011101100100000000100000100011110
000000000000000000000000000000000000000000000000000000000000000000000000000000000000000000100010000000110110111110111110110000100001101000000010110000010101100000000000100100010101001001000011100001111110101001001000101110101000111011000000001000000011100100101101010111100100101000000101100100001110
000000000000000000000000000000000000000000000000000000000000000000000000000000000000000000000010000000010100110010010010100000000000000000000000000000010111100000000000100100000101100000000000000001010010101000001000000100000100100001000000010000000011100000101100010011100110001001000001000001001010
000000000000000000000000000000000000000000000000000000000000000000000000000000000000000000000000000100000000000000000000000000000000000000000000000000000000000000000000000000000000000000001000000000000000000000000000000001000000000000000010100000000000000001000000000000000000010000100000000000000000
000000000000000000000000000000000000000000000000000000000000000000000000000000000000000000000000000000000000000000100000000000000000000000000000000000000000000000000000000000010000000000000010000000000000000000001000000000000000010000000000000000000000000000000000000000100000000000000000000000000000
000000000000000000000000000000000000000000000000000000000000000000000000000000000000000000000000000001010000000000010000000000100001001000000000000000000000000000000000000000000000000001000000000000000010000000000000000000100001000000000000000000000000000000000001000000001000100000000000000100000100
000000000000000000000000000000000000000000000000000000000000000000000000000000000000000000000000000000110101111010110110110000000001000000000010010000010111110100000000100000010101000100000001001001111010101001001011100100101100110011000000011000000011100000101111010011100110101001000001100101101110
000000000000000000000000000000000000000000000000000000000000000000000000000000000000000000000000000000000000000000000000000000000000000000000000001100000000000001000000000000000000000000000000000100000000000100000000000000000000001000000000000000000000000000010000000000000000000000010000000000000000
000000000000000000000000000000000000000000000000000000000000000000000000000000000000000000000000000000000000000000011100000010000000000001100001100001000000010001100000000010000100001110010000000000000000000000000000110010000000000100001000000000100100000110000000000000000000000000000000000010011000
000000000000000000000000000000000000000000000000000000000000000000000000000000000000000000000000000000001000000001000000000000000000000000000000000010000000000000000000000000000000000000000000000010000000000000000000000000000000000000000000000000000000000000000000000000000000000000000000000000000000
000000000000000000000000000000000000000000000000000000000000000000000000000000000000000000000000000010000000010000000000000000000110000000000000000000000100000000000010001000000000000000000000000000000100000000000000000000000000000000010001000000000000000000000000011010100000000000000000000000000000
000000000000000000000000000000000000000000000000000000000000000000000000000000000000000000000000000000000001001000000000000001000000001000000000100000000000000000000000000001000000000000100100000000010000010000010000000100100000000000000000100000000000000000000000000000000000000000000000100100000000
000000000000000000000000000000000000000000000000000000000000000000000000000000000000000000000000000000000000000000000000000000000100000000000000000000000000000000000010001000000010000000000000000000000100000000000000000000000000000000010001000000000000000000000000001000000000000000000000000000000000
000000000000000000000000000000000000000000000000000000000000000000000000000000000000000000000000000000000000000000000000000000000000000000000000000000000000000000000000000000100000000000000000000000000000000000000000000000000001000000000100000000001000000000000000000000000000000000000000000000000000
000000000000000000000000000000000000000000000000000000000000000000000000000000000000000000000000000000010001010010100000100000000000000000000010010000000100100000000000000000010000000000000011100001111000101001001000100000001000100010000000000000000011100000001101010011100100100000000000000000001010
000000000000000000000000000000000000000000000000000000000000000000000000000000000000000000000000000000000000011010010010100000000000000000000010000000000101000000000000100000010101100000000011101001101000101011001100101000001100100010000000001000000011100000101101010001100101100000000000100000101110
000000000000000000000000000000000000000000000000000000000000000000000000000000000000000000000000000000000000000001000000000000000000000000000000000010000000000000000000000000000000000000000000000010000000000000000000000000000000000000000000000000000000000000000000000000000000000000000000000000000000
000000000000000000000000000000000000000000000000000000000000000000000000000000000000000000000000000000000010011010010100100000100001001000000000000000000100000000001000000000000000000000000000100000010010000000001101001000100011100000000000000000000011100000000000010010100100000000000000100000000000
000000000000000000000000000000000000000000000000000000000000000000000000000000000000000000000000000000000000011000000100100000100000001000000010010000001100100000000000100000000000010000010000000000010000100000001001010000101100100000000000000000000011100000001101010010100100100000000001100100001000
000000000000000000000000000000000000000000000000000000000000000000000000000000000000000000000000000000000000001010100000100000000000001000000001000000000110000000000000000001010100001100101000000001111000110010000101100101101100110000000000011011000011100001001101010010100100100000100000100100001010
000000000000000000000000000000000000000000000000000000000000000000000000000000000000000000000000000000000000011010000000100000000000000000000000000000000100100000000000000000000000000000000000000001010000100000001000000000000000100000000000000000000011100000101101010011100110000001000000000000000000
000000000000000000000000000000000000000000000000000000000000000000000000000000000000000000000000000000000000001010111110110000100001101000000010110000010101110101101000100100010101100101010011001001111111101111001011110010101110110011001000001000000111100100001111010111101110101011000101100111101110
000000000000000000000000000000000000000000000000000000000000000000000000000000000000000000000000000000000000000110111100110000100001011010000111111100100101111001100100100001010100000110111000000001010110101100011110110111101110111101000000001011000111100101001101010111111101110000110000100100011110
000000000000000000000000000000000000000000000000000000000000000000000000000000000000000000000000000000000000000010000000110000000000000000010010000000010100000000000000100000000000000000000000100001010100100000001000001100101100000000000000000000000010000000000101000010100101100000000001100100001010
000000000000000000000000000000000000000000000000000000000000000000000000000000000000000000000000000000000000000000111110110000100001101000000010010100010111110101100100100110010101100001000010100001111111101111001011100100101100111011101000011001000011100000011111010011101110101011000101100100101110
000000000000000000000000000000000000000000000000000000000000000000000000000000000000000000000000000000000000000000000000000000000000000000000000000010000000000000000000000000000000000000000000000010000000000000000000000000000000000000000000000000000000000000000000000000000000000000000000000000000000
000000000000000000000000000000000000000000000000000000000000000000000000000000000000000000000000000000000000000000000010110000000000001000000110000000010111100000000000100100010100000000000010100001111001100010001001000000001100110011000000001000000011100000001111010011111110101001000000100100101110
000000000000000000000000000000000000000000000000000000000000000000000000000000000000000000000000000000000000000000000110100000100001001000000110010000010100100000000000100100110111000110000010001001111010101001001000000100001000100000000000001100000011100000101101010011101100100011000101100000001110
000000000000000000000000000000000000000000000000000000000000000000000000000000000000000000000000000000000000000000000000010010000000000001100001100001000100010001100100000010000100001110010000000001010000100010000100110110100000000100001000000010100111000110001100010010000000000000000000100110011000
000000000000000000000000000000000000000000000000000000000000000000000000000000000000000000000000000000000000000000000000110000100001001000010011000000001100110001000000100100010100001101010001100001010110101010001000110010000010100000000000000000000011100100001101010010100100100000000001100000001100
000000000000000000000000000000000000000000000000000000000000000000000000000000000000000000000000000000000000000000000000100000000000001000000000000000010101110001001000100110010101000001010011000001011001101011001000010010000100110010100000001000000011100100001111010111101110001010000101000110101110
000000000000000000000000000000000000000000000000000000000000000000000000000000000000000000000000000000000000000000000000001000000000000010000000000100100000001000000100000000000000000000010100000000000000000000000000010010000000001000000000000000000000001000000000000000010000000000011010000010000000
000000000000000000000000000000000000000000000000000000000000000000000000000000000000000000000000000000000000000000000000010100100001100000000010110100010111100000101000100100010101100001000010100001111111101001001010101110101100110011100000011000000011100000001111010011101110101001000101100101101110
000000000000000000000000000000000000000000000000000000000000000000000000000000000000000000000000000000000000000000000000000000100001000000000000010000001101100001000000000010000000000000000001100001010100101000001100000010001000000000000000000000000111100000001001010011100100000000000100100100100100
000000000000000000000000000000000000000000000000000000000000000000000000000000000000000000000000000000000000000000000000000000000000000010000000000100100000011001000100000010000000000010000100000000000000000000000000000010000000001100000000000000000000001100010000000000010000000000011010000000000000
000000000000000000000000000000000000000000000000000000000000000000000000000000000000000000000000000000000000000000000000000000000000000000000000000000000000000000000000000000000000000000000000000001101000001000000000000000000000000000000000000000000001000000000101000000000100000000000000000000001000
000000000000000000000000000000000000000000000000000000000000000000000000000000000000000000000000000000000000000000000000000000000000000001100001100001000000000001100000000010000000001100010000000000000000000000000000110000000000000100001000000000100100000110000000000000000000000000000000000010011000
000000000000000000000000000000000000000000000000000000000000000000000000000000000000000000000000000000000000000000000000000000000000001000000000000000000000000000000000000000000000000000001000000000010000010000000000000000100000000000000000000000000000000001000000000000000000000000100000000100000000
000000000000000000000000000000000000000000000000000000000000000000000000000000000000000000000000000000000000000000000000000000000000000000010010110000001100100000000000000100000100000000000010100001010110001010001000000000001000100000000000000000000011100100000101010110100100100000000000100000001100
000000000000000000000000000000000000000000000000000000000000000000000000000000000000000000000000000000000000000000000000000000000000001010100000101101100000011001100100000011000000000010000100000100000000000100000000110110100000001000000000000000000010000000010000000000110100000000011000000000000000
000000000000000000000000000000000000000000000000000000000000000000000000000000000000000000000000000000000000000000000000000000000000000000001000000000000000000000000000000000000000000000000000000000000000000000000000000000000000000000000000000000000000000000000000000000000000000000000000000000000000
000000000000000000000000000000000000000000000000000000000000000000000000000000000000000000000000000000000000000000000000000000000010000000000000000000000000000000000010000000000000000000000000000000000100000000000000000000000000000000010001000000000000000000000000000000000000000000000000000000000000
000000000000000000000000000000000000000000000000000000000000000000000000000000000000000000000000000000000000000000000000000000000000000000000000000000000000000000000010001000000010000000000000000000000100000000000000000000010000000000010001000000000000000000000000001000000000000000000000000000000000
000000000000000000000000000000000000000000000000000000000000000000000000000000000000000000000000000000000000000000000000000000000000001000000110000000000101000000000000000000010000000000000000000001010000100000001001000000100010100000000000001010000011100000000111010010101100101000000000100000001110
000000000000000000000000000000000000000000000000000000000000000000000000000000000000000000000000000000000000000000000000000000000000000000000000000000000100100000000000000000000000000001000000000001010010100000000000000000000000100000000000001000000011100000000101010010100100000000000000000000000100
000000000000000000000000000000000000000000000000000000000000000000000000000000000000000000000000000000000000000000000000000000000000001000000000000000000000000010000000000000000000000000000000000000000000000000000000000000000000000000000000000000000000000000000000000000000000000000000000100000000100
000000000000000000000000000000000000000000000000000000000000000000000000000000000000000000000000000000000000000000000000000000000000000010000110101000010101111001000000110011010000000000111000000001010000111100011101110101100000100000000000000011100111100101001101010110100100110000100000100100001110
000000000000000000000000000000000000000000000000000000000000000000000000000000000000000000000000000000000000000000000000000000000000000000000000000000000000000000000000000000000100000000000000000000000000000000000000000000000000000000000000000000000010000000000000000000000000000000000000100000000000
000000000000000000000000000000000000000000000000000000000000000000000000000000000000000000000000000000000000000000000000000000000000000000100000001101100000011001100100010010000000000000010100000100000000100100000010010011001000001100000000000000000000011100010000001100010000000100011010100010000000
000000000000000000000000000000000000000000000000000000000000000000000000000000000000000000000000000000000000000000000000000000000000000000100001100001000000010001100000000010000000001100010000000000000000000000000000110010000000001100001000000000100100000110000000000000000000000000000000000010010000
000000000000000000000000000000000000000000000000000000000000000000000000000000000000000000000000000000000000000000000000000000000000000000000001100001000100010001100000000010000000001110010000000000000000000100000000110110100000000100001000000000100101000110001000000100000000000000000000000010010000
000000000000000000000000000000000000000000000000000000000000000000000000000000000000000000000000000000000000000000000000000000000000000000000000000000001000000000000000000000000000000000000001110000000000000000100000001000000000000000000000000000000000000000000000000000000001000000000000000000000000
000000000000000000000000000000000000000000000000000000000000000000000000000000000000000000000000000000000000000000000000000000000000000000000000000000100000001001000000000000000000000000000000000000000000000000000000000000000000000000000000000000010000000000000000000000000000000000000000000000000000
000000000000000000000000000000000000000000000000000000000000000000000000000000000000000000000000000000000000000000000000000000000000000000000010000000000000000001000000000000010010000000000010000100000000100110000001000000101000010000000000000000010011110100000000011010100000000000000000100000000000
000000000000000000000000000000000000000000000000000000000000000000000000000000000000000000000000000000000000000000000000000000000000000000000000010000011111110100000000100000010100000000000010100001111100101011001001000100001100110010000000001000000011100000101111010011100100101001000101100000101010
000000000000000000000000000000000000000000000000000000000000000000000000000000000000000000000000000000000000000000000000000000000000000000000000100001000100010001100000000011000100001110010000000001010000000010000000110110100000001100001000000010110100010110000000010000000000000000000000000110010000
000000000000000000000000000000000000000000000000000000000000000000000000000000000000000000000000000000000000000000000000000000000000000000000000001101000100010001100100000010000100001110010000000001010000000000000010110110100000101100001000000000100100000110011101000110110100000000000000100110011000
000000000000000000000000000000000000000000000000000000000000000000000000000000000000000000000000000000000000000000000000000000000000000000000000000000001101100100000000100000000000000000000010000001111010101000000010001110101100110011000000000000000011100100001101010011100100100000000001100000001110
000000000000000000000000000000000000000000000000000000000000000000000000000000000000000000000000000000000000000000000000000000000000000000000000000100100000011001100100010010000000001000010100000100010000100100000010010000100000001000000000000000000100000100010000000100010000000000010000000000000000
000000000000000000000000000000000000000000000000000000000000000000000000000000000000000000000000000000000000000000000000000000000000000000000000000000100100011001100100010000000000000000010100000100010000100100000010110010001000001000000000000000000001001100010100000100010000000000011000100000000000
000000000000000000000000000000000000000000000000000000000000000000000000000000000000000000000000000000000000000000000000000000000000000000000000000000000000000000000000000000000000000000000000000010000000000000000000000000000000000000000000000000000000000000000000000000000000000000000000000000000000
000000000000000000000000000000000000000000000000000000000000000000000000000000000000000000000000000000000000000000000000000000000000000000000000000000000100010001100100000010000000001110010000000000000000000100000000110010100000000100001000000000100101000110001000000110000000000000000000000010010000
000000000000000000000000000000000000000000000000000000000000000000000000000000000000000000000000000000000000000000000000000000000000000000000000000000000000011000100100010010000000000000000100000100000000100100000010000010101000001000000000000000010000001100010000000100010000000100011010100000000000
000000000000000000000000000000000000000000000000000000000000000000000000000000000000000000000000000000000000000000000000000000000000000000000000000000001111110001000100100110010101000010000001000001000001101001001000000010000100110000000000011000000011100100001111010111100110101000000101100000101010
000000000000000000000000000000000000000000000000000000000000000000000000000000000000000000000000000000000000000000000000000000000000000000000000000000000000100000010000000000000000000000000001110000000000000000100000001000000011000000000000000000000000100000000000000000100001100000000000000000000010
000000000000000000000000000000000000000000000000000000000000000000000000000000000000000000000000000000000000000000000000000000000000000000000000000000000011110000001000100100010101101101010010000001111011101001001000110110001100111011001000011010000111100100101111010011101110101011000101100101101110
000000000000000000000000000000000000000000000000000000000000000000000000000000000000000000000000000000000000000000000000000000000000000000000000000000000001100000000000100000010000100000000000000000000010100000001000000100001100100010000000011000000010000000001101000011100110001000000100000000101010
000000000000000000000000000000000000000000000000000000000000000000000000000000000000000000000000000000000000000000000000000000000000000000000000000000000000110001100000100000010001000000000000100000101101100000001001000010100100110001000000011000000011100000101111010011100110101000000101100000101010
000000000000000000000000000000000000000000000000000000000000000000000000000000000000000000000000000000000000000000000000000000000000000000000000000000000000010001100000100100010101000011000010000001111000101000001001000000101100110011000000001000000011100100101111010011100110101001000101100001101010
000000000000000000000000000000000000000000000000000000000000000000000000000000000000000000000000000000000000000000000000000000000000000000000000000000000000001001100100010010000010001110010100000101010000001110001010110010000000101100001000000000110100111100010101000110110000000100011010100010011110
000000000000000000000000000000000000000000000000000000000000000000000000000000000000000000000000000000000000000000000000000000000000000000000000000000000000000001100100010010000000010000010100000100000000100100000000010010000000001000000000000000010000001100010000000100010000000100011010100010000000
000000000000000000000000000000000000000000000000000000000000000000000000000000000000000000000000000000000000000000000000000000000000000000000000000000000000000000000000100000000000000000000011110001000000101000000000001000000000100000000000000000000001100000000001000000100101100000000000010000000010
000000000000000000000000000000000000000000000000000000000000000000000000000000000000000000000000000000000000000000000000000000000000000000000000000000000000000000000000000000000010000000000000000000000000000000000000000000001000000100000000000000000000000000000000000000100000000000000000000000000000
000000000000000000000000000000000000000000000000000000000000000000000000000000000000000000000000000000000000000000000000000000000000000000000000000000000000000000100100010110010000001110010100100101000000000100000010110011100000101100001000000000110100111100010100010100010100000000011010100010011000
000000000000000000000000000000000000000000000000000000000000000000000000000000000000000000000000000000000000000000000000000000000000000000000000000000000000000000000100000110000100001110010000000101010000100100000010110010000000101100001000000000100100101110010101010111110000000100001010100010011000
000000000000000000000000000000000000000000000000000000000000000000000000000000000000000000000000000000000000000000000000000000000000000000000000000000000000000000000000000000100000000000000001110000000000000000000000001000000000000000000000000100001000000000000000000000000001000000000000010000000000
000000000000000000000000000000000000000000000000000000000000000000000000000000000000000000000000000000000000000000000000000000000000000000000000000000000000000000000000000000000000000000000000000000000000000000000000000000000000100000000000001000000011100000000000000000100100001000000000000000100000
000000000000000000000000000000000000000000000000000000000000000000000000000000000000000000000000000000000000000000000000000000000000000000000000000000000000000000000000010010000000001110010100000100010000100110001010110010001000001100000000000000110100001100010100000100010000000000011010100010011000
000000000000000000000000000000000000000000000000000000000000000000000000000000000000000000000000000000000000000000000000000000000000000000000000000000000000000000000000001000000010000000000000000000000100000000000000000000010000000000010001000000000000000000000000001000000000000000000000000000000000
000000000000000000000000000000000000000000000000000000000000000000000000000000000000000000000000000000000000000000000000000000000000000000000000000000000000000000000000000000000000000000000001010000000000000000100000000000000000000000000000000000000000000000000000000000000001100000000000000000000000
000000000000000000000000000000000000000000000000000000000000000000000000000000000000000000000000000000000000000000000000000000000000000000000000000000000000000000000000000000010100100000000010100001110010100001001001001000101100110001000000011000000011100000101111010011100110101010000101100100101010
000000000000000000000000000000000000000000000000000000000000000000000000000000000000000000000000000000000000000000000000000000000000000000000000000000000000000000000000000010000000000000000100000100010000100100000010000010000000001000000000000000000000000100010000010110110000000000000000000000000000
000000000000000000000000000000000000000000000000000000000000000000000000000000000000000000000000000000000000000000000000000000000000000000000000000000000000000000000000000000000010000000000000000000000100000010000000000000011000000000010001000000000000000000000000001000000000000000000000000000000000
000000000000000000000000000000000000000000000000000000000000000000000000000000000000000000000000000000000000000000000000000000000000000000000000000000000000000000000000000000000101000000000010100001010011100000001000000000000010110001000000000000000011100100001101010010101111100001000000000000001010
000000000000000000000000000000000000000000000000000000000000000000000000000000000000000000000000000000000000000000000000000000000000000000000000000000000000000000000000000000000000001110010100000001000000001100000010110010100000101100001000000000100100000100010101000100010000000001010100000010011000
000000000000000000000000000000000000000000000000000000000000000000000000000000000000000000000000000000000000000000000000000000000000000000000000000000000000000000000000000000000000001100010000000000010000001100000000010100100000001000001000000000100111000100000000000000000101000000000000100100010000
000000000000000000000000000000000000000000000000000000000000000000000000000000000000000000000000000000000000000000000000000000000000000000000000000000000000000000000000000000000100000000000001100000000000000000000000001000000001000000000000000100001000000000000000000000000100100000000000010000001000
000000000000000000000000000000000000000000000000000000000000000000000000000000000000000000000000000000000000000000000000000000000000000000000000000000000000000000000000000000000101000000000010000001111000101011001000000110001100110001000000001000000011100000001110010111100110101000000100100100101000
000000000000000000000000000000000000000000000000000000000000000000000000000000000000000000000000000000000000000000000000000000000000000000000000000000000000000000000000000000000000000000000000000000000000000000000000000000000000000000000000000000000000000000000000000000000000000000000000000000000000
000000000000000000000000000000000000000000000000000000000000000000000000000000000000000000000000000000000000000000000000000000000000000000000000000000000000000000000000000000000001000000000011100001000010101101001100100110000100110010000000000000000011100100101101010011100100101001000100100100001110
000000000000000000000000000000000000000000000000000000000000000000000000000000000000000000000000000000000000000000000000000000000000000000000000000000000000000000000000000000000000000000000000000000000100000010000000000000010000000000010001000000000000000000000000001000000000000000000000000000000000
000000000000000000000000000000000000000000000000000000000000000000000000000000000000000000000000000000000000000000000000000000000000000000000000000000000000000000000000000000000000000001000010000001000010100001001000000000000000100000000000001000000011100000001101010010100110001000000001000000101010
000000000000000000000000000000000000000000000000000000000000000000000000000000000000000000000000000000000000000000000000000000000000000000000000000000000000000000000000000000000000000000000010000001000010100001001000000000000100100000000000010000000011100000100111010011100110000000000000000000101010
000000000000000000000000000000000000000000000000000000000000000000000000000000000000000000000000000000000000000000000000000000000000000000000000000000000000000000000000000000000000000000000000000000000000000000000000000010000000001000000000000000000000000000000000000000000000000000000000000000000100
000000000000000000000000000000000000000000000000000000000000000000000000000000000000000000000000000000000000000000000000000000000000000000000000000000000000000000000000000000000000000110010000000001000000000100000000110110100000000100001000000000100100000110001000000100000000000000000100000010010000
000000000000000000000000000000000000000000000000000000000000000000000000000000000000000000000000000000000000000000000000000000000000000000000000000000000000000000000000000000000000000010010000000001010000100100000000110010100000001100001000000000100100000110000000000100100000000000000000100110010000
000000000000000000000000000000000000000000000000000000000000000000000000000000000000000000000000000000000000000000000000000000000000000000000000000000000000000000000000000000000000000000010000000001000000001100000010110010100000001100001000000000100100000110100100000100000000000000010000000010010000
000000000000000000000000000000000000000000000000000000000000000000000000000000000000000000000000000000000000000000000000000000000000000000000000000000000000000000000000000000000000000000000000000001010010000000001000000000000000100010000000001000000011100000000101010010100100000010000000000000001100
000000000000000000000000000000000000000000000000000000000000000000000000000000000000000000000000000000000000000000000000000000000000000000000000000000000000000000000000000000000000000000000000000000010000010000010000001100100000000000000000000010000000000000000000000000000000010000000000100100000000
000000000000000000000000000000000000000000000000000000000000000000000000000000000000000000000000000000000000000000000000000000000000000000000000000000000000000000000000000000000000000000000000000101010000100110000110110010000000101100001000000011100111101110010000010101010100000000010010100110010000
000000000000000000000000000000000000000000000000000000000000000000000000000000000000000000000000000000000000000000000000000000000000000000000000000000000000000000000000000000000000000000000000000000010000000000010100000100100000000000000000000000000000100001000000000000000000010000100000100100000000
000000000000000000000000000000000000000000000000000000000000000000000000000000000000000000000000000000000000000000000000000000000000000000000000000000000000000000000000000000000000000000000000000100000000100110000010000010100000001100000000000000000000001100010000000100010000000100011010000000000000
000000000000000000000000000000000000000000000000000000000000000000000000000000000000000000000000000000000000000000000000000000000000000000000000000000000000000000000000000000000000000000000000000001111010101011001000000000101000110001000000000000000011100000001101010011100100101000000000000000001110
000000000000000000000000000000000000000000000000000000000000000000000000000000000000000000000000000000000000000000000000000000000000000000000000000000000000000000000000000000000000000000000000110001111100001000100100001000000001100000000000000100001000000000000110010000100101100000000100010100001000
000000000000000000000000000000000000000000000000000000000000000000000000000000000000000000000000000000000000000000000000000000000000000000000000000000000000000000000000000000000000000000000000010001111100101000100000001000001001110000000000000100001001100000000101010001000101101000000000010100101010
000000000000000000000000000000000000000000000000000000000000000000000000000000000000000000000000000000000000000000000000000000000000000000000000000000000000000000000000000000000000000000000000000000010000000000100000001000000000000000000000000000001000000000000100000000000001100000000000010100001000
000000000000000000000000000000000000000000000000000000000000000000000000000000000000000000000000000000000000000000000000000000000000000000000000000000000000000000000000000000000000000000000000000000000000000000000000000000000000100000000000000000000000000000000000000000000000000010000001001000001000
000000000000000000000000000000000000000000000000000000000000000000000000000000000000000000000000000000000000000000000000000000000000000000000000000000000000000000000000000000000000000000000000000000000000100110000000010010101000001100000000000000010100011100010000000000010000000000011010000010000000
000000000000000000000000000000000000000000000000000000000000000000000000000000000000000000000000000000000000000000000000000000000000000000000000000000000000000000000000000000000000000000000000000000000000000000000000000000000000000000000000000000000000000000000000000000000000000000000000000000000000
000000000000000000000000000000000000000000000000000000000000000000000000000000000000000000000000000000000000000000000000000000000000000000000000000000000000000000000000000000000000000000000000000000111110101111001000110110101110110011010001001000000011100100001111010011101100101000000100100100011110
000000000000000000000000000000000000000000000000000000000000000000000000000000000000000000000000000000000000000000000000000000000000000000000000000000000000000000000000000000000000000000000000000000011000101001001001101000001100110010000000001000000011100000001101010011100100100001000000000000001010
000000000000000000000000000000000000000000000000000000000000000000000000000000000000000000000000000000000000000000000000000000000000000000000000000000000000000000000000000000000000000000000000000000001010101010001111111101101000111001001000001011010111100101001101010011111100111000100100100100011100
000000000000000000000000000000000000000000000000000000000000000000000000000000000000000000000000000000000000000000000000000000000000000000000000000000000000000000000000000000000000000000000000000000000000101001001001101000001100110010000000001000000011100000001101010011101100101001000000100000001010
000000000000000000000000000000000000000000000000000000000000000000000000000000000000000000000000000000000000000000000000000000000000000000000000000000000000000000000000000000000000000000000000000000000000001000000000000000011000000000010001000000000010000000000101011010000000101000000000100100001010
000000000000000000000000000000000000000000000000000000000000000000000000000000000000000000000000000000000000000000000000000000000000000000000000000000000000000000000000000000000000000000000000000000000000101001001000000000000100100001000000010000000011100000101101010010100100000001000000000000001010
000000000000000000000000000000000000000000000000000000000000000000000000000000000000000000000000000000000000000000000000000000000000000000000000000000000000000000000000000000000000000000000000000000000000000000000000000000000000110010100000000000000010100000000000010011100100000000000000000100000000
000000000000000000000000000000000000000000000000000000000000000000000000000000000000000000000000000000000000000000000000000000000000000000000000000000000000000000000000000000000000000000000000000000000000001111001001010100101100111011100000011001000111100000001111010011111110101000000101100100101110
000000000000000000000000000000000000000000000000000000000000000000000000000000000000000000000000000000000000000000000000000000000000000000000000000000000000000000000000000000000000000000000000000000000000000000010000000100100000000000000000000000000000000000000000000000000000010000000000000100000000
000000000000000000000000000000000000000000000000000000000000000000000000000000000000000000000000000000000000000000000000000000000000000000000000000000000000000000000000000000000000000000000000000000000000000011000100000110100000101010000000001000000011100100001111010011101101100000000100100100001110
000000000000000000000000000000000000000000000000000000000000000000000000000000000000000000000000000000000000000000000000000000000000000000000000000000000000000000000000000000000000000000000000000000000000000010000011110110000000101100001000000000110011111100010101010110110100000000011100100110011000
000000000000000000000000000000000000000000000000000000000000000000000000000000000000000000000000000000000000000000000000000000000000000000000000000000000000000000000000000000000000000000000000000000000000000001001000010101001000110000000000001000000111111100000101001000110100000000001010100000001101
000000000000000000000000000000000000000000000000000000000000000000000000000000000000000000000000000000000000000000000000000000000000000000000000000000000000000000000000000000000000000000000000000000000000000000001000000110001100100010001000001000000011100000001101010011100110100000000000000000101110
000000000000000000000000000000000000000000000000000000000000000000000000000000000000000000000000000000000000000000000000000000000000000000000000000000000000000000000000000000000000000000000000000000000000000000000000001000000000000000000000000000000000000000000000000000000001000000000000000000000000
000000000000000000000000000000000000000000000000000000000000000000000000000000000000000000000000000000000000000000000000000000000000000000000000000000000000000000000000000000000000000000000000000000000000000000000000000000000000000000000000000000000000000001000000000000000000010000100000100100000000
000000000000000000000000000000000000000000000000000000000000000000000000000000000000000000000000000000000000000000000000000000000000000000000000000000000000000000000000000000000000000000000000000000000000000000000001000000001100110011000000011000000011100000101111010011101110101001000000100001101110
000000000000000000000000000000000000000000000000000000000000000000000000000000000000000000000000000000000000000000000000000000000000000000000000000000000000000000000000000000000000000000000000000000000000000000000000010101100000000000001000000011100000000001000000100000000000000000100000100100000000
000000000000000000000000000000000000000000000000000000000000000000000000000000000000000000000000000000000000000000000000000000000000000000000000000000000000000000000000000000000000000000000000000000000000000000000000010010000000000100000000000000100101100000010000010100100100000100000000100100011000
000000000000000000000000000000000000000000000000000000000000000000000000000000000000000000000000000000000000000000000000000000000000000000000000000000000000000000000000000000000000000000000000000000000000000000000000000000101001110000000000000000000011100000000101010011100100101000000000000100100111
000000000000000000000000000000000000000000000000000000000000000000000000000000000000000000000000000000000000000000000000000000000000000000000000000000000000000000000000000000000000000000000000000000000000000000000000010110100000100100001000000000100111000110000101010010100000000000000000100010011010
000000000000000000000000000000000000000000000000000000000000000000000000000000000000000000000000000000000000000000000000000000000000000000000000000000000000000000000000000000000000000000000000000000000000000000000000000110000000101100001000000011100111101110010000010101010100000000010010100110110000
000000000000000000000000000000000000000000000000000000000000000000000000000000000000000000000000000000000000000000000000000000000000000000000000000000000000000000000000000000000000000000000000000000000000000000000000000000100001100000000000000000001010000000010000010000000101100000000000110100001000
000000000000000000000000000000000000000000000000000000000000000000000000000000000000000000000000000000000000000000000000000000000000000000000000000000000000000000000000000000000000000000000000000000000000000000000000000010101100000100001000010011000111100001001101010010100100100001100000100100011010
000000000000000000000000000000000000000000000000000000000000000000000000000000000000000000000000000000000000000000000000000000000000000000000000000000000000000000000000000000000000000000000000000000000000000000000000000000100000101000001000000000110101110100011001010101111100000100011000100010111110
000000000000000000000000000000000000000000000000000000000000000000000000000000000000000000000000000000000000000000000000000000000000000000000000000000000000000000000000000000000000000000000000000000000000000000000000000000101000000000000000100011000000000000000000000000000000000000000000100100000000
000000000000000000000000000000000000000000000000000000000000000000000000000000000000000000000000000000000000000000000000000000000000000000000000000000000000000000000000000000000000000000000000000000000000000000000000000000000000001000000000000011000011100100001101010111100101110000101000100101011110
000000000000000000000000000000000000000000000000000000000000000000000000000000000000000000000000000000000000000000000000000000000000000000000000000000000000000000000000000000000000000000000000000000000000000000000000000000000000000000010001000000000000000000000000001000000000000000000000000000000000
000000000000000000000000000000000000000000000000000000000000000000000000000000000000000000000000000000000000000000000000000000000000000000000000000000000000000000000000000000000000000000000000000000000000000000000000000000000100110011000000010000000011101100001101010011110100100000000100100000001110
000000000000000000000000000000000000000000000000000000000000000000000000000000000000000000000000000000000000000000000000000000000000000000000000000000000000000000000000000000000000000000000000000000000000000000000000000000000000100000000000010000000011100000101101000001100100100000000101100001101010
000000000000000000000000000000000000000000000000000000000000000000000000000000000000000000000000000000000000000000000000000000000000000000000000000000000000000000000000000000000000000000000000000000000000000000000000000000000000000000000000000000000000000000001000000000001000000000000000100000000000
000000000000000000000000000000000000000000000000000000000000000000000000000000000000000000000000000000000000000000000000000000000000000000000000000000000000000000000000000000000000000000000000000000000000000000000000000000000000000000000000000100000000000000000000000000000000100000000000010000000000
000000000000000000000000000000000000000000000000000000000000000000000000000000000000000000000000000000000000000000000000000000000000000000000000000000000000000000000000000000000000000000000000000000000000000000000000000000000000010001000000011001100111100100101111010011101110101010000101100101101110
000000000000000000000000000000000000000000000000000000000000000000000000000000000000000000000000000000000000000000000000000000000000000000000000000000000000000000000000000000000000000000000000000000000000000000000000000000000000000001000000001000000011100000001111010011111110101001000000100100101110
000000000000000000000000000000000000000000000000000000000000000000000000000000000000000000000000000000000000000000000000000000000000000000000000000000000000000000000000000000000000000000000000000000000000000000000000000000000000000000001000000000100110001100010101010110110000000000011010100010011100
000000000000000000000000000000000000000000000000000000000000000000000000000000000000000000000000000000000000000000000000000000000000000000000000000000000000000000000000000000000000000000000000000000000000000000000000000000000000000000001000000000100100100100000000000100010000000000010000100010011000
000000000000000000000000000000000000000000000000000000000000000000000000000000000000000000000000000000000000000000000000000000000000000000000000000000000000000000000000000000000000000000000000000000000000000000000000000000000000000001000000000000000011100000001101010010100100100000000000000000001010
000000000000000000000000000000000000000000000000000000000000000000000000000000000000000000000000000000000000000000000000000000000000000000000000000000000000000000000000000000000000000000000000000000000000000000000000000000000000000000000000011000000011100000001101010010100110001000000000000000001010
000000000000000000000000000000000000000000000000000000000000000000000000000000000000000000000000000000000000000000000000000000000000000000000000000000000000000000000000000000000000000000000000000000000000000000000000000000000000000000000000000000000011100000000101010001100100000000000000000000000000
000000000000000000000000000000000000000000000000000000000000000000000000000000000000000000000000000000000000000000000000000000000000000000000000000000000000000000000000000000000000000000000000000000000000000000000000000000000000000000000001000000000000000000000000001000000000000000000000000000000000
000000000000000000000000000000000000000000000000000000000000000000000000000000000000000000000000000000000000000000000000000000000000000000000000000000000000000000000000000000000000000000000000000000000000000000000000000000000000000000000000000010100100011110000100000000000000000000000010000010011000
000000000000000000000000000000000000000000000000000000000000000000000000000000000000000000000000000000000000000000000000000000000000000000000000000000000000000000000000000000000000000000000000000000000000000000000000000000000000000000000000000000001000000000000000000000000000000000000000000000000000
000000000000000000000000000000000000000000000000000000000000000000000000000000000000000000000000000000000000000000000000000000000000000000000000000000000000000000000000000000000000000000000000000000000000000000000000000000000000000000000000000000000000000000000000000000000000000000000000000000000000
000000000000000000000000000000000000000000000000000000000000000000000000000000000000000000000000000000000000000000000000000000000000000000000000000000000000000000000000000000000000000000000000000000000000000000000000000000000000000000000000000000000000000000000001001000000000000000000000000000000000
000000000000000000000000000000000000000000000000000000000000000000000000000000000000000000000000000000000000000000000000000000000000000000000000000000000000000000000000000000000000000000000000000000000000000000000000000000000000000000000000000000000000000000000000000000000000000000000000000000000000
000000000000000000000000000000000000000000000000000000000000000000000000000000000000000000000000000000000000000000000000000000000000000000000000000000000000000000000000000000000000000000000000000000000000000000000000000000000000000000000000000000000011100000101111010010100100101001000100000000001010
000000000000000000000000000000000000000000000000000000000000000000000000000000000000000000000000000000000000000000000000000000000000000000000000000000000000000000000000000000000000000000000000000000000000000000000000000000000000000000000000000000000011100000001111010011101110101000000101100001101110
000000000000000000000000000000000000000000000000000000000000000000000000000000000000000000000000000000000000000000000000000000000000000000000000000000000000000000000000000000000000000000000000000000000000000000000000000000000000000000000000000000001000000000000000000000000001100000000000010000000000
000000000000000000000000000000000000000000000000000000000000000000000000000000000000000000000000000000000000000000000000000000000000000000000000000000000000000000000000000000000000000000000000000000000000000000000000000000000000000000000000000001100000000000000000100000000000000000000000100100000000
000000000000000000000000000000000000000000000000000000000000000000000000000000000000000000000000000000000000000000000000000000000000000000000000000000000000000000000000000000000000000000000000000000000000000000000000000000000000000000000000000000000010000000000000100000000000000000000000100100000000
000000000000000000000000000000000000000000000000000000000000000000000000000000000000000000000000000000000000000000000000000000000000000000000000000000000000000000000000000000000000000000000000000000000000000000000000000000000000000000000000000000000100001110000001000100000000000000010000000010010000
000000000000000000000000000000000000000000000000000000000000000000000000000000000000000000000000000000000000000000000000000000000000000000000000000000000000000000000000000000000000000000000000000000000000000000000000000000000000000000000000000000000000011000000000000100010000000000001000000000000000
000000000000000000000000000000000000000000000000000000000000000000000000000000000000000000000000000000000000000000000000000000000000000000000000000000000000000000000000000000000000000000000000000000000000000000000000000000000000000000000000000000000000000000000000000000000001100000000000010000000000
000000000000000000000000000000000000000000000000000000000000000000000000000000000000000000000000000000000000000000000000000000000000000000000000000000000000000000000000000000000000000000000000000000000000000000000000000000000000000000000000000000000010000110011000010110100000000000000000100110011000
000000000000000000000000000000000000000000000000000000000000000000000000000000000000000000000000000000000000000000000000000000000000000000000000000000000000000000000000000000000000000000000000000000000000000000000000000000000000000000000000000000000001100000101111010011101110101001000101100101101110
000000000000000000000000000000000000000000000000000000000000000000000000000000000000000000000000000000000000000000000000000000000000000000000000000000000000000000000000000000000000000000000000000000000000000000000000000000000000000000000000000000000000100000001111010111101110101011000101100100101110
000000000000000000000000000000000000000000000000000000000000000000000000000000000000000000000000000000000000000000000000000000000000000000000000000000000000000000000000000000000000000000000000000000000000000000000000000000000000000000000000000000000000000001001111010111101110101011100101100100101110
000000000000000000000000000000000000000000000000000000000000000000000000000000000000000000000000000000000000000000000000000000000000000000000000000000000000000000000000000000000000000000000000000000000000000000000000000000000000000000000000000000000000001000000000000100010000000000000010000000000000
000000000000000000000000000000000000000000000000000000000000000000000000000000000000000000000000000000000000000000000000000000000000000000000000000000000000000000000000000000000000000000000000000000000000000000000000000000000000000000000000000000000000000100010000000000010000000100011010000000000000
000000000000000000000000000000000000000000000000000000000000000000000000000000000000000000000000000000000000000000000000000000000000000000000000000000000000000000000000000000000000000000000000000000000000000000000000000000000000000000000000000000000000000010000101010110110000000000010010100010011110
000000000000000000000000000000000000000000000000000000000000000000000000000000000000000000000000000000000000000000000000000000000000000000000000000000000000000000000000000000000000000000000000000000000000000000000000000000000000000000000000000000000000000000000000000000000000000000000000000010010000
000000000000000000000000000000000000000000000000000000000000000000000000000000000000000000000000000000000000000000000000000000000000000000000000000000000000000000000000000000000000000000000000000000000000000000000000000000000000000000000000000000000000000000000000000000000000010000100000100100000000
000000000000000000000000000000000000000000000000000000000000000000000000000000000000000000000000000000000000000000000000000000000000000000000000000000000000000000000000000000000000000000000000000000000000000000000000000000000000000000000000000000000000000000000101000001100010000001000000000001101010
000000000000000000000000000000000000000000000000000000000000000000000000000000000000000000000000000000000000000000000000000000000000000000000000000000000000000000000000000000000000000000000000000000000000000000000000000000000000000000000000000000000000000000000000000100010000000000011010000010010000
000000000000000000000000000000000000000000000000000000000000000000000000000000000000000000000000000000000000000000000000000000000000000000000000000000000000000000000000000000000000000000000000000000000000000000000000000000000000000000000000000000000000000000000111010111100110101000000101100101101110
000000000000000000000000000000000000000000000000000000000000000000000000000000000000000000000000000000000000000000000000000000000000000000000000000000000000000000000000000000000000000000000000000000000000000000000000000000000000000000000000000000000000000000000011010011101100101001000101100100111110
000000000000000000000000000000000000000000000000000000000000000000000000000000000000000000000000000000000000000000000000000000000000000000000000000000000000000000000000000000000000000000000000000000000000000000000000000000000000000000000000000000000000000000000001010011100100100000000100000000101010
000000000000000000000000000000000000000000000000000000000000000000000000000000000000000000000000000000000000000000000000000000000000000000000000000000000000000000000000000000000000000000000000000000000000000000000000000000000000000000000000000000000000000000000000010111101100101010000001100100101110
000000000000000000000000000000000000000000000000000000000000000000000000000000000000000000000000000000000000000000000000000000000000000000000000000000000000000000000000000000000000000000000000000000000000000000000000000000000000000000000000000000000000000000000000000000000000000000000000000000000000
000000000000000000000000000000000000000000000000000000000000000000000000000000000000000000000000000000000000000000000000000000000000000000000000000000000000000000000000000000000000000000000000000000000000000000000000000000000000000000000000000000000000000000000000000111101110101001000101100101101110
000000000000000000000000000000000000000000000000000000000000000000000000000000000000000000000000000000000000000000000000000000000000000000000000000000000000000000000000000000000000000000000000000000000000000000000000000000000000000000000000000000000000000000000000000000010000000000000000000000000000
000000000000000000000000000000000000000000000000000000000000000000000000000000000000000000000000000000000000000000000000000000000000000000000000000000000000000000000000000000000000000000000000000000000000000000000000000000000000000000000000000000000000000000000000000000111100000100010100100110011100
000000000000000000000000000000000000000000000000000000000000000000000000000000000000000000000000000000000000000000000000000000000000000000000000000000000000000000000000000000000000000000000000000000000000000000000000000000000000000000000000000000000000000000000000000001101110101001000101100100111110
000000000000000000000000000000000000000000000000000000000000000000000000000000000000000000000000000000000000000000000000000000000000000000000000000000000000000000000000000000000000000000000000000000000000000000000000000000000000000000000000000000000000000000000000000000100110101011000001100001101010
000000000000000000000000000000000000000000000000000000000000000000000000000000000000000000000000000000000000000000000000000000000000000000000000000000000000000000000000000000000000000000000000000000000000000000000000000000000000000000000000000000000000000000000000000000001110101001000101100101101110
000000000000000000000000000000000000000000000000000000000000000000000000000000000000000000000000000000000000000000000000000000000000000000000000000000000000000000000000000000000000000000000000000000000000000000000000000000000000000000000000000000000000000000000000000000000000000100011010100010001000
000000000000000000000000000000000000000000000000000000000000000000000000000000000000000000000000000000000000000000000000000000000000000000000000000000000000000000000000000000000000000000000000000000000000000000000000000000000000000000000000000000000000000000000000000000000100100000000000100000001110
000000000000000000000000000000000000000000000000000000000000000000000000000000000000000000000000000000000000000000000000000000000000000000000000000000000000000000000000000000000000000000000000000000000000000000000000000000000000000000000000000000000000000000000000000000000011101011000101100101101110
000000000000000000000000000000000000000000000000000000000000000000000000000000000000000000000000000000000000000000000000000000000000000000000000000000000000000000000000000000000000000000000000000000000000000000000000000000000000000000000000000000000000000000000000000000000000001001000000000001100010
000000000000000000000000000000000000000000000000000000000000000000000000000000000000000000000000000000000000000000000000000000000000000000000000000000000000000000000000000000000000000000000000000000000000000000000000000000000000000000000000000000000000000000000000000000000000100000000000110100000000
000000000000000000000000000000000000000000000000000000000000000000000000000000000000000000000000000000000000000000000000000000000000000000000000000000000000000000000000000000000000000000000000000000000000000000000000000000000000000000000000000000000000000000000000000000000000001000000001110100001110
000000000000000000000000000000000000000000000000000000000000000000000000000000000000000000000000000000000000000000000000000000000000000000000000000000000000000000000000000000000000000000000000000000000000000000000000000000000000000000000000000000000000000000000000000000000000000000100000100100000000
000000000000000000000000000000000000000000000000000000000000000000000000000000000000000000000000000000000000000000000000000000000000000000000000000000000000000000000000000000000000000000000000000000000000000000000000000000000000000000000000000000000000000000000000000000000000000001000001100001101010
000000000000000000000000000000000000000000000000000000000000000000000000000000000000000000000000000000000000000000000000000000000000000000000000000000000000000000000000000000000000000000000000000000000000000000000000000000000000000000000000000000000000000000000000000000000000000000000010000000000000
000000000000000000000000000000000000000000000000000000000000000000000000000000000000000000000000000000000000000000000000000000000000000000000000000000000000000000000000000000000000000000000000000000000000000000000000000000000000000000000000000000000000000000000000000000000000000000000001000000000000
000000000000000000000000000000000000000000000000000000000000000000000000000000000000000000000000000000000000000000000000000000000000000000000000000000000000000000000000000000000000000000000000000000000000000000000000000000000000000000000000000000000000000000000000000000000000000000000000000000000000
000000000000000000000000000000000000000000000000000000000000000000000000000000000000000000000000000000000000000000000000000000000000000000000000000000000000000000000000000000000000000000000000000000000000000000000000000000000000000000000000000000000000000000000000000000000000000000000000100100000000
000000000000000000000000000000000000000000000000000000000000000000000000000000000000000000000000000000000000000000000000000000000000000000000000000000000000000000000000000000000000000000000000000000000000000000000000000000000000000000000000000000000000000000000000000000000000000000000010000010001000
000000000000000000000000000000000000000000000000000000000000000000000000000000000000000000000000000000000000000000000000000000000000000000000000000000000000000000000000000000000000000000000000000000000000000000000000000000000000000000000000000000000000000000000000000000000000000000000010000000000000
000000000000000000000000000000000000000000000000000000000000000000000000000000000000000000000000000000000000000000000000000000000000000000000000000000000000000000000000000000000000000000000000000000000000000000000000000000000000000000000000000000000000000000000000000000000000000000000001100000101010
000000000000000000000000000000000000000000000000000000000000000000000000000000000000000000000000000000000000000000000000000000000000000000000000000000000000000000000000000000000000000000000000000000000000000000000000000000000000000000000000000000000000000000000000000000000000000000000000000000000000
000000000000000000000000000000000000000000000000000000000000000000000000000000000000000000000000000000000000000000000000000000000000000000000000000000000000000000000000000000000000000000000000000000000000000000000000000000000000000000000000000000000000000000000000000000000000000000000000001001101000
000000000000000000000000000000000000000000000000000000000000000000000000000000000000000000000000000000000000000000000000000000000000000000000000000000000000000000000000000000000000000000000000000000000000000000000000000000000000000000000000000000000000000000000000000000000000000000000000000100011110
000000000000000000000000000000000000000000000000000000000000000000000000000000000000000000000000000000000000000000000000000000000000000000000000000000000000000000000000000000000000000000000000000000000000000000000000000000000000000000000000000000000000000000000000000000000000000000000000000000000000
000000000000000000000000000000000000000000000000000000000000000000000000000000000000000000000000000000000000000000000000000000000000000000000000000000000000000000000000000000000000000000000000000000000000000000000000000000000000000000000000000000000000000000000000000000000000000000000000000000000000
000000000000000000000000000000000000000000000000000000000000000000000000000000000000000000000000000000000000000000000000000000000000000000000000000000000000000000000000000000000000000000000000000000000000000000000000000000000000000000000000000000000000000000000000000000000000000000000000000000011100
000000000000000000000000000000000000000000000000000000000000000000000000000000000000000000000000000000000000000000000000000000000000000000000000000000000000000000000000000000000000000000000000000000000000000000000000000000000000000000000000000000000000000000000000000000000000000000000000000000010000
000000000000000000000000000000000000000000000000000000000000000000000000000000000000000000000000000000000000000000000000000000000000000000000000000000000000000000000000000000000000000000000000000000000000000000000000000000000000000000000000000000000000000000000000000000000000000000000000000000000010
000000000000000000000000000000000000000000000000000000000000000000000000000000000000000000000000000000000000000000000000000000000000000000000000000000000000000000000000000000000000000000000000000000000000000000000000000000000000000000000000000000000000000000000000000000000000000000000000000000001010
000000000000000000000000000000000000000000000000000000000000000000000000000000000000000000000000000000000000000000000000000000000000000000000000000000000000000000000000000000000000000000000000000000000000000000000000000000000000000000000000000000000000000000000000000000000000000000000000000000000000
000000000000000000000000000000000000000000000000000000000000000000000000000000000000000000000000000000000000000000000000000000000000000000000000000000000000000000000000000000000000000000000000000000000000000000000000000000000000000000000000000000000000000000000000000000000000000000000000000000000110
000000000000000000000000000000000000000000000000000000000000000000000000000000000000000000000000000000000000000000000000000000000000000000000000000000000000000000000000000000000000000000000000000000000000000000000000000000000000000000000000000000000000000000000000000000000000000000000000000000000010
000000000000000000000000000000000000000000000000000000000000000000000000000000000000000000000000000000000000000000000000000000000000000000000000000000000000000000000000000000000000000000000000000000000000000000000000000000000000000000000000000000000000000000000000000000000000000000000000000000000000
000000000000000000000000000000000000000000000000000000000000000000000000000000000000000000000000000000000000000000000000000000000000000000000000000000000000000000000000000000000000000000000000000000000000000000000000000000000000000000000000000000000000000000000000000000000000000000000000000000000000
