000010000100000011010001100001100000000000010101110000101011100000000001000001000100001010001000000110000000010101000001010001010010010111101000100001100000000010000000100001010000001000111100110010001101000010001110010110000100000101000111100110010010101100100001001000001011101000000110001110110101
001001001000100000000000000010000100011000001000000000000000011000000100000000000010000000000000000000000100000000001010001000001000000000000000010010001000000000001000000010100000000000000000000101000000010000010000000001000000000000000000000001000000000000010000000010000000010000000000000000000000
000001001000000000000000000010000100011000001000000000000000000000000100000000000010000000000000000000000100000000000010000000001000000000000000010010001000010000001000000000100000000000000000000000000000010000010000000001000000000000000000000001000000000000010000000000000000010000000000000000000000
000000000000000000000000000000010000000100100000000000000000000000000000000000000000000000000010000000000000000000000000100000000000000000000000000000000000000001000000010000000010000000000000000000000000000000100000100000000000000000000000000000000000010000000000000000000000000000000000000000000000
000000000100000011010001100001100000000000010101110000101011100000000000000001000100001010001000000110000000010100000001010001010010010111101000100001100000000010000000100001010000001000111100110010001101000010001110010110000100000101000111100110010010101100100001001000001011101000000110001110110101
000000001000100000000000000010000100011000001000000000000000011000000100000000000010000000000000000000000100000000001010001000001000000000000000010010001000010000001000000010100000010000000000000101000000010000010000000001000000000000000000000001000000000010010000100010000000010000000000000000000000
000000000000000000000000000000000000000000000000000000000000000000000000000000000000000000000000000000000000001000000000000000000000000000000000000000000000000000000000000000000000000000000000000000000000000000000000000000000000000000000000000000000000000000000000000000000000000000000000000000000000
000000000000000000000000000000000000000000000000000000000000000000000000000000000000000000000000000000000000000000000000000000000000000000000000000000000000000000000000000000000000000000000001000000000000000000000000000000000000000000000000000000000000000000000000000000000000000000000000000000000000
000000000000100000000000000010000100001000000000000000000000011000000100000000000010000000000000000000000100000000001000001000001000000000000000010000001000000000001000000010000000000000000000000101000000000000000000000001000000000000000000000001000000000000010000000010000000010000000000000000000000
000000000000000011010001100001100000000000010101110000101011100000000000000001000100001010001000000010000000010100000001010001010010010111101000100001100000000010000000100001010000001000111100110010001101000010001110010110000100000101000111100111010010101100100001001000001011101000000110001110110101
000000000000000000000000000000000010000000000000000000010000000000000000000000000000000000000000000000000000000000000000000000000000000000000000000000000000000000000000000000000000000010000000000000000000000000000000001000000000000000000000000000000000000000000000000000010000000000001000000000000000
000000000000000000000000000000000000000000000000000000000000000010000000001000010000000001000000000000000000000000000000000000000000000000000000000000000000000000000000000100000000000000000000000000000000000000000001000000000000000000100000000000000000000000000000000000000000000000100000100000000000
000000000000000000000000000010000000001000001000000000000000011000000100000000000010000000000000000000000100000000001000001000001000000000000000000000001000000000001000000010100000000000000000000101000000010000000000000001000000000000000000000001000000000000010000000010000000000000000000000000000000
000000000000001000000000000000000000000000000000000000000000000000000000000000000000000000000100000000000010000000010000000000000000000000000000000000000000000000000000000000000000000000000000000000000000000000000000000000000000000000000000000000000000000000000000000000000000000000000000000000000000
000000000000000000000000000000000000000000000000000000000000000000000000000000000000000000000100000000000010000000010000000000000000000000000000000000000000000000000000000000000000000000000000000000000000000000000000000000000000000000000000000000000000000000000000000000000000000000000000000000000000
000000000000000000100100000000000001000000000000000000000000000001000000000000000000100000000000000000000000000000000000000100000000000000010010000000000000000100000001000000000000000000000000000000010000000100000000000000000000100000001000000000000000000000000000000001000100000000000000000000000000
000000000000000001010001100001100000000000010101110000101011100000000000000001000100001010001000000110000000010100000001010001010010010111101000100001100000000010000000100001010000001000111100110010001101000010001110010110000100000101000111100110010010101100100001001000001011101000000110001110110101
000000000000000000010001100001100000000000010101110000101011100000000000000001000100001010001000000010000000010100000001010001010010010111101000100001100000000010000000100001010000001000110100110010001101000010001110010110000100000101000101100110010010101100100001001000001011101000000110001110110100
000000000000000000000100000000000001000000000000000001000000000001000000000000000000100000010000000000000000000000000000000100000000000000010010000000000000000100000011000000000000000000000000000000010000000100000000000000000000100000001000000000000000000000000000000001000100000000000000000000000000
000000000000000000000001100001100000000000010001010000101011100000000001000001000100001010001000000110000000010100000001010001010010010111101000100001100000000010000000100001010000001000011100010010001101000010001110010110000100000101000111000110010010101100100001001000001011101000000110001110110101
000000000000000000000000010000000000000000000000000000000000000000000000000000000000000000000000000000000000000000000000000000000000000000000000000000000000000000000000000000000000000000000000000000000000000000000000000000001000000000000000000000000000000000000000000000000000000000000000000000000000
000000000000000000000000000000000001000000000000000000000000000001000000000000000000100000000000000000000000000000000000000100000000000000010010000000000000000100000001000000000000000000000000000000010000000100000000000000000000100000001000000000000000000000000000000001000100000000000000000000000000
000000000000000000000000000000000000000000000000000000000000000000000000000000000000000000000000000000000000000000000000000000000000000000000000000000000000000000000100000000000000000000000000000000000000000000000000000000000000000000000000000000000000000000000000000000000000000000000000000000001000
000000000000000000000000100001100000000000010101110000101011100000000000000001000100001010001000000010000000010100000001010001010010010111101000100001100000000010000000100001010000001000111100110010001101000010001110010110000100000101000111100111010010101100100001001000001011101000000110001110110101
000000000000000000000000000001100000000000010101110000101011100000000001000001000100001010001000000110000000010100000001010001010010010111101000100001100000000010000000100001010000001000111100010010001101000010001110010110000100000101000111100110010010101100100001001000001011101000000110001110110101
000000000000000000000000000000000000000000000000000000000000000000000000000000000000000000000000000000000000000000000000000000000000000000000000000000000000000000000000000000000000000000000000000000000000000000000000000000001000010000000000000000000000000000000000000000000000000000000000000000000000
000000000000000000000000000000000000000011000000000000000000000000000000000000001000000000000000000000100000000000000100000000000000000000000000000000000010000000010000000000000000000000000010000000000000000000000000000000100000000000000000000000001000000000000000000000000000000000000001000000000000
000000000000000000000000000000000000000000000000000000000000000000000000000000000000000000000000000000000000000000000000000000000000000000000000000000000000000000000000000000000000000000000000000000000000000000000000000000000000000000000000000000000000000000000000000000000000000000000000000000000000
000000000000000000000000000000000000001000000000000000000000011000000100000000000010000000000000000000000100000000001000001000001000000000000000010000001000000000001000000010000000000000000000000101000000000000000000000001000000000000000000000000000000000000010000000010000000010000000000000000000000
000000000000000000000000000000100000000000010101110000101011100000000000000001000100001010001000000110000000010100000001010001010010010111101000100001100000000010000000100001010000001000111100110010001101000010001110010110000100000101000111100110010010101100100001001000001011101000000110001110110101
000000000000000000000000000000000000000000010001010000101011100000000001000001000100001010001000000110000000000100000001010001010010010111101000100001100000000010000000100001010000001000111100010010001101000010001110010110000100000101000111100110010010101100100001001000001011101000000110001110110101
000000000000000000000000000000000000000000000000000000000000000000000000000000000000000000000000000000000000000000000000100000000000000000000001000000000000000000000000000000000010000000000000000000000000000000100000100000000000000000000000000000000000010000000000000000000000000000000000000000000000
000000000000000000000000000000000000000000000000000000000100000000000000000000000000000000000000000000000000000000000000000000000000000000000000000000000000000000000000000000000000000000000000000000000000000000000000000000000000000000000000000000000000000000000000000000000000000000000000000000000000
000000000000000000000000000000000000011000001000000000000000000000000000000000000010000000000000000000000100000000000010000000000000000000000000010010001000000000000000000000100000000000000000000000000000010000010000000001000000000000000000000001000000000000000000000000000000010000000000000000000000
000000000000000000000000000000000000000000000000000000010000000000000000000000000000000000000000000000000000000000000000000000000000000000000000000000000000000000000000000000000000000010000000001000000000000000000000001000000000000000000000000000000000000000000000000000010000000000001000000000000000
000000000000000000000000000000000000000000000000000000000000000001000000000000000000100000000000000000000000000000000000000100000000000000010010000000000000000100000001000000000000000000000000000000010000000100000000000000000000100000001000000000000000000000000000000001000100000000000000000000000000
000000000000000000000000000000000000000000000000000000000000000000000000000000000000000000000000000000000000000000000000000000000000000000000000000000000000000000000000000000000001000000000000000000000000000000000000000000000000000000000000000000000000000000000000000000000000000000000000000000000000
000000000000000000000000000000000000001000001000000000000000000000000100000000000010000000000000000000000100000000000010000000000000000000000000010010001000010000000000000000100000000000000000000000000000010000010000000001000000000000000000000001000000000000000000000000000000010000000000000000000000
000000000000000000000000000000000000000000001000000000000000010000000100000000000010000000000000000000000100000000000010001000001000000000000000010010001000010000000000000000100000010000000000000100000000010000010000000001000000000000000000000001000000000010010000100010000000010000000000000000000000
000000000000000000000000000000000000000000100000000000000000000000000000000000000000000000000010000000000000000000000000000000000000000000000001000000000000000001000000010000000010000001000000000000000000000000100000100000000000000000000000000000000000010000000000000000000000000000000000000000000000
000000000000000000000000000000000000000001000000000000000000000000000000000000001000000000010000000000100000000000000100000000000000000000000000000000000010000000010000000000000000000000000010000000000000000000000000000000100000000000000000000000001000000000000000000000000000000000000001000000000000
000000000000000000000000000000000000000000000000000000000100000000000000000000001000000000000000000000100000100000000100000000000000000000000000000100000010000000010000000000000000000100000010000000000010000000000000000000100000000000000000000000001000000000001000000000000000000001000001000000000000
000000000000000000000000000000000000000000000000000000000000000000000000000000000000000000000010000000000000000000000000000000000000000000000001000000000000000001000000010000000010000001000000000000000000000000100000100000000000000000000000000000000000010000000000000000000000000000000000000000000000
000000000000000000000000000000000000000000000101110000101011100000000001000001000100001010001000000110000000010101000001010001010010010111101000100001100000010010000000100001010000001000111100110010001101000010001110010110000100000101000111100110010010101100100001001000001011101000000110001110110101
000000000000000000000000000000000000000000000000000000000000000000000100000000000010000000000000000000000100000000000010000000000000000000000000010010001000010000000000000000100000000000000000000100000000010000010000000000000000000000000000000001000000000000000000000000000000010000000000000000000000
000000000000000000000000000000000000000000000001110000101011100000000000000001000100001010001000000010000000010100000001010001010010010111101000100001100000000010000000100001000000001000110100110010001101000010001010010100000100000101000101100110010010001100100001001000001011101000000110001110110101
000000000000000000000000000000000000000000000000001000000000000000000000000000000000000000000000000000000000000000000000000000000000000000000000000000000000001000100000000000000000000000000000000000000000000001000000000000010000000010000000001000100000000000000000000000000000000000010000000000000000
000000000000000000000000000000000000000000000000110000101011100000000001000001000100001010001000000110000000010100000001010001010010010111101000100001100000000010000000100001010000001000111100110010001101000010001110010110000100000101000111100110010010101100100001001000001011101000000110001110110101
000000000000000000000000000000000000000000000000010000101011100000000000000001000100001010001000000010000000010100000001010001010010010111101000100001100000000010000000100001000000001000111100110010001101000010001110010100000100000101000101100110010010001100100001001000001011101000000110001110110101
000000000000000000000000000000000000000000000000000000101011100000000000000001000100001010001000000110000000010100000001010001010010010111101000100001100000000010000000100001010000001000111100110010001101000010001110010110000100000101000111100110010010101100100001001000001011101000000110001110110101
000000000000000000000000000000000000000000000000000000000000000000000000000000000000000000000000000001000000000000000000000000000000000000000000000000000000001000100000000000000000000000000000000000000000000000000000000000000000000000000000001000100000000000000000000000000000000000010000000000000000
000000000000000000000000000000000000000000000000000000000000000000000000000110000000000000000000000000000001000000000000000000000001000000000000000000000000000000000000000000000000000000000000000000000000000000000000000000000000000000000000000000000000000000000000000000000000000000000000010000000000
000000000000000000000000000000000000000000000000000001000100000000010000100000000001000000110000011000000000100000000000000000000000000000000000001100000000110000000010000000000100000100000000000000000010100000000000000000000000001000000000000000000000000000001000000000000000000001000000000000000000
000000000000000000000000000000000000000000000000000000000100000000110000000000000001000000110000011000000000100000000000000000000000000000000000001100000000110100000010000000000000000100000000000000000010100000000000000000000000001000000000010000000000000000001000000000000100000001000000000001000000
000000000000000000000000000000000000000000000000000000001011100000000001000001000100001010001000000110000000010101000001010001010010010111101000100001100000000010000000100001010000001000111100110010001101000010001110010110000100000101000111100110010010101100100001001000001011101000000110001110110101
000000000000000000000000000000000000000000000000000000000000000000000000000000000000000000000000000000000000000000000000000000000000000000000000000000000000000000000000000000000000000010000000000000000000000000000001001000000000000000000000000000000000000000000000000000010000000000001000100000000000
000000000000000000000000000000000000000000000000000000000011100000000001000001000100001010001000000110000000010100000001010001010010010111101000100001100000000010000000100001010000001000111100110010001101000010001110010110000100000101000111100110010010101100100001001000001011101000000110001110110101
000000000000000000000000000000000000000000000000000000000000000000111000000000000001000000110000011000000000100000000000000000000000000000000000001100000000110000000010000000001001000100000000000000000010100000000000000000000000001000000000010000000000000000001000000000000000000001000000000001000000
000000000000000000000000000000000000000000000000000000000001100000000001000001000100001010001000000110000000010100000001010001010010010111101000100001100000000010000000100001010000001000111100110010001101000010001110010110000100000101000111100110010010101100100001001000001011101000000110001110110101
000000000000000000000000000000000000000000000000000000000000100000000000000001000100001010001000000110000000010100000001010001010010010111101000100001100000000010000000100001010000001000111100110010001101000010001110010110000100000101000111100110010010101100100001001000001011101000000110001110110100
000000000000000000000000000000000000000000000000000000000000000000000001000001000100001010001000000110000000010100000001010001010010010111101000100001100000000010000000100001010000001000111100110010001101000010001110010110000100000101000111100110010010101100100001001000001011101000000110001110110101
000000000000000000000000000000000000000000000000000000000000001000000100000000000010000000000000000000000100000000001000001000001000000000000000000000001000000000001000000010000000000000000000000101000000000000000000000001000000000000000000000000000000000000010000000010000000000000000000000000000000
000000000000000000000000000000000000000000000000000000000000000000000100000000000000000000000000000000000000000000001000001000001000000000000000000000000000000000001000000010000000000000000000000101000000000000000000000001000000000000000000000000000000000000010000000010000000000000000000000000000000
000000000000000000000000000000000000000000000000000000000000000000000000000000000000000000000000000000000000000000000000000000000000000000000000000000000000000000000000000000000100000000000000000000000000000000000000000000000000000000000000000000000000000000000000000000000000000000000000000000000000
000000000000000000000000000000000000000000000000000000000000000000000000001000010000000001000000000000000000000000000000000000000100000000000000000000000000000000000000000100000000000000000000000000000000000000000001000000000000000000100000000000000000000000000000000000000000000000100000100000000000
000000000000000000000000000000000000000000000000000000000000000000000000000000000000100000000000000000000000000000000000000100000000000000010010000000000000000100000001000000000000000000000000000000010000000100000000000000000000101000001000000000000000000000000000000001000100000000000000000000000000
000000000000000000000000000000000000000000000000000000000000000000000000000000000001000000110000011000000000100000000000000000000000000000000000001100000000100000000010000000000000000100000000000000000010100000000000000000000000001000000000010000000000000000001000000000000000000001000000000000000000
000000000000000000000000000000000000000000000000000000000000000000000000000000000001000000010000011000000000100000000000000000000000000000000000001000000000110000000010000000000000010100000000000000000000000000000000000000000000000000000000000000000000000000001000000000000000000001000000000000000000
000000000000000000000000000000000000000000000000000000000000000000000000000000000000000000000000000000000000000000000000000000000000000000000000000000000000000000000000000000000000000000000000000000000000100000000000000000000000000000000000000000000000000000000000000000000000000001000000000000000000
000000000000000000000000000000000000000000000000000000000000000000000000000000000010000000000000000000000100000000001010001000001000000000000000000000001000000000001000000010100000000000000000000101000000010000000000000001000000000000000000000001000000000000010000000010000000000000000000000000000000
000000000000000000000000000000000000000000000000000000000000000000000000000000000000010000000000000000000000000000000000000000000000000000000000000000000000000000000000000000000000000000000000000000000000000000000000000000000000000000000000000000000000000010000000000000000000000000000000000000000000
000000000000000000000000000000000000000000000000000000000000000000000000000000000000000000001000000100000000000100000001010001010000000001100000100001100000000010000000000001010000001000011000010010000000000010001100000110000000000001000011000110010000100100000001001000000000100000000110001000100101
000000000000000000000000000000000000000000000000000000000000000000000000010000000000000100000000100000000000000000000000000000000000000000000000000000010001000000000010000000000000000000000000000000000000000000000000000000000000000000000000000000000100000000000000000000000000000000000000000001000000
000000000000000000000000000000000000000000000000000000000000000000000000000000000000000100000000100000000000000000000000000000000000000000000000000000010001000000000000000000000000000000000000000000000000000000000000000000000000000000000000000000000100000000000000000000000000000000000000000000000000
000000000000000000000000000000000000000000000000000000000000000000000000000000010000000001000000000000000000000000000000000000000100000000000000000000000000000000000000000100000000000000000000000000000000000000000001000000000000000000100000000000000000000000000000000000000000000000100000100000000000
000000000000000000000000000000000000000000000000000000000000000000000000000010000000000000000000000000000001000000000000000000000001000000000000000000000000000000000000000000000000000000000000000000000000000000000000000000000000000000000000000000000000000000000000000000000000000000000000010000000000
000000000000000000000000000000000000000000000000000000000000000000000000000000000000000000000000000000000001000000000000000000000001000000000000000000000000000000000000000000000000000000000000000000000000000000000000000000000000000000000000000000000000000000000000000000000000000000000000010000000000
000000000000000000000000000000000000000000000000000000000000000000000000000000000100001010001000000010000000010100000001010001010010010111101000100001100000000010000000100001010000001000111100110010001101000010001110010110000100000101000111100110010010101100100001001000001011101000000110001110110101
000000000000000000000000000000000000000000000000000000000000000000000000000000000000000000000000000000000000000000000000000000000000000000000000000000000000000000000000000000000000000000000000000000000000000000000000000000000000000000000000000000000000000000000000000000000000000000000000000000000000
000000000000000000000000000000000000000000000000000000000000000000000000000000000000000001000000000000000000000000000000000000000000000000000000000000000000000000000000000100000000000000000000000000000000000000000001000000000000000000100000000000000000000000000000000000000000000000100000100000000000
000000000000000000000000000000000000000000000000000000000000000000000000000000000000000000000000000000100000000000000100000000000000000000000000000000000010000000010000000000000000000000000010000000000000000000000000000000100000000000000000000000001000000000000000000000000000000000000001000000000000
000000000000000000000000000000000000000000000000000000000000000000000000000000000000001010001000000010000000010100000001010001010010010111101000100001100000000010000000100001000000001000111100110010001101000010001110010110000100000101000111100110010010001100100001001000001011101000000110001110110101
000000000000000000000000000000000000000000000000000000000000000000000000000000000000000000000000000000000100000000000010001000001000000000000000010010001000010000000000000000100000010000000000000100000000010000010000000001000000000000000000000001000000000010010000100010000000010000000000000000000000
000000000000000000000000000000000000000000000000000000000000000000000000000000000000000000110000011000000000100000000000000000000000000010000000001100000000110000000010000000001000000100000000000000000010100000000000000000000000001000000000010000000000000000001000000000000000000001000000000001000000
000000000000000000000000000000000000000000000000000000000000000000000000000000000000000000000000000000000000000000000000000100000000000000010010000000000000000100000001000000000000000000000000000000010000000100000000000000000000100000001000000000000000000000000000000001000100000000000000000000000000
000000000000000000000000000000000000000000000000000000000000000000000000000000000000000000000000000000000000000000000000000000000000000000000000000000000000000000000000000000000000000000000000000000000000000000000000000000000000000000000000000000000000000010000000000000000000000000000000000000000000
000000000000000000000000000000000000000000000000000000000000000000000000000000000000000010001000000110000000010100000001010001010010010111101000100001100000000010000000100001010000001000111100110010001101000010001110010110000100000101000111100110010010101100100001001000001011101000000110001110110101
000000000000000000000000000000000000000000000000000000000000000000000000000000000000000000000000100000000000000000000000000000000000000000000000000000010001000000000000000000000000000000000000000000000000000000000000000000000000000000000000000000000000000000000000000000000000000000000000000000000000
000000000000000000000000000000000000000000000000000000000000000000000000000000000000000000001000000110000000010100000001010001010010010111101000100001100000000010000000100001010000001000111100110010001101000010001110010110000100000101000111100110010010101100100001001000001011101000000110001110110101
000000000000000000000000000000000000000000000000000000000000000000000000000000000000000000000000000000000000000000000000000000000000000000000000000000000000000000000000000100000000000000000000000000000000000000000001000000000000000000100000000000000000000000000000000000000000000000100000100000000000
000000000000000000000000000000000000000000000000000000000000000000000000000000000000000000010000011000000000100000000000000000000000000000000000001100000000110100000010000000000000000100000000000000000010100000000000000000000000001000000000010000000000000000001000000000000100000001000000000001000000
000000000000000000000000000000000000000000000000000000000000000000000000000000000000000000000000011000000000100000000000000000000000000000010000001100000000110100010011000000000001010100000000000000000010100000000000000000000000001000001000010000000000000010001000100000000100000001000000000001000000
000000000000000000000000000000000000000000000000000000000000000000000000000000000000000000000000000110000000010101000001010001010010010111101000100001100000010010000000100001010000001000111100110010001101000010001110010110000100000101000111100110010010101100100001001000001011101000000110001110110101
000000000000000000000000000000000000000000000000000000000000000000000000000000000000000000000000000000000010000000010000000000000000000000000000000000000000000000000000000000000000000000000000000000000000000000000000000000000000000000000000000000000000000000000000000000000000000000000000000000000000
000000000000000000000000000000000000000000000000000000000000000000000000000000000000000000000000000000000000000000000000000000000000000000000001000000000000000001000000010000000010000001000000000000000000000000100000100000000000000000000000000000000000010000000000000000000000000000000000000000000000
000000000000000000000000000000000000000000000000000000000000000000000000000000000000000000000000000000000000000000000000000000100000000000000000000000000000000000000000000000000000000000000000000000000000000000000000000000000000000000000000000000000000000000000000000000000000000000000000000000000000
000000000000000000000000000000000000000000000000000000000000000000000000000000000000000000000000000000000000000000000000000000000000000000000000000000010001000000000000000000000000000000000000000000000000000000000000000000000000000000000000000000000000000000000000000000000000000000000000000000000000
000000000000000000000000000000000000000000000000000000000000000000000000000000000000000000000000001000000000100000000000000000000000000000000000001100000000100000000010000000000000000100000000000000000010100000000000000000000000001000000000010000000000000000001000000000000000000001000000000000000000
000000000000000000000000000000000000000000000000000000000000000000000000000000000000000000000000000000000000100000000000000000000000000000000000001100000000100000000010000000000000000100000000000000000010100000000000000000000000001000000000010000000000000000001000000000000000000001000000000001000000
000000000000000000000000000000000000000000000000000000000000000000000000000000000000000000000000000000000000000100000001010001010010010111101000100001100000000010000000100001010000001000011100010010000101000010001110010110000100000001000111000110010000100100000001001000001010101000000110001110100101
000000000000000000000000000000000000000000000000000000000000000000000000000000000000000000000000000000000000010100000001010001010010010111101000100001100000000010000000100001010000001000111100110010001101000010001010010110000100000101000101100110010010101100100001001000001011101000000110001110110100
000000000000000000000000000000000000000000000000000000000000000000000000000000000000000000000000000000000000000000000000000000000000000000000000000000000000000000000000000000000000000000000000000000000000000000000000000000000000000000000000000000000000000000000000000000000000000000000000000000000000
000000000000000000000000000000000000000000000000000000000000000000000000000000000000000000000000000000000000000000000100000000000000000000000000000000000010000000010000000000000000000000000010000000000000000000000000000000100000000000000000000000001000000000000000000000000000000000000001000000000000
000000000000000000000000000000000000000000000000000000000000000000000000000000000000000000000000000000000000000000000000000000000000000000000000000000000000000000000000000000000000000000000000000000000000000000000000000000000000000000000000000000000000000000000000000000000000000000000000000000000000
000000000000000000000000000000000000000000000000000000000000000000000000000000000000000000000000000000000000000000000000000000000000000000000000000000000000010000000000000000000000000000000000000000000000000000000000000000000000000000000000000000000000000000000000000000000000000000000000000000000000
000000000000000000000000000000000000000000000000000000000000000000000000000000000000000000000000000000000000000000000010001000001000000000000000010010001000010000000000000000100000010000000000000100000000010000010000000001000000000000000000000001000000000010010000100010000000010000000000000000000000
000000000000000000000000000000000000000000000000000000000000000000000000000000000000000000000000000000000000000000010000000000000000000000000000000000000000000000000000000000000000000000000000000000000000000000000000000000000000000000000000000000000000000000000000000000000000000000000000000000000000
000000000000000000000000000000000000000000000000000000000000000000000000000000000000000000000000000000000000000000000000000000000001000000000000000000000000000000000000000000000000000000000000000000000000000000000000000000000000000000000000000000000000000000000000000000000000000000000000010000000000
000000000000000000000000000000000000000000000000000000000000000000000000000000000000000000000000000000000000000000000000000000000000000000000000001100000000110000000010000000000000000100000000000000000010100000000000000000000000001000000000010000000000000000001000000000000000000001000000000001000000
000000000000000000000000000000000000000000000000000000000000000000000000000000000000000000000000000000000000000100000001010001010010010111101000100001100000000010000000100001000000001000111100110010001101000010001010010110000100000101000111100110010010001100100001001000001011101000000100000110110000
000000000000000000000000000000000000000000000000000000000000000000000000000000000000000000000000000000000000000000000000000000000000000000000000000000000000000000000000000000000000000000000000000000000000000000000000000000000000000000000000000000000000000000000000000000000000000000000000000000000000
000000000000000000000000000000000000000000000000000000000000000000000000000000000000000000000000000000000000000000000001010001010010010111101000100001100000000010000000100001010000001000111100110010001101000010001110010110000100000101000111100110010010101100100001001000001011101000000110001110110101
000000000000000000000000000000000000000000000000000000000000000000000000000000000000000000000000000000000000000000100000000000000000100000000000000000000000000000000000000000000000000000000000000000000000000000000000000000000000000000000000000000000000000000000000000000000000000000000000000000000000
000000000000000000000000000000000000000000000000000000000000000000000000000000000000000000000000000000000000000000000000010001000000000000000000000001000000000000000000000000000000000000010100000010000000000000000000000000000000000001000000000100000000001000000000001000001000000000000000000000100000
000000000000000000000000000000000000000000000000000000000000000000000000000000000000000000000000000000000000000000000000000000000000100000000000000000000000000000000000000000000000000000000000000000000000000000000000000000000000000000000000000000000000000000000000000000000000000000000000000000000000
000000000000000000000000000000000000000000000000000000000000000000000000000000000000000000000000000000000000000000000000000000000000000000000000000000000000000000000000000000000000000000000000000000000000000000000000000000000000000000000000000000000000000000000000000000000000000000000000000000000000
000000000000000000000000000000000000000000000000000000000000000000000000000000000000000000000000000000000000000000000000001000001000000000000000000000000000000000001000000010000000000000000000000101000000000000000000000001000000000000000000000000000000000000010000000010000000000000000000000000000000
000000000000000000000000000000000000000000000000000000000000000000000000000000000000000000000000000000000000000000000000000000000000000000000000000000000010000000010000000000000000000000000010000000000000000000000000000000100000000000000000000000001000000000000000000000000000000000000001000000000000
000000000000000000000000000000000000000000000000000000000000000000000000000000000000000000000000000000000000000000000000000000000000000000000000010010001000010000000000000000100000000000000000000000000000010000010000000001000000000000000000000001000000000000000000000000000000010000000000000000000000
000000000000000000000000000000000000000000000000000000000000000000000000000000000000000000000000000000000000000000000000010001010010010111101000100001100000000010000000100001010000001000111100110010001101000010001110010110000100000101000111100110010010101100100001001000001011101000000110001110110101
000000000000000000000000000000000000000000000000000000000000000000000000000000000000000000000000000000000000000000000000000000000000000000000001000000000000000000000000000000000010000001000000000000000000000000100000100000000000000000000000000000000000010000000000000000000000000000000000000000000000
000000000000000000000000000000000000000000000000000000000000000000000000000000000000000000000000000000000000000000000000000001010010010111101000100001100000000010000000100001010000001000111100110010001101000010001110010110000100000101000111100110010010101100100001001000001011101000000110001110110101
000000000000000000000000000000000000000000000000000000000000000000000000000000000000000000000000000000000000000000000000000000001000000000000000010000001000000000001000000010000000000000000000000101000000010000000000000001000000000000000000000001000000000000010000000010000000010000000000000000000000
000000000000000000000000000000000000000000000000000000000000000000000000000000000000000000000000000000000000000000000000000000000000000000010010000000000000000100000001000000000000000000000000000000010000000100000000000000000000100000001000000000000000000000000000000001000100000000000000000000000000
000000000000000000000000000000000000000000000000000000000000000000000000000000000000000000000000000000000000000000000000000000000000000000000000000000000000000000000000000000000000000000000000000000000000001000000000000000000000000000000000000000000000000000000000000000000000000100000000000000000000
000000000000000000000000000000000000000000000000000000000000000000000000000000000000000000000000000000000000000000000000000000010010010111101000100001100000010010000000100001010000001000111100110010001101000010001110010110000100000101000111100110010010101100100001001000001011101000000110001110110101
000000000000000000000000000000000000000000000000000000000000000000000000000000000000000000000000000000000000000000000000000000000000000000000000000000000000000000000000000000000000000000000000000000000000000000000000000000000000000000000000000000000000000000000000010100000000000000000000000000000000
000000000000000000000000000000000000000000000000000000000000000000000000000000000000000000000000000000000000000000000000000000000010010111101100100001100000000010000000100001010000001000111100110010001101000010001110010110000100000101000111100110010010101100100001001000001011101000000110001110110101
000000000000000000000000000000000000000000000000000000000000000000000000000000000000000000000000000000000000000000000000000000000000000000000000010000001000000000001000000010000000000000000000000101000000000000000000000001000000000000000000000000000000000000010000000010000000010000000000000000000000
000000000000000000000000000000000000000000000000000000000000000000000000000000000000000000000000000000000000000000000000000000000000000000000000000000000000000000000000000000000000000000000000000000000000000000000000000000000000000000100000000000000000000000000000000000000000000000100000000000000000
000000000000000000000000000000000000000000000000000000000000000000000000000000000000000000000000000000000000000000000000000000000000010111101000100001100000000010000000100001010000001000111100110010001101000010001110010110000100000101000111100110010010101100100001001000001011101000000110001110110101
000000000000000000000000000000000000000000000000000000000000000000000000000000000000000000000000000000000000000000000000000000000000000000000000000000000000000000000000000000000000000000000000000000000000000000000000000000000000000000000000000000000000000000000000000000000000000000000000010000000000
000000000000000000000000000000000000000000000000000000000000000000000000000000000000000000000000000000000000000000000000000000000000000000000000000000000000000000000000000000000000000000000000000000000000000000000000000000000000000000000000000000000000000000000000000000000000000000000000000000000000
000000000000000000000000000000000000000000000000000000000000000000000000000000000000000000000000000000000000000000000000000000000000000111101000100001100000000010000000100001010000001000111100110010001101000010001110010110000100000101000101100110010010001100100001001000001011101000000110001110110101
000000000000000000000000000000000000000000000000000000000000000000000000000000000000000000000000000000000000000000000000000000000000000000000001000000000000000000000000000000000000000000000000000000000000000000000000000000000000000000000000000000000000000000000000000000000000000000000000000000000000
000000000000000000000000000000000000000000000000000000000000000000000000000000000000000000000000000000000000000000000000000000000000000011101000100001100000000010000000100001010000001000111100110010001101000010001110010110000100000101000111100110010010101100100001001000001011101000000110001110110100
000000000000000000000000000000000000000000000000000000000000000000000000000000000000000000000000000000000000000000000000000000000000000001101000100001100000000010000000100001010000001000111100110010001101000010001110010110000100000101000111100110010010101100100001001000001011101000000110001110110101
000000000000000000000000000000000000000000000000000000000000000000000000000000000000000000000000000000000000000000000000000000000000000000101000100001100000000010000000100001010000001000111100110010001101000010001110010110000100000101000111100110010010101100100001001000001011101000000110001110110101
000000000000000000000000000000000000000000000000000000000000000000000000000000000000000000000000000000000000000000000000000000000000000000001000100001100000000010000000100001010000001000111100110010001101000010001110010110000100000101000111100110010010101100100001001000001011101000000110001110110101
000000000000000000000000000000000000000000000000000000000000000000000000000000000000000000000000000000000000000000000000000000000000000000000010000000000000000100000001000000000000000000000000000000010000000100000000000000000000100000001000000000000000000000000000000001000100000000000000000000000000
000000000000000000000000000000000000000000000000000000000000000000000000000000000000000000000000000000000000000000000000000000000000000000000000100001100000000010000000100001010000001000111100110010001101000010001110010110000100000101000111100110010010101100100001001000001011101000000110001110110100
000000000000000000000000000000000000000000000000000000000000000000000000000000000000000000000000000000000000000000000000000000000000000000000000000000000000000010000000000001000000000000001000000000000000000000000100000000000000000000000000000000000000000000000000000000000000000000000010000000000100
000000000000000000000000000000000000000000000000000000000000000000000000000000000000000000000000000000000000000000000000000000000000000000000000000000000000000100000001000000000000000000000000000000010000000100000000000000000000100000001000000000000000000000000000000001000100000000000000000000000000
000000000000000000000000000000000000000000000000000000000000000000000000000000000000000000000000000000000000000000000000000000000000000000000000000000000000000001000000010000000010000001000000000000000000000000100000100000000000000000000000000000000000010000000000000000000000000000000000000000000000
000000000000000000000000000000000000000000000000000000000000000000000000000000000000000000000000000000000000000000000000000000000000000000000000000001100000000010000000100001010000001000111100110010001101000010001110010110000100000101000111100110010010101100100001001000001011101000000110001110110101
000000000000000000000000000000000000000000000000000000000000000000000000000000000000000000000000000000000000000000000000000000000000000000000000000010001000010000000000000000100000000000000000000000000000010000010000000001000000000000000000000001000000000000010000000000000000010000000000000000000000
000000000000000000000000000000000000000000000000000000000000000000000000000000000000000000000000000000000000000000000000000000000000000000000000000100000000110000000010000000000000000100000000000000000010100000000000000000000000001000000000010000000000000000001000000000000000000001000000000001000000
000000000000000000000000000000000000000000000000000000000000000000000000000000000000000000000000000000000000000000000000000000000000000000000000000000000000100000000010000000000000000100000000000000000010100000000000000000000000001000000000010000000000000000001000000000000000000001000000000001000000
000000000000000000000000000000000000000000000000000000000000000000000000000000000000000000000000000000000000000000000000000000000000000000000000000000001000010000000000000000100000000000000000000000000000010000010000000001000000000000000000000001000000000000000000000000000000010000000000000000000000
000000000000000000000000000000000000000000000000000000000000000000000000000000000000000000000000000000000000000000000000000000000000000000000000000000100000000010000000100001010000001000111100110010001101000010001110010110000100000101000111100110010010101100100001001000001011101000000110001110110101
000000000000000000000000000000000000000000000000000000000000000000000000000000000000000000000000000000000000000000000000000000000000000000000000000000000000000010000000100001010000001000011100110010001101000010001110010110000100000101000111100110010010101100100001001000001011101000000110001110110101
000000000000000000000000000000000000000000000000000000000000000000000000000000000000000000000000000000000000000000000000000000000000000000000000000000000001000000000000000000000000000000000000000000000000000000000000000000000000000000000000000000000100000000000000000000000000000000000000000000000000
000000000000000000000000000000000000000000000000000000000000000000000000000000000000000000000000000000000000000000000000000000000000000000000000000000000000010000001000000000100000010000000000000001000000010000010000000001000000000000000000000001000000000010010000100010000000010000000000000000000000
000000000000000000000000000000000000000000000000000000000000000000000000000000000000000000000000000000000000000000000000000000000000000000000000000000000000000000000000000000001001100000000000000000000000000000000000000000000000000000000000000000000000000000000000000000000000000000000000000001000000
000000000000000000000000000000000000000000000000000000000000000000000000000000000000000000000000000000000000000000000000000000000000000000000000000000000000000000010000000000000000000000000010000000000000000000000000000000100000000000000000000000001000000000000000000000000000000000000001000000000000
000000000000000000000000000000000000000000000000000000000000000000000000000000000000000000000000000000000000000000000000000000000000000000000000000000000000000000000000000000000000000000000000000000000000000000000000000000000000000000000000000000000100000000000000000000000000000000000000000000000000
000000000000000000000000000000000000000000000000000000000000000000000000000000000000000000000000000000000000000000000000000000000000000000000000000000000000010000000010000000001000000100000000000000000010100000000000000000000000001000000000010000000000000000001000000000000000000001000000000001000000
000000000000000000000000000000000000000000000000000000000000000000000000000000000000000000000000000000000000000000000000000000000000000000000000000000000000000000000010000000100100010100000000000000000000110000010000000000000100001000000100010101000000000010000000100001000000010001000000000001000000
000000000000000000000000000000000000000000000000000000000000000000000000000000000000000000000000000000000000000000000000000000000000000000000000000000000000000000100000000000000000000000000000000000000000000001000000000000010000000010000000001000100000000000000000000000000000000000010000000000000000
000000000000000000000000000000000000000000000000000000000000000000000000000000000000000000000000000000000000000000000000000000000000000000000000000000000000000000000011000000000000000000000000000000010000000100000000000000000000100000001000000000000000000000000000000001000100000001000000000000000000
000000000000000000000000000000000000000000000000000000000000000000000000000000000000000000000000000000000000000000000000000000000000000000000000000000000000000000000000100001010000001000111100110010001101000010001110010110000100000101000111100110010010101100100001001000001011101000000110001110100101
000000000000000000000000000000000000000000000000000000000000000000000000000000000000000000000000000000000000000000000000000000000000000000000000000000000000000000000000010000000010000001000000000000000000000000100000100000000000000000000000000000000000010000000000000000000000000000000000000000000000
000000000000000000000000000000000000000000000000000000000000000000000000000000000000000000000000000000000000000000000000000000000000000000000000000000000000000000000000000000000000000000000000000000000000000001000000000000010000000010000000001000100000000000000000000000000000000000010000000000000000
000000000000000000000000000000000000000000000000000000000000000000000000000000000000000000000000000000000000000000000000000000000000000000000000000000000000000000000000000000000000000000000010000000000000000000000000000000100000000000000000000000001000000000000000000000000000000000000001000000000000
000000000000000000000000000000000000000000000000000000000000000000000000000000000000000000000000000000000000000000000000000000000000000000000000000000000000000000000000000010000000000000000000000101000000000000000000000001000000000000000000000000000000000000010000000010000000000000000000000000000000
000000000000000000000000000000000000000000000000000000000000000000000000000000000000000000000000000000000000000000000000000000000000000000000000000000000000000000000000000000000000000000000000000000000000000000000000000000000000000000000000000000000000000000000000000000000000000000000000000000001000
000000000000000000000000000000000000000000000000000000000000000000000000000000000000000000000000000000000000000000000000000000000000000000000000000000000000000000000001000000001000000100000000000000000010100000000000000000000000001000001000010000000000000000001000000000000100000001000000000001000000
000000000000000000000000000000000000000000000000000000000000000000000000000000000000000000000000000000000000000000000000000000000000000000000000000000000000000000000000000000000000010000000000000000010000000100000000000000000000100000001000000000000000000000000000100001000100000000000000000000000000
000000000000000000000000000000000000000000000000000000000000000000000000000000000000000000000000000000000000000000000000000000000000000000000000000000000000000000000000000001010000001000111100110010001101000010001110010110000100000101000111100110010010101100100001001000001011101000000110001110110101
000000000000000000000000000000000000000000000000000000000000000000000000000000000000000000000000000000000000000000000000000000000000000000000000000000000000000000000000000000000010000001000000000000000000000000100000100000000000000000000000000000000000010000000000000000000000000000000000000000000000
000000000000000000000000000000000000000000000000000000000000000000000000000000000000000000000000000000000000000000000000000000000000000000000000000000000000000000000000000000000000000000000000000000000000000000000000000000000000000000000000000000000000000000000000000000000000000000000000000000000000
000000000000000000000000000000000000000000000000000000000000000000000000000000000000000000000000000000000000000000000000000000000000000000000000000000000000000000000000000000000000000000000000000000000000000000000001000000000000000000100000000000000000000000000000000000000000000000100000100000000000
000000000000000000000000000000000000000000000000000000000000000000000000000000000000000000000000000000000000000000000000000000000000000000000000000000000000000000000000000000100000000000000000000101000000000000000000000001000000000000000000000000000000000000010000000010000000000000000000000000000000
000000000000000000000000000000000000000000000000000000000000000000000000000000000000000000000000000000000000000000000000000000000000000000000000000000000000000000000000000000010000001000111100110010001101000010001110010110000100000101000111100110010010101100100001001000001011101000000110001110110101
000000000000000000000000000000000000000000000000000000000000000000000000000000000000000000000000000000000000000000000000000000000000000000000000000000000000000000000000000000000000000000000000000000000000010000010000000000000000000000000000000001000000000000000000000010000000010000000000000000000000
000000000000000000000000000000000000000000000000000000000000000000000000000000000000000000000000000000000000000000000000000000000000000000000000000000000000000000000000000000000000001000111100010010001101000010001110010110000100000101000111000110010010101100100001001000001011101000000110001110110101
000000000000000000000000000000000000000000000000000000000000000000000000000000000000000000000000000000000000000000000000000000000000000000000000000000000000000000000000000000000000100000000000000000000000000000000000000000000000000000000000000000000000000000000010000000000000000001000000000001000000
000000000000000000000000000000000000000000000000000000000000000000000000000000000000000000000000000000000000000000000000000000000000000000000000000000000000000000000000000000000000010000000000000000000000000000000000000000000000000000000000000000000000000010000000100000000000000000000000000001000000
000000000000000000000000000000000000000000000000000000000000000000000000000000000000000000000000000000000000000000000000000000000000000000000000000000000000000000000000000000000000000001000000000000000000000000100000100000000000000000000000000000000000010000000000000000000000000000000000000000000000
000000000000000000000000000000000000000000000000000000000000000000000000000000000000000000000000000000000000000000000000000000000000000000000000000000000000000000000000000000000000000000000000000000000000000000000000000000000000000000000000000000000000000000000000000000000000000000000000000001000000
000000000000000000000000000000000000000000000000000000000000000000000000000000000000000000000000000000000000000000000000000000000000000000000000000000000000000000000000000000000000000000000000000000000000000000000000000000000000000000000000000000000000000000000010000000000000000000000000000000000000
000000000000000000000000000000000000000000000000000000000000000000000000000000000000000000000000000000000000000000000000000000000000000000000000000000000000000000000000000000000000000000000000000000000000010000000000000000000000000000001000000001000000000000000000100000000000000000000000000000000000
000000000000000000000000000000000000000000000000000000000000000000000000000000000000000000000000000000000000000000000000000000000000000000000000000000000000000000000000000000000000000000111100110010001101000010001110010110000100000101000111100110010010101100100001001000001011101000000110001110110101
000000000000000000000000000000000000000000000000000000000000000000000000000000000000000000000000000000000000000000000000000000000000000000000000000000000000000000000000000000000000000000000000000000000010100000000000000000000000001000000000010000000000000000001000000000000000000001000000000001000000
000000000000000000000000000000000000000000000000000000000000000000000000000000000000000000000000000000000000000000000000000000000000000000000000000000000000000000000000000000000000000000000000000000000000000000000000001000000000000000000000000000000000000000000000000000010000000000001000000000000000
000000000000000000000000000000000000000000000000000000000000000000000000000000000000000000000000000000000000000000000000000000000000000000000000000000000000000000000000000000000000000000000000000000000000000000100000100000000000000000000000000000000000010000000000000000000000000000000000000000000000
000000000000000000000000000000000000000000000000000000000000000000000000000000000000000000000000000000000000000000000000000000000000000000000000000000000000000000000000000000000000000000011100110010001101000010001010010100000100000101000101100110010010001100100001001000001011101000000110000110110100
000000000000000000000000000000000000000000000000000000000000000000000000000000000000000000000000000000000000000000000000000000000000000000000000000000000000000000000000000000000000000000001100110010001101000010001110010110000100000101000111100110010010101100100001001000001011101000000110001110110101
000000000000000000000000000000000000000000000000000000000000000000000000000000000000000000000000000000000000000000000000000000000000000000000000000000000000000000000000000000000000000000000100110010001101000010001110010110000100000101000111100110010010101100100001001000001011101000000110001110100101
000000000000000000000000000000000000000000000000000000000000000000000000000000000000000000000000000000000000000000000000000000000000000000000000000000000000000000000000000000000000000000000000110010001101000010001110010110000100000101000111100110010010101100100001001000001011101000000110001110110101
000000000000000000000000000000000000000000000000000000000000000000000000000000000000000000000000000000000000000000000000000000000000000000000000000000000000000000000000000000000000000000000000000000000000000000000000000000100000000000000000000000001000000000000000000000000000000000000001000000000000
000000000000000000000000000000000000000000000000000000000000000000000000000000000000000000000000000000000000000000000000000000000000000000000000000000000000000000000000000000000000000000000000000000000000000000000000000000000000000000000000000000000000000000000000000000000000000000000000000000000000
000000000000000000000000000000000000000000000000000000000000000000000000000000000000000000000000000000000000000000000000000000000000000000000000000000000000000000000000000000000000000000000000010010001101000010001010010100000100000101000111100110010010001000100001001000001011101000000110000110110100
000000000000000000000000000000000000000000000000000000000000000000000000000000000000000000000000000000000000000000000000000000000000000000000000000000000000000000000000000000000000000000000000000010001101000010001110010110000100000101000111100110010010101100100001001000001011101000000110001110110101
000000000000000000000000000000000000000000000000000000000000000000000000000000000000000000000000000000000000000000000000000000000000000000000000000000000000000000000000000000000000000000000000000000000000000000000000000000000000000000000000000000000000000000000000000000000000000000000000000000000010
000000000000000000000000000000000000000000000000000000000000000000000000000000000000000000000000000000000000000000000000000000000000000000000000000000000000000000000000000000000000000000000000000001000000000000000000000001000000000000000000000000000000000000010000000010000000000000000000000000000000
000000000000000000000000000000000000000000000000000000000000000000000000000000000000000000000000000000000000000000000000000000000000000000000000000000000000000000000000000000000000000000000000000000001101000010001110010110000100000101000111100110010010101100100001001000001011101000000110001110110101
000000000000000000000000000000000000000000000000000000000000000000000000000000000000000000000000000000000000000000000000000000000000000000000000000000000000000000000000000000000000000000000000000000000000000000000000000001000000000000000000000000000000000000010000000010000000000000000000000000000000
000000000000000000000000000000000000000000000000000000000000000000000000000000000000000000000000000000000000000000000000000000000000000000000000000000000000000000000000000000000000000000000000000000000000000000000000000000000000000000000000000000000000000000000000000000000000000000000000000000000000
000000000000000000000000000000000000000000000000000000000000000000000000000000000000000000000000000000000000000000000000000000000000000000000000000000000000000000000000000000000000000000000000000000000000000100000000000000000000100000001000000000000000000000000000000001000100000000000000000000000000
000000000000000000000000000000000000000000000000000000000000000000000000000000000000000000000000000000000000000000000000000000000000000000000000000000000000000000000000000000000000000000000000000000000101000010001010010110000100000101000101100100010010001100100001001000001011101000000110001110110100
000000000000000000000000000000000000000000000000000000000000000000000000000000000000000000000000000000000000000000000000000000000000000000000000000000000000000000000000000000000000000000000000000000000001000010001110010110000100000101000111100110010010101100100001001000001011101000000110001110110101
000000000000000000000000000000000000000000000000000000000000000000000000000000000000000000000000000000000000000000000000000000000000000000000000000000000000000000000000000000000000000000000000000000000000100000000000000000000000001000000000010000000000000000001000000000000000000001000000000001000000
000000000000000000000000000000000000000000000000000000000000000000000000000000000000000000000000000000000000000000000000000000000000000000000000000000000000000000000000000000000000000000000000000000000000000010001110010110000100000101000111100110010010101100100001001000001011101000000110001110110101
000000000000000000000000000000000000000000000000000000000000000000000000000000000000000000000000000000000000000000000000000000000000000000000000000000000000000000000000000000000000000000000000000000000000000000000000000000000000001000000000010000000000000000001000000000000000000001000000000001000000
000000000000000000000000000000000000000000000000000000000000000000000000000000000000000000000000000000000000000000000000000000000000000000000000000000000000000000000000000000000000000000000000000000000000000000010000000001000000000000000000000001000000000000000000100010000000010000000000000000000000
000000000000000000000000000000000000000000000000000000000000000000000000000000000000000000000000000000000000000000000000000000000000000000000000000000000000000000000000000000000000000000000000000000000000000000000000000000000000000000000000000000000000000000000000000000000000000100000000000000000000
000000000000000000000000000000000000000000000000000000000000000000000000000000000000000000000000000000000000000000000000000000000000000000000000000000000000000000000000000000000000000000000000000000000000000000000000000000000000100000001000000000000000000000000000000001000100000000000000000000000000
000000000000000000000000000000000000000000000000000000000000000000000000000000000000000000000000000000000000000000000000000000000000000000000000000000000000000000000000000000000000000000000000000000000000000000001110010110000100000101000111100110010010101100100001001000001011101000000110001110110101
000000000000000000000000000000000000000000000000000000000000000000000000000000000000000000000000000000000000000000000000000000000000000000000000000000000000000000000000000000000000000000000000000000000000000000000000000000000000000010000000000000100000000000000000000000000000000000000000000000000000
000000000000000000000000000000000000000000000000000000000000000000000000000000000000000000000000000000000000000000000000000000000000000000000000000000000000000000000000000000000000000000000000000000000000000000000000100000000000000000000000000000000000010000000100000000000000000000000000000000000000
000000000000000000000000000000000000000000000000000000000000000000000000000000000000000000000000000000000000000000000000000000000000000000000000000000000000000000000000000000000000000000000000000000000000000000000000000001000000000000000000000001000000000000000000000000000000010000000000000000000000
000000000000000000000000000000000000000000000000000000000000000000000000000000000000000000000000000000000000000000000000000000000000000000000000000000000000000000000000000000000000000000000000000000000000000000000110010110000100000101000111100110010010101100100001001000001011101000000110001110110100
000000000000000000000000000000000000000000000000000000000000000000000000000000000000000000000000000000000000000000000000000000000000000000000000000000000000000000000000000000000000000000000000000000000000000000000010010110000100000101000111100110010010101100100001001000001011101000000110001110100101
000000000000000000000000000000000000000000000000000000000000000000000000000000000000000000000000000000000000000000000000000000000000000000000000000000000000000000000000000000000000000000000000000000000000000000000000010110000100000101000111100110010010101100100001001000001011101000000110001110110101
000000000000000000000000000000000000000000000000000000000000000000000000000000000000000000000000000000000000000000000000000000000000000000000000000000000000000000000000000000000000000000000000000000000000000000000000000000000000000000100000000000000000000000000000000000000000000000100000100000000000
000000000000000000000000000000000000000000000000000000000000000000000000000000000000000000000000000000000000000000000000000000000000000000000000000000000000000000000000000000000000000000000000000000000000000000000000000000000000000000000000000000000000010000000000000000000000000000000000000000000000
000000000000000000000000000000000000000000000000000000000000000000000000000000000000000000000000000000000000000000000000000000000000000000000000000000000000000000000000000000000000000000000000000000000000000000000000000110000100000101000111100110010010101100100001001000001011101000000110001110110100
000000000000000000000000000000000000000000000000000000000000000000000000000000000000000000000000000000000000000000000000000000000000000000000000000000000000000000000000000000000000000000000000000000000000000000000000000000000000000000000000000000000000000000000000000000010000000000001000000000000000
000000000000000000000000000000000000000000000000000000000000000000000000000000000000000000000000000000000000000000000000000000000000000000000000000000000000000000000000000000000000000000000000000000000000000000000000000010000100000101000111100110010010101100100001001000001011101000000110001110110101
000000000000000000000000000000000000000000000000000000000000000000000000000000000000000000000000000000000000000000000000000000000000000000000000000000000000000000000000000000000000000000000000000000000000000000000000000000000100000101000111000110010010101100100001001000001011100000000110001110100101
000000000000000000000000000000000000000000000000000000000000000000000000000000000000000000000000000000000000000000000000000000000000000000000000000000000000000000000000000000000000000000000000000000000000000000000000000000000000000000000000000001000000000000010000000010000000010000000000000000000000
000000000000000000000000000000000000000000000000000000000000000000000000000000000000000000000000000000000000000000000000000000000000000000000000000000000000000000000000000000000000000000000000000000000000000000000000000000000000000000000000000000001000000000000000000000000000000000000001000000000000
000000000000000000000000000000000000000000000000000000000000000000000000000000000000000000000000000000000000000000000000000000000000000000000000000000000000000000000000000000000000000000000000000000000000000000000000000000000000000000000000001000100000000000000000000000000000000000010000000000000000
000000000000000000000000000000000000000000000000000000000000000000000000000000000000000000000000000000000000000000000000000000000000000000000000000000000000000000000000000000000000000000000000000000000000000000000000000000000000000000000000000000000000000000000000000000000000000000000000000000000000
000000000000000000000000000000000000000000000000000000000000000000000000000000000000000000000000000000000000000000000000000000000000000000000000000000000000000000000000000000000000000000000000000000000000000000000000000000000000000101000111100110010010101100100001001000001011101000000110001110110101
000000000000000000000000000000000000000000000000000000000000000000000000000000000000000000000000000000000000000000000000000000000000000000000000000000000000000000000000000000000000000000000000000000000000000000000000000000000000000000000000000000000000000000000000000000000000000000000000000000000000
000000000000000000000000000000000000000000000000000000000000000000000000000000000000000000000000000000000000000000000000000000000000000000000000000000000000000000000000000000000000000000000000000000000000000000000000000000000000000000000000000000000000000000000000000000000000000000000000000000000000
000000000000000000000000000000000000000000000000000000000000000000000000000000000000000000000000000000000000000000000000000000000000000000000000000000000000000000000000000000000000000000000000000000000000000000000000000000000000000000001000000000000000000000000000000001000100000000000000000000000000
000000000000000000000000000000000000000000000000000000000000000000000000000000000000000000000000000000000000000000000000000000000000000000000000000000000000000000000000000000000000000000000000000000000000000000000000000000000000000000000000000000000000000000000000000000000000000000000000000000000000
000000000000000000000000000000000000000000000000000000000000000000000000000000000000000000000000000000000000000000000000000000000000000000000000000000000000000000000000000000000000000000000000000000000000000000000000000000000000000000001000010000000000000000001000000000000000000001000000000000000000
000000000000000000000000000000000000000000000000000000000000000000000000000000000000000000000000000000000000000000000000000000000000000000000000000000000000000000000000000000000000000000000000000000000000000000000000000000000000000001000111100110010010101100100001001000001011101000000110001110110101
000000000000000000000000000000000000000000000000000000000000000000000000000000000000000000000000000000000000000000000000000000000000000000000000000000000000000000000000000000000000000000000000000000000000000000000000000000000000000000000000000000100000000000000000000000000000000000000000000000000000
000000000000000000000000000000000000000000000000000000000000000000000000000000000000000000000000000000000000000000000000000000000000000000000000000000000000000000000000000000000000000000000000000000000000000000000000000000000000000000000111100110010010101100100001001000001011101000000110001110110101
000000000000000000000000000000000000000000000000000000000000000000000000000000000000000000000000000000000000000000000000000000000000000000000000000000000000000000000000000000000000000000000000000000000000000000000000000000000000000000000000000000000000000000000000000000000000000000100000100000000000
000000000000000000000000000000000000000000000000000000000000000000000000000000000000000000000000000000000000000000000000000000000000000000000000000000000000000000000000000000000000000000000000000000000000000000000000000000000000000000000000000000000000000000000000000000000000000000000000000000000000
000000000000000000000000000000000000000000000000000000000000000000000000000000000000000000000000000000000000000000000000000000000000000000000000000000000000000000000000000000000000000000000000000000000000000000000000000000000000000000000000000000000000000000000000100001000100000000000000000000000000
000000000000000000000000000000000000000000000000000000000000000000000000000000000000000000000000000000000000000000000000000000000000000000000000000000000000000000000000000000000000000000000000000000000000000000000000000000000000000000000011100110010010101100100001001000001011101000000110001110110101
000000000000000000000000000000000000000000000000000000000000000000000000000000000000000000000000000000000000000000000000000000000000000000000000000000000000000000000000000000000000000000000000000000000000000000000000000000000000000000000001000110010010100100100001001000001011100000000110001110100101
000000000000000000000000000000000000000000000000000000000000000000000000000000000000000000000000000000000000000000000000000000000000000000000000000000000000000000000000000000000000000000000000000000000000000000000000000000000000000000000000100110010010101100100001001000001011101000000110001110110101
000000000000000000000000000000000000000000000000000000000000000000000000000000000000000000000000000000000000000000000000000000000000000000000000000000000000000000000000000000000000000000000000000000000000000000000000000000000000000000000000000110010010001100100001001000001011101000000110001110110101
000000000000000000000000000000000000000000000000000000000000000000000000000000000000000000000000000000000000000000000000000000000000000000000000000000000000000000000000000000000000000000000000000000000000000000000000000000000000000000000000000000000000000000001000000000000000000001000000000001000000
000000000000000000000000000000000000000000000000000000000000000000000000000000000000000000000000000000000000000000000000000000000000000000000000000000000000000000000000000000000000000000000000000000000000000000000000000000000000000000000000000000100000000000000000000000000000000000010000000000000000
000000000000000000000000000000000000000000000000000000000000000000000000000000000000000000000000000000000000000000000000000000000000000000000000000000000000000000000000000000000000000000000000000000000000000000000000000000000000000000000000000010010010101100100001001000001011101000000110001110110101
000000000000000000000000000000000000000000000000000000000000000000000000000000000000000000000000000000000000000000000000000000000000000000000000000000000000000000000000000000000000000000000000000000000000000000000000000000000000000000000000000000010010101100100001001000001011100000000110001110110101
000000000000000000000000000000000000000000000000000000000000000000000000000000000000000000000000000000000000000000000000000000000000000000000000000000000000000000000000000000000000000000000000000000000000000000000000000000000000000000000000000000000000000010000000100010000000010000000000000000000000
000000000000000000000000000000000000000000000000000000000000000000000000000000000000000000000000000000000000000000000000000000000000000000000000000000000000000000000000000000000000000000000000000000000000000000000000000000000000000000000000000000000000000000000000000000000000000000010000000000000000
000000000000000000000000000000000000000000000000000000000000000000000000000000000000000000000000000000000000000000000000000000000000000000000000000000000000000000000000000000000000000000000000000000000000000000000000000000000000000000000000000000000010101100100001001000001011101000000110001110110101
000000000000000000000000000000000000000000000000000000000000000000000000000000000000000000000000000000000000000000000000000000000000000000000000000000000000000000000000000000000000000000000000000000000000000000000000000000000000000000000000000000000000000000000000000000000000000000000001000000000000
000000000000000000000000000000000000000000000000000000000000000000000000000000000000000000000000000000000000000000000000000000000000000000000000000000000000000000000000000000000000000000000000000000000000000000000000000000000000000000000000000000000000000000000000000000000000000000000000000000000000
000000000000000000000000000000000000000000000000000000000000000000000000000000000000000000000000000000000000000000000000000000000000000000000000000000000000000000000000000000000000000000000000000000000000000000000000000000000000000000000000000000000000101100100001001000001011101000000110001110110101
000000000000000000000000000000000000000000000000000000000000000000000000000000000000000000000000000000000000000000000000000000000000000000000000000000000000000000000000000000000000000000000000000000000000000000000000000000000000000000000000000000000000000000000000000000000000000000000000000000000000
000000000000000000000000000000000000000000000000000000000000000000000000000000000000000000000000000000000000000000000000000000000000000000000000000000000000000000000000000000000000000000000000000000000000000000000000000000000000000000000000000000000000001100100001001000001010101000000110001110110101
000000000000000000000000000000000000000000000000000000000000000000000000000000000000000000000000000000000000000000000000000000000000000000000000000000000000000000000000000000000000000000000000000000000000000000000000000000000000000000000000000000000000000000000000000000000000000000000000000000000000
000000000000000000000000000000000000000000000000000000000000000000000000000000000000000000000000000000000000000000000000000000000000000000000000000000000000000000000000000000000000000000000000000000000000000000000000000000000000000000000000000000000000000100100001001000001011101000000110001110110100
000000000000000000000000000000000000000000000000000000000000000000000000000000000000000000000000000000000000000000000000000000000000000000000000000000000000000000000000000000000000000000000000000000000000000000000000000000000000000000000000000000000000000000100001001000001011101000000110001110110101
000000000000000000000000000000000000000000000000000000000000000000000000000000000000000000000000000000000000000000000000000000000000000000000000000000000000000000000000000000000000000000000000000000000000000000000000000000000000000000000000000000000000000000000000000000100000000000000000000000000000
000000000000000000000000000000000000000000000000000000000000000000000000000000000000000000000000000000000000000000000000000000000000000000000000000000000000000000000000000000000000000000000000000000000000000000000000000000000000000000000000000000000000000000000000000000000000000000000000000000000000
000000000000000000000000000000000000000000000000000000000000000000000000000000000000000000000000000000000000000000000000000000000000000000000000000000000000000000000000000000000000000000000000000000000000000000000000000000000000000000000000000000000000000000000001001000001011101000000110001110110101
000000000000000000000000000000000000000000000000000000000000000000000000000000000000000000000000000000000000000000000000000000000000000000000000000000000000000000000000000000000000000000000000000000000000000000000000000000000000000000000000000000000000000000000000000010000000010000000000000000000000
000000000000000000000000000000000000000000000000000000000000000000000000000000000000000000000000000000000000000000000000000000000000000000000000000000000000000000000000000000000000000000000000000000000000000000000000000000000000000000000000000000000000000000000000000000000000000001000000000000000000
000000000000000000000000000000000000000000000000000000000000000000000000000000000000000000000000000000000000000000000000000000000000000000000000000000000000000000000000000000000000000000000000000000000000000000000000000000000000000000000000000000000000000000000000000000000000000000000000000000000000
000000000000000000000000000000000000000000000000000000000000000000000000000000000000000000000000000000000000000000000000000000000000000000000000000000000000000000000000000000000000000000000000000000000000000000000000000000000000000000000000000000000000000000000000000000000000000000000000000000000000
000000000000000000000000000000000000000000000000000000000000000000000000000000000000000000000000000000000000000000000000000000000000000000000000000000000000000000000000000000000000000000000000000000000000000000000000000000000000000000000000000000000000000000000000001000001011101000000110001110110101
000000000000000000000000000000000000000000000000000000000000000000000000000000000000000000000000000000000000000000000000000000000000000000000000000000000000000000000000000000000000000000000000000000000000000000000000000000000000000000000000000000000000000000000000000000000000000000000000000000000000
000000000000000000000000000000000000000000000000000000000000000000000000000000000000000000000000000000000000000000000000000000000000000000000000000000000000000000000000000000000000000000000000000000000000000000000000000000000000000000000000000000000000000000000000000000000000000000000000000000000000
000000000000000000000000000000000000000000000000000000000000000000000000000000000000000000000000000000000000000000000000000000000000000000000000000000000000000000000000000000000000000000000000000000000000000000000000000000000000000000000000000000000000000000000000000000001011101000000110001110110101
000000000000000000000000000000000000000000000000000000000000000000000000000000000000000000000000000000000000000000000000000000000000000000000000000000000000000000000000000000000000000000000000000000000000000000000000000000000000000000000000000000000000000000000000000000000000000000000000000000000000
000000000000000000000000000000000000000000000000000000000000000000000000000000000000000000000000000000000000000000000000000000000000000000000000000000000000000000000000000000000000000000000000000000000000000000000000000000000000000000000000000000000000000000000000000000000000000000000000000000000000
000000000000000000000000000000000000000000000000000000000000000000000000000000000000000000000000000000000000000000000000000000000000000000000000000000000000000000000000000000000000000000000000000000000000000000000000000000000000000000000000000000000000000000000000000000000100000000000000000000000000
000000000000000000000000000000000000000000000000000000000000000000000000000000000000000000000000000000000000000000000000000000000000000000000000000000000000000000000000000000000000000000000000000000000000000000000000000000000000000000000000000000000000000000000000000000000000000000000000000000000000
000000000000000000000000000000000000000000000000000000000000000000000000000000000000000000000000000000000000000000000000000000000000000000000000000000000000000000000000000000000000000000000000000000000000000000000000000000000000000000000000000000000000000000000000000000000000000000001000000000000000
000000000000000000000000000000000000000000000000000000000000000000000000000000000000000000000000000000000000000000000000000000000000000000000000000000000000000000000000000000000000000000000000000000000000000000000000000000000000000000000000000000000000000000000000000000000011101000000110001110110101
000000000000000000000000000000000000000000000000000000000000000000000000000000000000000000000000000000000000000000000000000000000000000000000000000000000000000000000000000000000000000000000000000000000000000000000000000000000000000000000000000000000000000000000000000000000000000000000000000000000000
000000000000000000000000000000000000000000000000000000000000000000000000000000000000000000000000000000000000000000000000000000000000000000000000000000000000000000000000000000000000000000000000000000000000000000000000000000000000000000000000000000000000000000000000000000000001101000000110001110110101
000000000000000000000000000000000000000000000000000000000000000000000000000000000000000000000000000000000000000000000000000000000000000000000000000000000000000000000000000000000000000000000000000000000000000000000000000000000000000000000000000000000000000000000000000000000000101000000110001110110101
000000000000000000000000000000000000000000000000000000000000000000000000000000000000000000000000000000000000000000000000000000000000000000000000000000000000000000000000000000000000000000000000000000000000000000000000000000000000000000000000000000000000000000000000000000000000001000000110001110110101
000000000000000000000000000000000000000000000000000000000000000000000000000000000000000000000000000000000000000000000000000000000000000000000000000000000000000000000000000000000000000000000000000000000000000000000000000000000000000000000000000000000000000000000000000000000000000000000000000000000000
000000000000000000000000000000000000000000000000000000000000000000000000000000000000000000000000000000000000000000000000000000000000000000000000000000000000000000000000000000000000000000000000000000000000000000000000000000000000000000000000000000000000000000000000000000000000000000000110001110110100
000000000000000000000000000000000000000000000000000000000000000000000000000000000000000000000000000000000000000000000000000000000000000000000000000000000000000000000000000000000000000000000000000000000000000000000000000000000000000000000000000000000000000000000000000000000000000000000000000000000000
000000000000000000000000000000000000000000000000000000000000000000000000000000000000000000000000000000000000000000000000000000000000000000000000000000000000000000000000000000000000000000000000000000000000000000000000000000000000000000000000000000000000000000000000000000000000000000000000000000000000
000000000000000000000000000000000000000000000000000000000000000000000000000000000000000000000000000000000000000000000000000000000000000000000000000000000000000000000000000000000000000000000000000000000000000000000000000000000000000000000000000000000000000000000000000000000000000000000000000001000000
000000000000000000000000000000000000000000000000000000000000000000000000000000000000000000000000000000000000000000000000000000000000000000000000000000000000000000000000000000000000000000000000000000000000000000000000000000000000000000000000000000000000000000000000000000000000000000000000100000000000
000000000000000000000000000000000000000000000000000000000000000000000000000000000000000000000000000000000000000000000000000000000000000000000000000000000000000000000000000000000000000000000000000000000000000000000000000000000000000000000000000000000000000000000000000000000000000000000000000000000000
000000000000000000000000000000000000000000000000000000000000000000000000000000000000000000000000000000000000000000000000000000000000000000000000000000000000000000000000000000000000000000000000000000000000000000000000000000000000000000000000000000000000000000000000000000000000000000000000000000000000
000000000000000000000000000000000000000000000000000000000000000000000000000000000000000000000000000000000000000000000000000000000000000000000000000000000000000000000000000000000000000000000000000000000000000000000000000000000000000000000000000000000000000000000000000000000000000000000010001110110101
000000000000000000000000000000000000000000000000000000000000000000000000000000000000000000000000000000000000000000000000000000000000000000000000000000000000000000000000000000000000000000000000000000000000000000000000000000000000000000000000000000000000000000000000000000000000000000000000001110110101
000000000000000000000000000000000000000000000000000000000000000000000000000000000000000000000000000000000000000000000000000000000000000000000000000000000000000000000000000000000000000000000000000000000000000000000000000000000000000000000000000000000000000000000000000000000000000000000000000000000000
000000000000000000000000000000000000000000000000000000000000000000000000000000000000000000000000000000000000000000000000000000000000000000000000000000000000000000000000000000000000000000000000000000000000000000000000000000000000000000000000000000000000000000000000000000000000000000000000000000000000
000000000000000000000000000000000000000000000000000000000000000000000000000000000000000000000000000000000000000000000000000000000000000000000000000000000000000000000000000000000000000000000000000000000000000000000000000000000000000000000000000000000000000000000000000000000000000000000000000000000000
000000000000000000000000000000000000000000000000000000000000000000000000000000000000000000000000000000000000000000000000000000000000000000000000000000000000000000000000000000000000000000000000000000000000000000000000000000000000000000000000000000000000000000000000000000000000000000000000000110110101
000000000000000000000000000000000000000000000000000000000000000000000000000000000000000000000000000000000000000000000000000000000000000000000000000000000000000000000000000000000000000000000000000000000000000000000000000000000000000000000000000000000000000000000000000000000000000000000000000010110101
000000000000000000000000000000000000000000000000000000000000000000000000000000000000000000000000000000000000000000000000000000000000000000000000000000000000000000000000000000000000000000000000000000000000000000000000000000000000000000000000000000000000000000000000000000000000000000000000000000110101
000000000000000000000000000000000000000000000000000000000000000000000000000000000000000000000000000000000000000000000000000000000000000000000000000000000000000000000000000000000000000000000000000000000000000000000000000000000000000000000000000000000000000000000000000000000000000000000000000000000000
000000000000000000000000000000000000000000000000000000000000000000000000000000000000000000000000000000000000000000000000000000000000000000000000000000000000000000000000000000000000000000000000000000000000000000000000000000000000000000000000000000000000000000000000000000000000000000000000000000010101
000000000000000000000000000000000000000000000000000000000000000000000000000000000000000000000000000000000000000000000000000000000000000000000000000000000000000000000000000000000000000000000000000000000000000000000000000000000000000000000000000000000000000000000000000000000000000000000000000000000000
000000000000000000000000000000000000000000000000000000000000000000000000000000000000000000000000000000000000000000000000000000000000000000000000000000000000000000000000000000000000000000000000000000000000000000000000000000000000000000000000000000000000000000000000000000000000000000000000000000000000
000000000000000000000000000000000000000000000000000000000000000000000000000000000000000000000000000000000000000000000000000000000000000000000000000000000000000000000000000000000000000000000000000000000000000000000000000000000000000000000000000000000000000000000000000000000000000000000000000000000001
000000000000000000000000000000000000000000000000000000000000000000000000000000000000000000000000000000000000000000000000000000000000000000000000000000000000000000000000000000000000000000000000000000000000000000000000000000000000000000000000000000000000000000000000000000000000000000000000000000000000
000000000000000000000000000000000000000000000000000000000000000000000000000000000000000000000000000000000000000000000000000000000000000000000000000000000000000000000000000000000000000000000000000000000000000000000000000000000000000000000000000000000000000000000000000000000000000000000000000000000000
