001110011111100011101111100011101111101001001111011101101111011001100101010010100000110011111110111010111101011010011010111011000011010101111000011111111111001101011110110110001111001100011101110010110011011111100010110101101100001100111111101110111010111101011001101101110011111101010111100110110100
001000000000001000000010010101000111010010000101100110000011000101000111000011111000000010110000010000000011100110000010111100100101110100100010011010000101000000001100010110001001000110101110010100000000101110100010110110001101100001100100000100001010000100000101000110001101010101100011000001010001
000100011110110011101111100011101101101011001111111101101111011000100011010010100001010010111110111000111111111110101010101111000011010101111000011011100111011110011011110110001110001110111111110010110111011111101010110101101101011101011111101010110000111101011101111101110111111101010111100111111100
000000011110110011111100110010101001101000001111011001101111011000111001010010100101010111100110111000011100111000011010001011000011010101110001011111101100001111010010010110001110000000010001110101110111010111101010110011101100001001101111111010110010111101011100111001110011111001010100100100110000
000000010100000000000000100000001000100000000000010001001001000000100000000000100000010000101000000000101000000000001000000010000000000100001000000101000010000100000000000000000100000000000000110000100001010100000010000000100000000000000000100000100000011001000000101000000010100000000100000010100000
000000000000000000000000000000000000000000000000000000000000000000000000000000000000000000000000000000000000000000000000000000000000000000000000000000000000000000000000000000000000000000000000000000000000000000000000000000000000000000000000000000000000000000000000000000000000000000000000000000000000
000000000000000000000000000000000000000000000000000000000000000000000000000000000000000000000000000000000000000000000000000000000000000000000000000000000000000000000000000000000000000000000001000000000000000000000000000000000000000000000000000000000000000000000000000000000000000000000000000000000000
000000001110110011101111110011101111101001000111011101101111011000101101010010101100110011111110011010111100111010011010111011000011110101111001011111101111000111011111110110001110001100011101110111110011010111100010110111101100001101111111101011110010111101011000111101111011111101010111100111110101
000000000111111011101111110011101001101011001111111101111111011001110000110010000101110000111110111011111101011001001010101111000010010101111001011111111111001111011011110001001110001111011101111001110111111111100000110001101100001000111011011011111000111101011100111101110011111101010101100110110000
000000000010110011101111110010101011101001101111011101111111011001111001010010100101010111111110111010111101011010011010111111000011010101111001011111111111001111010110110110001110001100011101110011110011011111111010110111101100001000111111111010110000111101011000111101111011111101010111100111111000
000000000000110010101101100000101011100101000010010001001001010000100101110000100000010111101000101111111100011000011000000011000110110101001000010101101111001111100000000110001110000000011001110100110111010101100010110000100100001000000011101111110000111001011001101101110011110100010111100110110000
000000000000001011010110100111000100010000101101100100011101011100000111110001001001100000111010011001100011111000000010111100100100100100101010001111100011000000000001001100000001000110101000100110010001111011011000110011001011100001001101000100101011010101000001111001001101001101000011111110100100
000000000000010001101110110010101100101001001111011111111111011000110011110010101101010011111110111001111101011010001010011111000111010101111001011111101111001111111110110110001110001110111111110011110111011111101010110011101111001000101111111010110010111101011001101101111111111101010111100110110000
000000000000000010101111110000101011000101001011011101011011010001111000010010101111000111011110101010111100011000111000111011000111110101011001010111101110011111111110010010001110000010010101110011010111010101101010000111100010001100010100111111010000111001001111111101110010111000110010100100111100
000000000000000000010010000000000100010010000101100100100101000100100110000001001000110000110000010000000011000110000010111100100100100000100010011000000101000000000101000000000011000110101110010110000000101010011000000110001111100001010100000100001011000100000001001100001100010101000011011000000000
000000000000000000000000000000000100001000000000000000000000000000000000000000000000000000000000000010000000001000000000000000000000000000000000010000000000000000000000000000100000000000000000000000000000000000000000001010000100000000100000100000000000000000000000000010000100000000000000000000000010
000000000000000001101101011010001001101001001010011001111011011001110000110110100100010110001111111011111101011001001000110111000110010001011001010001111110011111111010110011001010001111000101111101110111011111000010000001100000000100111110111011110000000000011111111001001010111000010100100110101100
000000000000000000111101110110101101101001001110011001111111011101010000010010100101110111001110101010011101111001001010111011000011010101111001010011111110001011110011110011001010001110110101110101110110001001100010010001101000000101011111111011110010011101011000111001111010111001011100101110110100
000000000000000000001111110110101011101001101111011101111111011000111101110000100101010111111110111001011101011000011010111011000011010101111001011011101111001111011110110110001110001110111001110111110111011111101010110101101100001000101111111010111010111101011010111100111011111101110111100111110101
000000000000000000001010000101000111010000100110000101000101000100000101100011001000100001110010010001000001100000000000111100000101100001000011000011000001100000001101101110000011000010111000000110100000101010001000110010000111000001100111001110101011000000010001000100001101011100000011100001010100
000000000000000000000110110010101011101001001111011101111111011001111001010010101101010111111110111000111101111010011010001111000111010101111001011111111111011111010110110110001110001000011001110111110111011111101010110011101101001001101111111010110010111101011100111111110011111001010110100110110000
000000000000000000000001110010101011111001001111011101111111011001100101110010100001110110111010111011111100111000011010111011000110110101111000011111101111001111011110110110001110001110011101110101110111110111101010110101101100001000111111101010110010111101011001111101110011111101010111100110110000
000000000000000000000001100111101100101111100111111111101111011101000111010011101000110000110110011000111111101110001010111110100111100101111010011011100111001100011111010100001101000110111011110110100111101110111000110110101110101001100111101101111010111101011011101100111111010101010111111101110001
000000000000000000000000100110101101101101001000011001101011101001100000010000100000010001101110101000111100001000011000101011000011010000011000000111101010101101011010110010001110001000010101110010111011000100100000000001000000001100111110001011110000111001010000101000111110111100000101100110000100
000000000000000000000000000010101101101001001111011101101111011000100101010011101101110011111110111000111111111010101010101111000111110101111000011111101011000111010010110110001110001100111101110001110111111111100010110001101111001101101111101010110010111101011000101101111011111101010111100111110101
000000000000000000000000001000101010000010001010111001111000010001111111100100100101010000001010101011101110110011001000010010100000010001011011010101111110001011010010100111100010001001000101111101010101010001000010000111000010100100011011110011010000111001011010111011110010111000010000000110100010
000000000000000000000000000000000001000000000000001000110000000000000000100000000000000000000000000001100000000000000000010000000100000000000000000100000100000001000000100010000000000001000000001100010000010000000000000001000000000000000000000010000000100000000001110010000000001000000000000000000000
000000000000000000000000000011000110010010100010100101000110000100000110000001001000100001110100010000000011100111000010110101100111110001110010000000000001000000010011010010000001000010111010100110000000101010101000000010000011100001101100000100001011000000000001000100001100010101000011001001000001
000000000000000000000000000001101101101001100111011101101111011001111101010011101101010000111110011000111101111010011010111111000011010101111000011111111111100101011110110110001110000100111101110101110011011111101010110101101100011100111111111011111010011101011101111001111111011101010111100110110101
000000000000000000000000000000000000110010000111011000000101011101000100000011001000110000100100110000001101100000000010111100000100100100100000011010001000000000000101000010000100000110100000000110000000101110011000010110001111000001100100010100101111000100010001000100010100000101000011010001100001
000000000000000000000000000000001111101001001111011101101111011001111001010010100101010111111110111010111101111000011010101111000011010101111001011111100111001111011110110110001110001100011001110111110111011111111010110111101100001000101111111010110010111101011100111001111111111101010111110111111101
000000000000000000000000000000000000000000000000000000000000000000000000000000000010000000000000000000000000000000000000000000000000000000000000000000000000000000000000000000000000000000000100000000000000000000000000000000000000000011000000000000000010000000000000000000001000000000000000000000000000
000000000000000000000000000000000110101011100111011101101011011001110101010010100100010011111110111010111101111010011010111011000011010100111001011111111111001111011010110110001110001100011001110011110111111111101010110001101100001100111111011011110000111101011001111101111011111101110111100111110101
000000000000000000000000000000000001110011100101101110000111001100000111010011101000110000110000011000011111001110000010111111100111100000100010011011101101001000000101010100101011101110111111010111100010101011111010111111001111101001111111001101011111110101010001000111001101101101000111110101110111
000000000000000000000000000000000000101010000010100001010011010001010010110010100101000001001010000101001011000111011000000011100110010100001001010011001110100111000000110010001101000001000011111101111100001100000010000000000000101000101000111000010000101001011011010100010010110000110000100000111000
000000000000000000000000000000000000101011001010111001101011011000110010110001100101010111100101111001111110101010011000010111100000010101010001011011101000111100110110110010001001000111010111010001101011000011000010010101101100111100011110011111111010101000011110101001111110111000010000000100010100
000000000000000000000000000000000000001001000111011101101111011001100101010011101000110011111110111010111101111010011010111011000111110101111001011111101111000111011110110110001110000100011101110111110111011111100010110111101111001001111111101010110010111101011001111101110011110101010111100111110101
000000000000000000000000000000000000000010000101110100000101000101000111100011001000100001110001010001100010000000000010111100100101100001100010001000100001001100000001001101100010000110111010100110000100100011111000110011001011100001100110000000011011000100000001000000101101000101010011011000000001
000000000000000000000000000000000000000011001101111111101110011001110110110010100100110111111110111001111111111110101010101111000111010101111001011011101110010111111010110010101100001100010111110011110011011111100010010001101100001100101111111010111000111101011100111111110010111101010111100111110100
000000000000000000000000000000000000000001000000000000001001001000100000000000000000000001000100100000000100000000000000000100000010000101000000000000001000000010101000000000000100000010010000110000000100000000000000000000000100000100000000000010010000100000000000000000000000100000000000000010000100
000000000000000000000000000000000000000001100111110110100011000101000111110011111000100010110001010001010011100110000010111101100111110100100010001010010101011010001100010110101011000110101011110100000100101010001010110110001101100101110110101100011000000100010101000110101101010101100011001000011001
000000000000000000000000000000000000000000000101010101101010011000101111010001101000010000011110101000111111101110101010011001100011010101111000011111111101010111011110110110001101001010011111110110110111011101101010110111101100110100011100101000101010111101011001101101111111111101110111100110111100
000000000000000000000000000000000000000000000011000100000100011000000101000010001000100000110100010000010001000010000010001100100010110100100000011000000001000000010001010110000001000110001001100010000000101010000000110000001100001001100001000100001010010100001000000100000001010101010001100001000001
000000000000000000000000000000000000000000000000000000000000000000000000000000000000000000000000000000000000000000000101000000010000000010000000100000000000000000000000000000000000010000000000000000000000000000000101000000010000000000000000000000000000000000000000000000000000000010000000000000000000
000000000000000000000000000000000000000000000010101001111110010001110100110000000101000110000110101011111101111001000010101110000011010001110001010011111100011111011010100001001110001101000101110001010010001101000010000001100000001100011110011011010010011001011110111001110010011001011000100100010100
000000000000000000000000000000000000000000000011110101111101011101101111110011101001110000111000011001111111111110001010111110100101101100110010011111100001101100010111100100001110001110111011010110110111111111111010110110101111101001101101011000101011111101010001101101110011011101000111111110110000
000000000000000000000000000000000000000000000001011001111111011000111000010011100100010011001111100010111000011011111000110010000011010100010001010101101100011111111010110010001100001010110001100101110111110101101010110010100010001000101011111111100010111001001100111100111011111000010110100110111101
000000000000000000000000000000000000000000000000111111101111011100100111010011101000110010110111011000111111111110001010111111100110110100111010011011000011001111000111010100001101000110111011110110100011101111111010110111101111101001101111111100101011111101010001101101111111110101000111110001110101
000000000000000000000000000000000000000000000000000110011111000101100111100011011000100010110011010001000011100110000010011100100101100100100011001010000001001000001100010110100001000110001010101110000100101010010010110100001101100101100100001000001010000100000001000110001101000101010011011001010101
000000000000000000000000000000000000000000000000001101101111011000110101010010101100010011111110011010111101111011011010101011000111010101111001011111111111000111011111110110001110001100011101110001110111011111100010110011101100001101111111111010101010111101011000101101110011111101010111100111110101
000000000000000000000000000000000000000000000000000101111111011001111101110010100101010110111110111011111100011001001010101111000011010001111001011011111111001111111011110101001110001111001101111101110011010011000010110001101100001100111111111011110010111101010010111101111111111101010111100110110100
000000000000000000000000000000000000000000000000000011101101001101000111010011101000110011111101010000011011100110011010111111100110110100110010001111000001011110010110010100001101000110101011110110100101111111111010110110101111100001101101001110101011011100010001010101111101010101010111110001111101
000000000000000000000000000000000000000000000000000000000000000100000011000010010000000011110000011000000110100110000010001100100000000000100000001000000001000000000100000100001001000100001010000000000000000010000000110100001100100000100100000100101000000100000000000100001101000101000011000001010001
000000000000000000000000000000000000000000000000000000111111011001110001010010100100110011111110111000011101111000111010101111000011010101111001011011101111010111110110110110001110001110111001110001110111011111101010110101101100011100001111111010110001111101011100111101111011111101110111100110111100
000000000000000000000000000000000000000000000000000000011111011000110000110000100101010110111111111011111101111011001010101111000011010101111001011111111111001111111110110001001110001111011111110011110011011011001010010001101100001100011111111011111010111101011010101001110010111101011101100100110100
000000000000000000000000000000000000000000000000000000001000010001011100110000100000000000001010100011001100110001001000010110000000010101011001010100111110001111010011100011100010001001000100111101110111000001000010000011100000000100011011110011010000101001001010111011110010011000010110100110100000
000000000000000000000000000000000000000000000000000000000111011000100001110010101001010111111010111011111100111000011010101111000111010101111000010111111111001111110110110100001110001100011101110110110111010111101010110111100010001100001111101111101010111101011000101101110011111101010111100110110001
000000000000000000000000000000000000000000000000000000000001011101010101010011101100110000111010011000101101111000000010111110100101101101110011011101100001000110010111010100001110000110111011110111110111111111111010110011101111001011101101111100111011101101011001101101111101011101110111111111010001
000000000000000000000000000000000000000000000000000000000000011000101111010011101001110010100110111000011111101110101010001111000011010101110010011011111111011111011110110110001011001110101111110111110111001111100010000101101100111100011111111111101000111101011100101101111110111101110111100100110101
000000000000000000000000000000000000000000000000000000000000001101100111010011101000110010110011011000001111001110001010111111000111110100110000011111000101001100001101100110001110000110111011010110100011001111101010110101101111111001100111101110111010011101011001101001111011111101110111100101110100
000000000000000000000000000000000000000000000000000000000000000001000000000000000000000000000000000000000000000000000000000000000000000000000000000000000000000000100000000000000000000000000000000000001000000000000000000000000000000000000000000000010000000000000000000000000000000000100000000000000000
000000000000000000000000000000000000000000000000000000000000001001111000010011100101010111101110101010111100011000011010001111000010010101111001011111110110011111110111100011001100000010010001110011110111010101101010010111101100011100101111111100110010111101011110111001111010111101010111100111110101
000000000000000000000000000000000000000000000000000000000000000101111101010011101100110010111110011000111101111010001010111111000011110101111001011111111111101101010111110110001110000110111101110100110011011111100010110101101100011100111111111011111010011101011001111101111111011101010111100110110101
000000000000000000000000000000000000000000000000000000000000000000000111000001001000100000110000010000000011000110000010111100100100100000100010001000000101000000001001000100000001000110101010100100000000101010011000100010001011100001000100000000001011000100000001000000001101000101000011011000000101
000000000000000000000000000000000000000000000000000000000000000000000000000000000000000000000000000000000000000000000000000000000000000000000000000000000000000000000000000000000000000000000000000001000000000000000000000000000000000000000000000000000000000000000010000000000000000000000000000000000000
000000000000000000000000000000000000000000000000000000000000000000011000010010100101010110011110101000000101111011111010100111000011010001111001000111101111011010111110110011001111000010001001110001001100001101000010100101001100011100101111011111111010110000010110111101111111011101000001100110011101
000000000000000000000000000000000000000000000000000000000000000000000101110010100001010111111010111011111100111010011010101111000111010101111000011111101111001111110110100110001110001101011101110110110111010101101010110111100111001100111111101011100000111101011000101101111011111001011110100110110100
000000000000000000000000000000000000000000000000000000000000000000001000000110100101000111000110101010000100011000110000000001000010010001010001010000101110010111010110100010001100000000010000100101110111000101100010010101100000011100001011111010110000111001001110110001110000011000010100100100011000
000000000000000000000000000000000000000000000000000000000000000000000001000100000101000100001110100000010101110011000000000000000000000001010001000001001101001011011110010110000000001001001001000001010100001001001000100000000010001000001001110001000000101000001100111000110011000000010000000000010000
000000000000000000000000000000000000000000000000000000000000000000000011110011001000110000111110010001111011101110000010111100100111110100110010001001000001000110011101011100000010000110111010100110100110101011111000110110001111100101100110001010101011100101010001101101101111100101100111011110110100
000000000000000000000000000000000000000000000000000000000000000000000001000011111000100010110000010000010011100110000010111100100100100100100010001010000001000000000100010110100001000110101010100100000000101010001010110100001101101001110100001100001000000100000001000110001101010101000011001001000001
000000000000000000000000000000000000000000000000000000000000000000000000010011101000110000111110111000111111111110001010111111100101111100111000011011101011000100001100110100101111000110111011110110100111011111111010110111101111101001100111101100101011111101111001101101011111111101000111110111110101
000000000000000000000000000000000000000000000000000000000000000000000000000000000000000000001000100011100011100011001000010001000001000001010000000100111100001111010010100010100110001001010000001100010111111001001010000011000000000100001010010010000010100000011001100010000000001000010000000110100000
000000000000000000000000000000000000000000000000000000000000000000000000000010100001110101111110011000011100111110001010001011000011110101111101011011101111011111110110110110001111001111011101110001110111000111100010110001101101011100101111111110111000011101011110111101111111111101110111100110110100
000000000000000000000000000000000000000000000000000000000000000000000000000000000000000000000000000000000000000000000000000000000000000000000000000000000000000000000000000000000000000000000000000000000000000000000000000000000000000000000000000000000000000000000000000000000000000000000000100000000000
000000000000000000000000000000000000000000000000000000000000000000000000000000000101000110000000000000100000010000000000000000000000010000001001000000000110000000000000100000000000000000000000000001000000000000000000000000000000000000001000110010000000001000001010010001000000000000010000000000100101
000000000000000000000000000000000000000000000000000000000000000000000000000001101100110000111110111000101011111110001010111111100011110100111000011010100011000010000101010100001101000110001011110111100011101111111010110111101111101001101101110110111011111100001001111110011111011101010011110111110001
000000000000000000000000000000000000000000000000000000000000000000000000000000001000110010110000010000001010000110000010111100100101100000100010001000000001000100000101001100101011000110111010001110000000110010111000110111001111100001100100001100001011100100010001000001101101000101000011011000010011
000000000000000000000000000000000000000000000000000000000000000000000000000000000000010011111110111000111110111110101010111011100011010100111001011111111111001111010100110110001110001110011011110111110111010111100010110101101100101100111111111110111000111101011101111101111011111101010111100110110000
000000000000000000000000000000000000000000000000000000000000000000000000000000000000000000000000000000000010000110000000000000100000000000000000000000000001000000000000000000000000000000001010000000000000000000000000100000000100100000000000000000000000000000000000000000000001000000000000000000000000
000000000000000000000000000000000000000000000000000000000000000000000000000000000000110000110010010000111111010110000010111100100111100001100010011010000001000110000101011100000001000110111010100110000110101010111000110110001111101001100100101100001011010101000001000100111101000101000011011000000000
000000000000000000000000000000000000000000000000000000000000000000000000000000000001010111001010101010001000011000011000000010000010010001011001010000101110001111010110110010001000001000010001100011110111010101100010010101101000011000001011110011110000111001001010110001110000011000010100100110010100
000000000000000000000000000000000000000000000000000000000000000000000000000000000000000000101000000000000000000000000000000000000000000000000000000000000000000000000000000000000000000000000000000000000000010000000000000000000000000010000000000000000000000000000000100000000000000100000001000010000000
000000000000000000000000000000000000000000000000000000000000000000000000000000000000000100001110101000010100111000001000010011000000110001010001010101010100001011011110010010001000001000000001000001110100010001001000000100101011101000111011110001000000111000011011011100111010000000010110100010010001
000000000000000000000000000000000000000000000000000000000000000000000000000000000000010010111000010000101010000000001010111100000100110100101010001010100011000100000101101100000101000110111010100100000001100010111000110110001111100001100100001000101011010101010001100100101111000101000011111010010111
000000000000000000000000000000000000000000000000000000000000000000000000000000000000000011111110011000111111111010011010011011000111110100111000011111011011000111011110110110001110001100011101110111110011011111101010110101101110001100111111101110111010111101011001111101110011111101010111100111110101
000000000000000000000000000000000000000000000000000000000000000000000000000000000000000000000000000000000000000000000000000000000000000000000000000000000000000000000000000000000000000000000000000000000000000000000000000000000000000000000000000000000000000000001000000000000000000000010000000000000000
000000000000000000000000000000000000000000000000000000000000000000000000000000000000000011000110101000010000010000001000000001000000010100000001010001101100000111010010100010000000001010010001010001110100000000100000000001100000000000000011110010010000101001001010011001110010101000010100000100000000
000000000000000000000000000000000000000000000000000000000000000000000000000000000000000001111111101000111110010111011000000011100011010101011011001101101111010111011110100010000100000010011011110101110101010101101010100100100001111100001011110110110000111001001010111000111011111100110101000110111101
000000000000000000000000000000000000000000000000000000000000000000000000000000000000000000010000001010001010010100110000010001000011000100011001011011000010000111010110000010000100000010110101110111110100000100100000000100100000001000000001110101110010111001011001011000110010110000010110100000011000
000000000000000000000000000000000000000000000000000000000000000000000000000000000000000000010110011000011111111110001010111111100111110101111010001011000011001110001111010100001111000110011011110110100011111110111010110110101111101001100101101100101011111101010001111100111111110101100111110001110001
000000000000000000000000000000000000000000000000000000000000000000000000000000000000000000001101010000011011100110011010111111100110110100110010001111000001011110010110010100001101000110101011110110100101111111111010110110101111100001101101001110101011011100010001110101111101010101010111110001111101
000000000000000000000000000000000000000000000000000000000000000000000000000000000000000000000110001001111100111010001000001111000111110101001001011111100111001111011011110110001110001000011101110011110011010101101010100001100000001101101011111000110010111001011000111101110011111100010101100111110101
000000000000000000000000000000000000000000000000000000000000000000000000000000000000000000000010011000111101111010111010101111000111010101110011011111111111011111011111110111001110001110111101110011110111011111101010100001101100001100111111111111111000111101011100111101111011011101010111100110111101
000000000000000000000000000000000000000000000000000000000000000000000000000000000000000000000000011100111111011010101010111111000011010101111001011111101111011111010011110110001110001100011001110111110111011111101010010101101100001001101111111010110000111101011100111101111010111101010111100111111100
000000000000000000000000000000000000000000000000000000000000000000000000000000000000000000000000010000000010000110000010001100000000000000100000001000101000000010000000000000000001000110000000000000000000000000001000000000001100000000000110000000000101000100000000000000001100000001000000000100001000
000000000000000000000000000000000000000000000000000000000000000000000000000000000000000000000000001011010100011001001000100011000010010101011001010001111110001101111010110111000010001111010101010101110111000001100010100001100000001100111011110011110000011001001001111001110011111000111100000100100100
000000000000000000000000000000000000000000000000000000000000000000000000000000000000000000000000001010101111011110001010111111100111110100110010011011100001001100001111010100101111000110111011100110100011111111111010110111101111101001101111001110101110011101010001111111111111011101000111111101110111
000000000000000000000000000000000000000000000000000000000000000000000000000000000000000000000000000010111100111010011010101111000011010101111001011111101111001101010110110110001100001110011101110011110111010111101010110101101100011100011111111010110010111101011001111111111111111101110111100111110100
000000000000000000000000000000000000000000000000000000000000000000000000000000000000000000000000000000000000100000100000000000000000000001000000000000000000110000000000000010000001000000000000000000000000000000000000000000000000010000000000000000000000000000000100000000000100100000000000000000001000
000000000000000000000000000000000000000000000000000000000000000000000000000000000000000000000000000001001100001000000000000011000011100001011001010100111110001111110010110001100010001001010100010000010001000111100000000001100010000101011011000111111000000001001001001011110110111000011100000110000000
000000000000000000000000000000000000000000000000000000000000000000000000000000000000000000000000000000100011100011001000010001000101000001010000000100111100001111010010100010100110001001010000001100010111111001001010000011000000000100001010010010000010100000011001100010000000001000010000000110100000
000000000000000000000000000000000000000000000000000000000000000000000000000000000000000000000000000000011101111010001000011111000101110101011000011111110011001110011011110100001110000010001101100110100111011111101010000011101011001101011111101000100010110101010010111011011010101000000110100110110101
000000000000000000000000000000000000000000000000000000000000000000000000000000000000000000000000000000001111101110000000001001000011010101111000010111111101110111011110110110001110001010011111110010110011011101101010100111101100111100011111101010110010111101011100101101111111111100110111100111110100
000000000000000000000000000000000000000000000000000000000000000000000000000000000000000000000000000000000100111010011010111011000011110100111001011111101011000111001111110110001110000100011101110111110011010111110010010111101100001101111111101011111010111101011010101101111010111101010111100111110101
000000000000000000000000000000000000000000000000000000000000000000000000000000000000000000000000000000000001111110001010101111000011010101111001011111111111000111011111110110001100001100111101110111110111011111101010110101101100011100001111111110110010111101011000111001110011111101110111100111111100
000000000000000000000000000000000000000000000000000000000000000000000000000000000000000000000000000000000001100110001010011100100100100100100010001010000001010010001100010110101001000110101010110100000000101010001010111100001111100101100100101100001000000100010101000100101101010101000011001001010011
000000000000000000000000000000000000000000000000000000000000000000000000000000000000000000000000000000000000111100001010111111100110111100110010001111000001001010001111000100001111000110111011010110110011011111111010110110001110101101101111100110101110101101010001110101011111011101100111111001110101
000000000000000000000000000000000000000000000000000000000000000000000000000000000000000000000000000000000000000110001010011111100101000001111000001100001101011001011010110110001110000100011010101110100011111100101000110111101100001101101100001000111010111101000000111101111011010001000110100011100101
000000000000000000000000000000000000000000000000000000000000000000000000000000000000000000000000000000000000001000011010101011000001110100101011011101101111001111011110100110001101001110011001110111110111011111101010110111101000001100101111110110110010111101011010111101111111111101010101100110110100
000000000000000000000000000000000000000000000000000000000000000000000000000000000000000000000000000000000000000110011010011111000111010101111101011111101111001101010010110110001110001110111101110111110111011111101010110101101110011000011111111011110010111101011001111111110111111101010111100110110000
000000000000000000000000000000000000000000000000000000000000000000000000000000000000000000000000000000000000000010000010011100100100100100100010001010000001000000101100010110100001000110001010010100000100101010000010110100001101100101100100101100001000000100010001000100001101000101000011001001010101
000000000000000000000000000000000000000000000000000000000000000000000000000000000000000000000000000000000000000000000010111100100111110101100010011111100001001110001110010110101001000110101110100100000010100110001010110100101101101100100100101000111010011101010000000110001101001101000011001111110011
000000000000000000000000000000000000000000000000000000000000000000000000000000000000000000000000000000000000000000000000000000000000000001010000000000111100000111010010100001000110001000000000100000010000000101000000000011000000000000011010000011010000000000000000000001000000001000000000000100000001
000000000000000000000000000000000000000000000000000000000000000000000000000000000000000000000000000000000000000000010000000001000000000000000000000011000000110010000000000000000100000000000000000000010000000100000010000100100000001100000000000000010000010000011100000000000000000000010000000000011000
000000000000000000000000000000000000000000000000000000000000000000000000000000000000000000000000000000000000000000000000000001000010000101000001010001010100010101000110100011001110000000010001010001110111000000100000000100101000001100101001110001111000101001001110010000110010110000010110000000111000
000000000000000000000000000000000000000000000000000000000000000000000000000000000000000000000000000000000000000000000010111011000111010100111001011111111111001111000100110110001110001100011001110110110111011111100010110111101100001101111111101011111000111101011001111101111011111101010111100111111100
000000000000000000000000000000000000000000000000000000000000000000000000000000000000000000000000000000000000000000000001000000000000000010000000000000000000000000000000000000000000010000000000000000000000000000000000000000000000000000000000000000000000000000000000000000000000000010000000000000000000
000000000000000000000000000000000000000000000000000000000000000000000000000000000000000000000000000000000000000000000000111110100111110100111010011011100011001101000101010100001111000110111011110110110011101111111010110111101111101001101111001110111011011101010101101101111111011101000111110101110101
000000000000000000000000000000000000000000000000000000000000000000000000000000000000000000000000000000000000000000000000000000000000000010000000100000000000000000000000000000000000010000000000000000000000000000000000000000010000000000000000000000000000000000000000000000000000000010000000000000000000
000000000000000000000000000000000000000000000000000000000000000000000000000000000000000000000000000000000000000000000000011101000101110100110011011010101101001101010111100100000111000110101001100110110001101111111000110111101111001001101101001110111111111100011010111101011101010101000111110101100001
000000000000000000000000000000000000000000000000000000000000000000000000000000000000000000000000000000000000000000000000001000100111110001100010011101100001000100000101001100001110000110111010100110100101111010111000110111101111100001101111101101101011010101000001101100111111001101000111011100100001
000000000000000000000000000000000000000000000000000000000000000000000000000000000000000000000000000000000000000000000000000111100111111101111000011011100001001100010111010100001111000110111111110110100011011110111010110111101111101001100111101100101011111101011001101101111101011101110111110101110001
000000000000000000000000000000000000000000000000000000000000000000000000000000000000000000000000000000000000000000000000000001100100100000110010001010100001001000000001110100000011001110111111010110110011111010111010110111101111101001110111001100011111001101010100000111011101011101000111110101001001
000000000000000000000000000000000000000000000000000000000000000000000000000000000000000000000000000000000000000000000000000001000011010100111001011111101111011111010110110110001111001100011001110111110111011111100010110101101100101100111111111110111010111101011101111101111011111101110111100111110100
000000000000000000000000000000000000000000000000000000000000000000000000000000000000000000000000000000000000000000000000000000100010010101011000011111111111011111111010110110001111001010011101110010111111011111101010110101101100001100111111101101110000111101010100111101111111111100000111100111111100
000000000000000000000000000000000000000000000000000000000000000000000000000000000000000000000000000000000000000000000000000000000000110100100010001100000001100000001100010110001001000110101010010100000000101010011010110110101100100001100100001100001010000100000001000100001101000101000011010001000001
000000000000000000000000000000000000000000000000000000000000000000000000000000000000000000000000000000000000000000000000000000000000000000000000100000000000000000000000000000000000010000000000000000000000000000000001000000000000000000000000000000000000000000000000000000000000000000000000000000000000
000000000000000000000000000000000000000000000000000000000000000000000000000000000000000000000000000000000000000000000000000000000000000000000000000000000000000000000000000000010000000000000000000000000000000000000000000000000000000000000000000000000000000010000000000000000000000000000000000000000000
000000000000000000000000000000000000000000000000000000000000000000000000000000000000000000000000000000000000000000000000000000000001100100100010001101000001000100000101001100000111000110111010110110000110111010101000110110001111111011100110001100101011100101011001001101001111100101000011001010000000
000000000000000000000000000000000000000000000000000000000000000000000000000000000000000000000000000000000000000000000000000000000001110101111001011011111110001111011111110010001110001110110101110110110111001111100010110101101111011100111111111011110000011101010101111001111111111101110111100101110101
000000000000000000000000000000000000000000000000000000000000000000000000000000000000000000000000000000000000000000000000000000000000100100010000010111010101001111010110110100001101001100111101100110110111110011101010010111101100001101101101101110110010111101011001001101111110110101010111100001110100
000000000000000000000000000000000000000000000000000000000000000000000000000000000000000000000000000000000000000000000000000000000000010100101010001000000011001100000101001100001011000110111010000110000100101010111000110110001111100001100100101100111011010101000001100100101101100101000011111010000110
000000000000000000000000000000000000000000000000000000000000000000000000000000000000000000000000000000000000000000000000000000000000000101111000011111110111011111010010110110001110000100011001110011110111011111101010110001101101001001101111111011110000111101011110111101110011111101010111100110111100
000000000000000000000000000000000000000000000000000000000000000000000000000000000000000000000000000000000000000000000000000000000000000000000000000000000000000000000000000100000000000000000000000000000000001000000000000000000000000000000000000000000110000000000000000000000000000000000000000000000000
000000000000000000000000000000000000000000000000000000000000000000000000000000000000000000000000000000000000000000000000000000000000000001101000011111001011000110001100010110101101000110011111110101100111011111101010110101101100101000110101101110101010111101011010101101110011110101110111100011110101
000000000000000000000000000000000000000000000000000000000000000000000000000000000000000000000000000000000000000000000000000000000000000000000000000000000000000000000000000000000000010000000000000000000000000000000000000000000000000000000000000000000000000000000000000000000000000010000000000000000000
000000000000000000000000000000000000000000000000000000000000000000000000000000000000000000000000000000000000000000000000000000000000000000011000010011111110001111111010110011001010001111000101010001010011010001000000000001100000001100011011111011011011001001011110111001110010111100010001100110110100
000000000000000000000000000000000000000000000000000000000000000000000000000000000000000000000000000000000000000000000000000000000000000000011010011111100011001100000101010110001111000110111011110110110111101111111010110111101111101001101111001110111010011101010101101101111111110101000111110101110001
000000000000000000000000000000000000000000000000000000000000000000000000000000000000000000000000000000000000000000000000000000000000000000001001011111111111001111011010110101001110001101011101110011110011011111101010110011101111001101111111111011110010111101011010101001111011111001010110100110110100
000000000000000000000000000000000000000000000000000000000000000000000000000000000000000000000000000000000000000000000000000000000000000000000001001111111111001101010100110100001110001101001001111001110011010101000010110101101100001000101011101000111000111101011000111101110011111101010111100111110001
000000000000000000000000000000000000000000000000000000000000000000000000000000000000000000000000000000000000000000000000000000000000000000000000000000000000000000000000000000001000000000000000000000000000000000000000000000000000000000000000000000000000000000000000000000000000000000000000100000000000
000000000000000000000000000000000000000000000000000000000000000000000000000000000000000000000000000000000000000000000000000000000000000000000000001000001101000000001100011000000001000110101010000100000000101010011000100010001011100001100100000000101011000100000001010100001101000101000011011000000000
000000000000000000000000000000000000000000000000000000000000000000000000000000000000000000000000000000000000000000000000000000000000000000000000010000101110000011011110100011001000000000000001100011110101000001000010000111100000011000101011110010010000111001001010110000110000111000010100100110010000
000000000000000000000000000000000000000000000000000000000000000000000000000000000000000000000000000000000000000000000000000000000000000000000000000000000000000000000000000000000000010000000000000000000000000000000100000000000000000000000000000000000000000100000000000000000000000000000000000000000000
000000000000000000000000000000000000000000000000000000000000000000000000000000000000000000000000000000000000000000000000000000000000000000000000001111111110001101010111010110001110001110010101110111110111110110101010110101101100011000011111111110111010111101011111101101111111111001010110100100111100
000000000000000000000000000000000000000000000000000000000000000000000000000000000000000000000000000000000000000000000000000000000000000000000000000011000011001110010111010100001101000110111011110111100111111111111010110111101111101001100111111100101010111101010001101101111111010101000111110001110101
000000000000000000000000000000000000000000000000000000000000000000000000000000000000000000000000000000000000000000000000000000000000000000000000000011110110000011010011110000000100000010010000100110110011011101001010000011100000001101011111111010110010111001010000111001010010100000000100101110100000
000000000000000000000000000000000000000000000000000000000000000000000000000000000000000000000000000000000000000000000000000000000000000000000000000001100111011110011010110110001110001110011111110011110111011111111010110011101100101100011111111011110000011101011100101101111111111101110111110111111100
000000000000000000000000000000000000000000000000000000000000000000000000000000000000000000000000000000000000000000000000000000000000000000000000000000101111001101011110110110001110001010011101110110110111111111100010110101101100001101001111101011110010111101011001101101110011111101010111100110111101
000000000000000000000000000000000000000000000000000000000000000000000000000000000000000000000000000000000000000000000000000000000000000000000000000000011111101101111110110111001110001101011101110111110011010111101010010011100000001100111011111011110010011001011100111001110010111001010100100110110100
000000000000000000000000000000000000000000000000000000000000000000000000000000000000000000000000000000000000000000000000000000000000000000000000000000001110001001011010110000100111001001000101010000010001010001000010000001001000000100011011101011100000011001010000101001000010001100001101000100100100
000000000000000000000000000000000000000000000000000000000000000000000000000000000000000000000000000000000000000000000000000000000000000000000000000000000111001001110110110101001011001011111100011000110111000111100010100101100000010000011011010011110000010101010000111001100011111000001100100101100000
000000000000000000000000000000000000000000000000000000000000000000000000000000000000000000000000000000000000000000000000000000000000000000000000000000000010001011110010110001001111001011000101111000110011000111000010000011100010001100011010011011110000001001011000111001110110111000011100000110100000
000000000000000000000000000000000000000000000000000000000000000000000000000000000000000000000000000000000000000000000000000000000000000000000000000000000001001101000100110100001110000100001001110001110111010101100010110101100100001000101011101000111000011101011000111001110011111101010111100111110001
000000000000000000000000000000000000000000000000000000000000000000000000000000000000000000000000000000000000000000000000000000000000000000000000000000000000001111000101010110001101001110111011010110110011111011111010110111101111101001100111101110101010011101010001111101011111111101000111110101110101
000000000000000000000000000000000000000000000000000000000000000000000000000000000000000000000000000000000000000000000000000000000000000000000000000000000000010000000000000010000100000000000000000000000000000100000000000000000001000000000000000000000000100000000100000000001000000000000000000000001000
000000000000000000000000000000000000000000000000000000000000000000000000000000000000000000000000000000000000000000000000000000000000000000000000000000000000001010000100000000000101000000000000000001000100000101000010000100101100010100000000000000010000101000011100010100000100000100010101100000011100
000000000000000000000000000000000000000000000000000000000000000000000000000000000000000000000000000000000000000000000000000000000000000000000000000000000000000111111010110010001110001101011101011001110111011011101010110011100110001101011111011011010000011101011000111111111111011101010101100110110100
000000000000000000000000000000000000000000000000000000000000000000000000000000000000000000000000000000000000000000000000000000000000000000000000000000000000000011110010100110001110000100011101110111110111110110101010110011101100001001001111111110110000111101011001101101110011111101010111100110110100
000000000000000000000000000000000000000000000000000000000000000000000000000000000000000000000000000000000000000000000000000000000000000000000000000000000000000001111110000010001100000000011001110011110100011101101010110011101000001100101011110010010000111001011111111001110011100100010101100010011100
000000000000000000000000000000000000000000000000000000000000000000000000000000000000000000000000000000000000000000000000000000000000000000000000000000000000000000010010110001001110001011101101111101110011000101000010100011100010001100011011110011110000111001001010111001110011111001111100100100010000
000000000000000000000000000000000000000000000000000000000000000000000000000000000000000000000000000000000000000000000000000000000000000000000000000000000000000000010010000011000010000000010001000000111010000000000000000001100000000000001010000001010000101001000000000000110000101000000100000100010000
000000000000000000000000000000000000000000000000000000000000000000000000000000000000000000000000000000000000000000000000000000000000000000000000000000000000000000001010110011001110001110010101111001110111010101101000000011100000001100011111111011110011111101011000111101110010011000010110100110110101
000000000000000000000000000000000000000000000000000000000000000000000000000000000000000000000000000000000000000000000000000000000000000000000000000000000000000000000010010110000110000010000000110001100001011110100000100001000000101100001010101010110010100000011010111001110011001100010111100111010100
000000000000000000000000000000000000000000000000000000000000000000000000000000000000000000000000000000000000000000000000000000000000000000000000000000000000000000000001010110001001001111111011000111100111011110101010110100101101101001101101101000011000111100000101110100111111111101100111000100011001
000000000000000000000000000000000000000000000000000000000000000000000000000000000000000000000000000000000000000000000000000000000000000000000000000000000000000000000000110001001110001111010101111001110111011111101000010011101000001100111111111011010011111101011000111101110010011100010101100110110101
000000000000000000000000000000000000000000000000000000000000000000000000000000000000000000000000000000000000000000000000000000000000000000000000000000000000000000000000000000000100000110101100000110000101111110011000010110001111000001100100000000001000000100000001110100001100000001000010010010100001
000000000000000000000000000000000000000000000000000000000000000000000000000000000000000000000000000000000000000000000000000000000000000000000000000000000000000000000000000111001110001111000101111001010011010101000010010011100100001100011110111011110001111001011010111001111010111000010000100110100100
000000000000000000000000000000000000000000000000000000000000000000000000000000000000000000000000000000000000000000000000000000000000000000000000000000000000000000000000000110001111001110101111110011110111010111001010110101101110101101101110111011111010011101011100101001111111001101110111100111110100
000000000000000000000000000000000000000000000000000000000000000000000000000000000000000000000000000000000000000000000000000000000000000000000000000000000000000000000000000000000000000000100000000100000000100000000000000000000011000001000000000000000001000000000001000000000000000000000010000000000000
000000000000000000000000000000000000000000000000000000000000000000000000000000000000000000000000000000000000000000000000000000000000000000000000000000000000000000000000000000101111000110111011110110100111011111111010110111101111101001100111101100101011111101111001101101011111111101000111110111110101
000000000000000000000000000000000000000000000000000000000000000000000000000000000000000000000000000000000000000000000000000000000000000000000000000000000000000000000000000000001001000000011011110001100110010101100010000110101000111000101011111100111000111001011110011100111010111000010100100101110100
000000000000000000000000000000000000000000000000000000000000000000000000000000000000000000000000000000000000000000000000000000000000000000000000000000000000000000000000000000000000001000000100000000010000000001000000000001000000000000011010000011010000000000000000000001000000001000000000000000000000
000000000000000000000000000000000000000000000000000000000000000000000000000000000000000000000000000000000000000000000000000000000000000000000000000000000000000000000000000000000010000000000000000000000000000010000000001010000100100000000000010000000000010000010000000010000100000000000000000000000010
000000000000000000000000000000000000000000000000000000000000000000000000000000000000000000000000000000000000000000000000000000000000000000000000000000000000000000000000000000000000000000000000000000000000000000000000000000000000000000000000000000000000000010000000000000000000000000000000000000000000
000000000000000000000000000000000000000000000000000000000000000000000000000000000000000000000000000000000000000000000000000000000000000000000000000000000000000000000000000000000110000110011101110111110111011111111010110101101100011100101111111110100010011101011000111101111011111101010101110111110101
000000000000000000000000000000000000000000000000000000000000000000000000000000000000000000000000000000000000000000000000000000000000000000000000000000000000000000000000000000000010000100011101110011110111011111111010010111101101001101101111111001110010111101011100111101111010111101010101110111111101
000000000000000000000000000000000000000000000000000000000000000000000000000000000000000000000000000000000000000000000000000000000000000000000000000000000000000000000000000000000000001100010101110111010111111111101010110101100111001001011110011011110000111101001000111001001011111001010010100110100100
000000000000000000000000000000000000000000000000000000000000000000000000000000000000000000000000000000000000000000000000000000000000000000000000000000000000000000000000000000000000000110101010010000000000101010010010110100001100101101110100000100001100010100010101000101001101111101010011010001010000
000000000000000000000000000000000000000000000000000000000000000000000000000000000000000000000000000000000000000000000000000000000000000000000000000000000000000000000000000000000000000000000000000000000000000000000000000000000000000000000000000000000000000000000000000000001100000000000000000000000000
000000000000000000000000000000000000000000000000000000000000000000000000000000000000000000000000000000000000000000000000000000000000000000000000000000000000000000000000000000000000000000000000000000000000000000000100000000010000000000000000000000000000000000000000000000000000000010000000000000000000
000000000000000000000000000000000000000000000000000000000000000000000000000000000000000000000000000000000000000000000000000000000000000000000000000000000000000000000000000000000000000001011101011000010011000101100010100101000010001100011011010011110000011001011000111001110011111000011000000110100000
000000000000000000000000000000000000000000000000000000000000000000000000000000000000000000000000000000000000000000000000000000000000000000000000000000000000000000000000000000000000000010111011110110110111101011111010110111101111101001101111001110101011011101010001101101111111111101010111110101110101
000000000000000000000000000000000000000000000000000000000000000000000000000000000000000000000000000000000000000000000000000000000000000000000000000000000000000000000000000000000000000000101010010101110110111011001000110111101111100101101111100100011010000100001001000101001111101101010111000001000101
000000000000000000000000000000000000000000000000000000000000000000000000000000000000000000000000000000000000000000000000000000000000000000000000000000000000000000000000000000000000000000000000001000010000000001000000000011000000000001000010000001000000100000000000000000000000101000000000000110000000
000000000000000000000000000000000000000000000000000000000000000000000000000000000000000000000000000000000000000000000000000000000000000000000000000000000000000000000000000000000000000000001010100110010010101010101000110110000011100001000100101100001011010100000001000100001101010001000110001000001001
000000000000000000000000000000000000000000000000000000000000000000000000000000000000000000000000000000000000000000000000000000000000000000000000000000000000000000000000000000000000000000001101110110110111111110101010110111101111011101011111101000110011111101011000101001110011111101010111100111110101
000000000000000000000000000000000000000000000000000000000000000000000000000000000000000000000000000000000000000000000000000000000000000000000000000000000000000000000000000000000000000000000011010110110011111011111010110111101111101001100111101110101010011101010001111101011111111101000111110101110101
000000000000000000000000000000000000000000000000000000000000000000000000000000000000000000000000000000000000000000000000000000000000000000000000000000000000000000000000000000000000000000000001010010010011010101100000000001000000000100011011101011101000011001001000101001001110011000011000000100100000
000000000000000000000000000000000000000000000000000000000000000000000000000000000000000000000000000000000000000000000000000000000000000000000000000000000000000000000000000000000000000000000000110100000000101010001010110100001101100101100100000000001000000100000001000100001101000101000011001001010001
000000000000000000000000000000000000000000000000000000000000000000000000000000000000000000000000000000000000000000000000000000000000000000000000000000000000000000000000000000000000000000000000110011110111011111101010110111101101001000111111111011110000111101011010101000111011111101010111100111111001
000000000000000000000000000000000000000000000000000000000000000000000000000000000000000000000000000000000000000000000000000000000000000000000000000000000000000000000000000000000000000000000000010101110111110111100010100001101100101101101111111100110000111101011000111101110011111101010111100111110101
000000000000000000000000000000000000000000000000000000000000000000000000000000000000000000000000000000000000000000000000000000000000000000000000000000000000000000000000000000000000000000000000000011110111011101101010110111101100001100111111101101101000111101010000111101110111111101110111100111110100
000000000000000000000000000000000000000000000000000000000000000000000000000000000000000000000000000000000000000000000000000000000000000000000000000000000000000000000000000000000000000000000000000000010000000000000000000001000000000000000000000001000000000000000000000000000000000000000000000100000000
000000000000000000000000000000000000000000000000000000000000000000000000000000000000000000000000000000000000000000000000000000000000000000000000000000000000000000000000000000000000000000000000000010110111111010111000110110101011101001100111101000101011110101000001001000111011101101000111011000000000
000000000000000000000000000000000000000000000000000000000000000000000000000000000000000000000000000000000000000000000000000000000000000000000000000000000000000000000000000000000000000000000000000001100110011111111010110111101111001001100101011110011011011101010001001101011111011101100111110111111100
000000000000000000000000000000000000000000000000000000000000000000000000000000000000000000000000000000000000000000000000000000000000000000000000000000000000000000000000000000000000000000000000000000110111000101000010001001100000011000101001110110110000111001011110110001110100010000010100100110110100
000000000000000000000000000000000000000000000000000000000000000000000000000000000000000000000000000000000000000000000000000000000000000000000000000000000000000000000000000000000000000000000000000000010111011111101010110111101100001000111111111111110010111101011001111000110011111101010111100110111101
000000000000000000000000000000000000000000000000000000000000000000000000000000000000000000000000000000000000000000000000000000000000000000000000000000000000000000000000000000000000000000000000000000000011011101110010100011100010001100011011111011110010111001011010111001110011111001111100110110110000
000000000000000000000000000000000000000000000000000000000000000000000000000000000000000000000000000000000000000000000000000000000000000000000000000000000000000000000000000000000000000000000000000000000000000000000000000100000000000000000000000000010000000000000000000000000000000000000000000000000000
000000000000000000000000000000000000000000000000000000000000000000000000000000000000000000000000000000000000000000000000000000000000000000000000000000000000000000000000000000000000000000000000000000000001110101101010100111101000001100000011111101010000111101011111011001111011110100010111100110111101
000000000000000000000000000000000000000000000000000000000000000000000000000000000000000000000000000000000000000000000000000000000000000000000000000000000000000000000000000000000000000000000000000000000001011111101010110111101101011101001111111010110001111101011001111101111011111101010111100111110100
000000000000000000000000000000000000000000000000000000000000000000000000000000000000000000000000000000000000000000000000000000000000000000000000000000000000000000000000000000000000000000000000000000000000011111101010110111101100001000111111111001111010111101011000101101110011111101010111100111110101
000000000000000000000000000000000000000000000000000000000000000000000000000000000000000000000000000000000000000000000000000000000000000000000000000000000000000000000000000000000000000000000000000000000000000010001000010010001011100001101101001000001011000101000001000100001110100101000011001000000101
000000000000000000000000000000000000000000000000000000000000000000000000000000000000000000000000000000000000000000000000000000000000000000000000000000000000000000000000000000000000000000000000000000000000001101101010000111101000001101011111111110111010111101011011111001110010100100011111100110110001
000000000000000000000000000000000000000000000000000000000000000000000000000000000000000000000000000000000000000000000000000000000000000000000000000000000000000000000000000000000000000000000000000000000000000111111010110110001110101101101111100110101110101101010001111101011111011101100111111001110101
000000000000000000000000000000000000000000000000000000000000000000000000000000000000000000000000000000000000000000000000000000000000000000000000000000000000000000000000000000000000000000000000000000000000000011111010000110100001001100111111111000111010111101011100111101111010111101010111110111111100
000000000000000000000000000000000000000000000000000000000000000000000000000000000000000000000000000000000000000000000000000000000000000000000000000000000000000000000000000000000000000000000000000000000000000001111010110111101111101001101111001110101110011101010001111111111111011101000111111101110111
000000000000000000000000000000000000000000000000000000000000000000000000000000000000000000000000000000000000000000000000000000000000000000000000000000000000000000000000000000000000000000000000000000000000000000001010110011101100001100011011111011111010111101011000101101110011111001010100100110111000
000000000000000000000000000000000000000000000000000000000000000000000000000000000000000000000000000000000000000000000000000000000000000000000000000000000000000000000000000000000000000000000000000000000000000000001010110011101111011101111111101000110011111101011001111001110011110101010111100111110101
000000000000000000000000000000000000000000000000000000000000000000000000000000000000000000000000000000000000000000000000000000000000000000000000000000000000000000000000000000000000000000000000000000000000000000001000110110001111000001100100001100001111010100000001000100001101000101000011110001000101
000000000000000000000000000000000000000000000000000000000000000000000000000000000000000000000000000000000000000000000000000000000000000000000000000000000000000000000000000000000000000000000000000000000000000000000000110110101111001001101101101000111011101101000001111101111101100101001111111011110001
000000000000000000000000000000000000000000000000000000000000000000000000000000000000000000000000000000000000000000000000000000000000000000000000000000000000000000000000000000000000000000000000000000000000000000000000000000010000000000000000000000000000000000000000000000000000000000000000000000000000
000000000000000000000000000000000000000000000000000000000000000000000000000000000000000000000000000000000000000000000000000000000000000000000000000000000000000000000000000000000000000000000000000000000000000000000000110101101100101100001111111011111000111101011100111111111011111101010111100110110000
000000000000000000000000000000000000000000000000000000000000000000000000000000000000000000000000000000000000000000000000000000000000000000000000000000000000000000000000000000000000000000000000000000000000000000000000000000000000000000000000000000000000000000000000000000000000000000000000000000000000
000000000000000000000000000000000000000000000000000000000000000000000000000000000000000000000000000000000000000000000000000000000000000000000000000000000000000000000000000000000000000000000000000000000000000000000000010111101100101001100111101110101011111101011001101101011111111101000111110101110101
000000000000000000000000000000000000000000000000000000000000000000000000000000000000000000000000000000000000000000000000000000000000000000000000000000000000000000000000000000000000000000000000000000000000000000000000000111101111101001100111101110101011111101011001101101111111111101010111110101110101
000000000000000000000000000000000000000000000000000000000000000000000000000000000000000000000000000000000000000000000000000000000000000000000000000000000000000000000000000000000000000000000000000000000000000000000000000000000000000000000000000000000000000000000000000010000100000000000000000000000010
000000000000000000000000000000000000000000000000000000000000000000000000000000000000000000000000000000000000000000000000000000000000000000000000000000000000000000000000000000000000000000000000000000000000000000000000000000001100100000101101111100011000111100000111110100101111011101100111010000011001
000000000000000000000000000000000000000000000000000000000000000000000000000000000000000000000000000000000000000000000000000000000000000000000000000000000000000000000000000000000000000000000000000000000000000000000000000001101111001001101101011000101111100101001001101110111101111101000111111111010011
000000000000000000000000000000000000000000000000000000000000000000000000000000000000000000000000000000000000000000000000000000000000000000000000000000000000000000000000000000000000000000000000000000000000000000000000000000101110001000111111011011110001111101011010111101111111111001011110100110110100
000000000000000000000000000000000000000000000000000000000000000000000000000000000000000000000000000000000000000000000000000000000000000000000000000000000000000000000000000000000000000000000000000000000000000000000000000000001110001000011111111010110010111101011101111001111011111101010111100110111101
000000000000000000000000000000000000000000000000000000000000000000000000000000000000000000000000000000000000000000000000000000000000000000000000000000000000000000000000000000000000000000000000000000000000000000000000000000000000000000000000000000000000000000000000000000000000000000000000000000000000
000000000000000000000000000000000000000000000000000000000000000000000000000000000000000000000000000000000000000000000000000000000000000000000000000000000000000000000000000000000000000000000000000000000000000000000000000000000111101001111101001100111011111101010011111110111111010101000111110001110101
000000000000000000000000000000000000000000000000000000000000000000000000000000000000000000000000000000000000000000000000000000000000000000000000000000000000000000000000000000000000000000000000000000000000000000000000000000000011101101101111101110111011011101010101101111111111111101010111110101111101
000000000000000000000000000000000000000000000000000000000000000000000000000000000000000000000000000000000000000000000000000000000000000000000000000000000000000000000000000000000000000000000000000000000000000000000000000000000001000001101111000000010011011101000001001100001100000101000111111001010000
000000000000000000000000000000000000000000000000000000000000000000000000000000000000000000000000000000000000000000000000000000000000000000000000000000000000000000000000000000000000000000000000000000000000000000000000000000000000101001100101001000001011110101000001000010001100001101000011011000000000
000000000000000000000000000000000000000000000000000000000000000000000000000000000000000000000000000000000000000000000000000000000000000000000000000000000000000000000000000000000000000000000000000000000000000000000000000000000000000101100100001100001000000100000001000100001101000101000011001001000101
000000000000000000000000000000000000000000000000000000000000000000000000000000000000000000000000000000000000000000000000000000000000000000000000000000000000000000000000000000000000000000000000000000000000000000000000000000000000000001000000011000011000001001000100000000000000000000000000100100001000
000000000000000000000000000000000000000000000000000000000000000000000000000000000000000000000000000000000000000000000000000000000000000000000000000000000000000000000000000000000000000000000000000000000000000000000000000000000000000101101111111010110010111101011100111101111111111101010111100111111101
000000000000000000000000000000000000000000000000000000000000000000000000000000000000000000000000000000000000000000000000000000000000000000000000000000000000000000000000000000000000000000000000000000000000000000000000000000000000000000011110101000111000100000011100011001000010101100000001100110111100
000000000000000000000000000000000000000000000000000000000000000000000000000000000000000000000000000000000000000000000000000000000000000000000000000000000000000000000000000000000000000000000000000000000000000000000000000000000000000000000000000000000010000000000000000000000000000000000000000000000000
000000000000000000000000000000000000000000000000000000000000000000000000000000000000000000000000000000000000000000000000000000000000000000000000000000000000000000000000000000000000000000000000000000000000000000000000000000000000000000100101100100101111110100000001001100001111100101000011011010010001
000000000000000000000000000000000000000000000000000000000000000000000000000000000000000000000000000000000000000000000000000000000000000000000000000000000000000000000000000000000000000000000000000000000000000000000000000000000000000000000110110110111111111100001001110110111101010101010111110011100001
000000000000000000000000000000000000000000000000000000000000000000000000000000000000000000000000000000000000000000000000000000000000000000000000000000000000000000000000000000000000000000000000000000000000000000000000000000000000000000001011001011001000011000001000101001000010101000011100000100100000
000000000000000000000000000000000000000000000000000000000000000000000000000000000000000000000000000000000000000000000000000000000000000000000000000000000000000000000000000000000000000000000000000000000000000000000000000000000000000000000111111011110011111101011010111001111010111001010100100110110000
000000000000000000000000000000000000000000000000000000000000000000000000000000000000000000000000000000000000000000000000000000000000000000000000000000000000000000000000000000000000000000000000000000000000000000000000000000000000000000000011001000101011011101010001101101111111011101000111111000110001
000000000000000000000000000000000000000000000000000000000000000000000000000000000000000000000000000000000000000000000000000000000000000000000000000000000000000000000000000000000000000000000000000000000000000000000000000000000000000000000001011011110000011101011000111001111011111001010100100110110100
000000000000000000000000000000000000000000000000000000000000000000000000000000000000000000000000000000000000000000000000000000000000000000000000000000000000000000000000000000000000000000000000000000000000000000000000000000000000000000000000111110111010111101011001111100111111110101010111100111110001
000000000000000000000000000000000000000000000000000000000000000000000000000000000000000000000000000000000000000000000000000000000000000000000000000000000000000000000000000000000000000000000000000000000000000000000000000000000000000000000000011110110010111101011010111111110011111000010100100111110100
000000000000000000000000000000000000000000000000000000000000000000000000000000000000000000000000000000000000000000000000000000000000000000000000000000000000000000000000000000000000000000000000000000000000000000000000000000000000000000000000000011110000111000001010110001110000010000010100100110110100
000000000000000000000000000000000000000000000000000000000000000000000000000000000000000000000000000000000000000000000000000000000000000000000000000000000000000000000000000000000000000000000000000000000000000000000000000000000000000000000000000001110010011101011001111101111011111101010111110111111100
000000000000000000000000000000000000000000000000000000000000000000000000000000000000000000000000000000000000000000000000000000000000000000000000000000000000000000000000000000000000000000000000000000000000000000000000000000000000000000000000000000101110000100011000000100101101110101100011110001000001
000000000000000000000000000000000000000000000000000000000000000000000000000000000000000000000000000000000000000000000000000000000000000000000000000000000000000000000000000000000000000000000000000000000000000000000000000000000000000000000000000001110000101000011110110001100011001001110100100100100100
000000000000000000000000000000000000000000000000000000000000000000000000000000000000000000000000000000000000000000000000000000000000000000000000000000000000000000000000000000000000000000000000000000000000000000000000000000000000000000000000000000010000100000011000110001001000111000011100000100100100
000000000000000000000000000000000000000000000000000000000000000000000000000000000000000000000000000000000000000000000000000000000000000000000000000000000000000000000000000000000000000000000000000000000000000000000000000000000000000000000000000000011010011101011001101101110011111101010111100111110101
000000000000000000000000000000000000000000000000000000000000000000000000000000000000000000000000000000000000000000000000000000000000000000000000000000000000000000000000000000000000000000000000000000000000000000000000000000000000000000000000000000001000100101011110111101111110111001010100100110110100
000000000000000000000000000000000000000000000000000000000000000000000000000000000000000000000000000000000000000000000000000000000000000000000000000000000000000000000000000000000000000000000000000000000000000000000000000000000000000000000000000000000011000101010001101100101101100101000011111111101101
000000000000000000000000000000000000000000000000000000000000000000000000000000000000000000000000000000000000000000000000000000000000000000000000000000000000000000000000000000000000000000000000000000000000000000000000000000000000000000000000000000000000000000000000000100000100000000000000010001000100
000000000000000000000000000000000000000000000000000000000000000000000000000000000000000000000000000000000000000000000000000000000000000000000000000000000000000000000000000000000000000000000000000000000000000000000000000000000000000000000000000000000001001101001001101101111101010101000111111011000001
000000000000000000000000000000000000000000000000000000000000000000000000000000000000000000000000000000000000000000000000000000000000000000000000000000000000000000000000000000000000000000000000000000000000000000000000000000000000000000000000000000000000000100000001000010001101000001000010110000000000
000000000000000000000000000000000000000000000000000000000000000000000000000000000000000000000000000000000000000000000000000000000000000000000000000000000000000000000000000000000000000000000000000000000000000000000000000000000000000000000000000000000000011101011100111110111111110000010110100010111101
000000000000000000000000000000000000000000000000000000000000000000000000000000000000000000000000000000000000000000000000000000000000000000000000000000000000000000000000000000000000000000000000000000000000000000000000000000000000000000000000000000000000001101011001111101111011111101010111110111110100
000000000000000000000000000000000000000000000000000000000000000000000000000000000000000000000000000000000000000000000000000000000000000000000000000000000000000000000000000000000000000000000000000000000000000000000000000000000000000000000000000000000000000101011010111101111011111101010111100111110001
000000000000000000000000000000000000000000000000000000000000000000000000000000000000000000000000000000000000000000000000000000000000000000000000000000000000000000000000000000000000000000000000000000000000000000000000000000000000000000000000000000000000000001010001101101111111110101000111110001110101
000000000000000000000000000000000000000000000000000000000000000000000000000000000000000000000000000000000000000000000000000000000000000000000000000000000000000000000000000000000000000000000000000000000000000000000000000000000000000000000000000000000000000000000000000000000000000000000000000000000000
000000000000000000000000000000000000000000000000000000000000000000000000000000000000000000000000000000000000000000000000000000000000000000000000000000000000000000000000000000000000000000000000000000000000000000000000000000000000000000000000000000000000000000011000111101110011111101010111100110110001
000000000000000000000000000000000000000000000000000000000000000000000000000000000000000000000000000000000000000000000000000000000000000000000000000000000000000000000000000000000000000000000000000000000000000000000000000000000000000000000000000000000000000000000000000000000000000000000000000000000000
000000000000000000000000000000000000000000000000000000000000000000000000000000000000000000000000000000000000000000000000000000000000000000000000000000000000000000000000000000000000000000000000000000000000000000000000000000000000000000000000000000000000000000001100101101111111111101010111100110111100
000000000000000000000000000000000000000000000000000000000000000000000000000000000000000000000000000000000000000000000000000000000000000000000000000000000000000000000000000000000000000000000000000000000000000000000000000000000000000000000000000000000000000000000111111101111011111000010100100101111100
000000000000000000000000000000000000000000000000000000000000000000000000000000000000000000000000000000000000000000000000000000000000000000000000000000000000000000000000000000000000000000000000000000000000000000000000000000000000000000000000000000000000000000000000011000110110001101010101100000011100
000000000000000000000000000000000000000000000000000000000000000000000000000000000000000000000000000000000000000000000000000000000000000000000000000000000000000000000000000000000000000000000000000000000000000000000000000000000000000000000000000000000000000000000000010001110000000000010000000000100101
000000000000000000000000000000000000000000000000000000000000000000000000000000000000000000000000000000000000000000000000000000000000000000000000000000000000000000000000000000000000000000000000000000000000000000000000000000000000000000000000000000000000000000000000001000101111000001010110011000100000
000000000000000000000000000000000000000000000000000000000000000000000000000000000000000000000000000000000000000000000000000000000000000000000000000000000000000000000000000000000000000000000000000000000000000000000000000000000000000000000000000000000000000000000000001101110011111101010111100111110000
000000000000000000000000000000000000000000000000000000000000000000000000000000000000000000000000000000000000000000000000000000000000000000000000000000000000000000000000000000000000000000000000000000000000000000000000000000000000000000000000000000000000000000000000001101010000011000010100100110111100
000000000000000000000000000000000000000000000000000000000000000000000000000000000000000000000000000000000000000000000000000000000000000000000000000000000000000000000000000000000000000000000000000000000000000000000000000000000000000000000000000000000000000000000000000101110011111101010111100111111101
000000000000000000000000000000000000000000000000000000000000000000000000000000000000000000000000000000000000000000000000000000000000000000000000000000000000000000000000000000000000000000000000000000000000000000000000000000000000000000000000000000000000000000000000000001001111110101110011110111111001
000000000000000000000000000000000000000000000000000000000000000000000000000000000000000000000000000000000000000000000000000000000000000000000000000000000000000000000000000000000000000000000000000000000000000000000000000000000000000000000000000000000000000000000000000001000100000000000000000010000010
000000000000000000000000000000000000000000000000000000000000000000000000000000000000000000000000000000000000000000000000000000000000000000000000000000000000000000000000000000000000000000000000000000000000000000000000000000000000000000000000000000000000000000000000000000110011111101010001100110110101
000000000000000000000000000000000000000000000000000000000000000000000000000000000000000000000000000000000000000000000000000000000000000000000000000000000000000000000000000000000000000000000000000000000000000000000000000000000000000000000000000000000000000000000000000000011010111101110111100101110101
000000000000000000000000000000000000000000000000000000000000000000000000000000000000000000000000000000000000000000000000000000000000000000000000000000000000000000000000000000000000000000000000000000000000000000000000000000000000000000000000000000000000000000000000000000001011111101010111100111110101
000000000000000000000000000000000000000000000000000000000000000000000000000000000000000000000000000000000000000000000000000000000000000000000000000000000000000000000000000000000000000000000000000000000000000000000000000000000000000000000000000000000000000000000000000000000111011101110011110101110000
000000000000000000000000000000000000000000000000000000000000000000000000000000000000000000000000000000000000000000000000000000000000000000000000000000000000000000000000000000000000000000000000000000000000000000000000000000000000000000000000000000000000000000000000000000000001100101000011010001010110
000000000000000000000000000000000000000000000000000000000000000000000000000000000000000000000000000000000000000000000000000000000000000000000000000000000000000000000000000000000000000000000000000000000000000000000000000000000000000000000000000000000000000000000000000000000001111101010111100110111100
000000000000000000000000000000000000000000000000000000000000000000000000000000000000000000000000000000000000000000000000000000000000000000000000000000000000000000000000000000000000000000000000000000000000000000000000000000000000000000000000000000000000000000000000000000000000111101010111110101110101
000000000000000000000000000000000000000000000000000000000000000000000000000000000000000000000000000000000000000000000000000000000000000000000000000000000000000000000000000000000000000000000000000000000000000000000000000000000000000000000000000000000000000000000000000000000000011000010110100110110100
000000000000000000000000000000000000000000000000000000000000000000000000000000000000000000000000000000000000000000000000000000000000000000000000000000000000000000000000000000000000000000000000000000000000000000000000000000000000000000000000000000000000000000000000000000000000001101110111100111110001
000000000000000000000000000000000000000000000000000000000000000000000000000000000000000000000000000000000000000000000000000000000000000000000000000000000000000000000000000000000000000000000000000000000000000000000000000000000000000000000000000000000000000000000000000000000000000001110110100100110100
000000000000000000000000000000000000000000000000000000000000000000000000000000000000000000000000000000000000000000000000000000000000000000000000000000000000000000000000000000000000000000000000000000000000000000000000000000000000000000000000000000000000000000000000000000000000000001100111110001110101
000000000000000000000000000000000000000000000000000000000000000000000000000000000000000000000000000000000000000000000000000000000000000000000000000000000000000000000000000000000000000000000000000000000000000000000000000000000000000000000000000000000000000000000000000000000000000000000000000000000000
000000000000000000000000000000000000000000000000000000000000000000000000000000000000000000000000000000000000000000000000000000000000000000000000000000000000000000000000000000000000000000000000000000000000000000000000000000000000000000000000000000000000000000000000000000000000000000000111110101110101
000000000000000000000000000000000000000000000000000000000000000000000000000000000000000000000000000000000000000000000000000000000000000000000000000000000000000000000000000000000000000000000000000000000000000000000000000000000000000000000000000000000000000000000000000000000000000000000011000000000000
000000000000000000000000000000000000000000000000000000000000000000000000000000000000000000000000000000000000000000000000000000000000000000000000000000000000000000000000000000000000000000000000000000000000000000000000000000000000000000000000000000000000000000000000000000000000000000000110100110111100
000000000000000000000000000000000000000000000000000000000000000000000000000000000000000000000000000000000000000000000000000000000000000000000000000000000000000000000000000000000000000000000000000000000000000000000000000000000000000000000000000000000000000000000000000000000000000000000000000000000000
000000000000000000000000000000000000000000000000000000000000000000000000000000000000000000000000000000000000000000000000000000000000000000000000000000000000000000000000000000000000000000000000000000000000000000000000000000000000000000000000000000000000000000000000000000000000000000000011100110111101
000000000000000000000000000000000000000000000000000000000000000000000000000000000000000000000000000000000000000000000000000000000000000000000000000000000000000000000000000000000000000000000000000000000000000000000000000000000000000000000000000000000000000000000000000000000000000000000001111101110001
000000000000000000000000000000000000000000000000000000000000000000000000000000000000000000000000000000000000000000000000000000000000000000000000000000000000000000000000000000000000000000000000000000000000000000000000000000000000000000000000000000000000000000000000000000000000000000000000110001110101
000000000000000000000000000000000000000000000000000000000000000000000000000000000000000000000000000000000000000000000000000000000000000000000000000000000000000000000000000000000000000000000000000000000000000000000000000000000000000000000000000000000000000000000000000000000000000000000000010110110101
000000000000000000000000000000000000000000000000000000000000000000000000000000000000000000000000000000000000000000000000000000000000000000000000000000000000000000000000000000000000000000000000000000000000000000000000000000000000000000000000000000000000000000000000000000000000000000000000000001000101
000000000000000000000000000000000000000000000000000000000000000000000000000000000000000000000000000000000000000000000000000000000000000000000000000000000000000000000000000000000000000000000000000000000000000000000000000000000000000000000000000000000000000000000000000000000000000000000000000000000001
000000000000000000000000000000000000000000000000000000000000000000000000000000000000000000000000000000000000000000000000000000000000000000000000000000000000000000000000000000000000000000000000000000000000000000000000000000000000000000000000000000000000000000000000000000000000000000000000000010110000
000000000000000000000000000000000000000000000000000000000000000000000000000000000000000000000000000000000000000000000000000000000000000000000000000000000000000000000000000000000000000000000000000000000000000000000000000000000000000000000000000000000000000000000000000000000000000000000000000000111101
000000000000000000000000000000000000000000000000000000000000000000000000000000000000000000000000000000000000000000000000000000000000000000000000000000000000000000000000000000000000000000000000000000000000000000000000000000000000000000000000000000000000000000000000000000000000000000000000000000110101
000000000000000000000000000000000000000000000000000000000000000000000000000000000000000000000000000000000000000000000000000000000000000000000000000000000000000000000000000000000000000000000000000000000000000000000000000000000000000000000000000000000000000000000000000000000000000000000000000000011101
000000000000000000000000000000000000000000000000000000000000000000000000000000000000000000000000000000000000000000000000000000000000000000000000000000000000000000000000000000000000000000000000000000000000000000000000000000000000000000000000000000000000000000000000000000000000000000000000000000000000
000000000000000000000000000000000000000000000000000000000000000000000000000000000000000000000000000000000000000000000000000000000000000000000000000000000000000000000000000000000000000000000000000000000000000000000000000000000000000000000000000000000000000000000000000000000000000000000000000000000100
000000000000000000000000000000000000000000000000000000000000000000000000000000000000000000000000000000000000000000000000000000000000000000000000000000000000000000000000000000000000000000000000000000000000000000000000000000000000000000000000000000000000000000000000000000000000000000000000000000000000
000000000000000000000000000000000000000000000000000000000000000000000000000000000000000000000000000000000000000000000000000000000000000000000000000000000000000000000000000000000000000000000000000000000000000000000000000000000000000000000000000000000000000000000000000000000000000000000000000000000000
000000000000000000000000000000000000000000000000000000000000000000000000000000000000000000000000000000000000000000000000000000000000000000000000000000000000000000000000000000000000000000000000000000000000000000000000000000000000000000000000000000000000000000000000000000000000000000000000000000000000
