010000000100011101011000111110010001000000100100101100110100111011001100001111100111111101111100101010111011111001001111111010110001010010000000101101110101111000111110111010011001110000010100111111001111001111111110111101100011001110111001111011111111111110000110011100000111010111001011101111001011
000110001001100010000110001001101000000010010001010010000000000100100001000000010100000000000001010010000010000101010000000000001100010100110100000000000000001010100000000001100100000010101010000000000000110000000000000000011000100000000100000000000000000001001001010011000000010100100000000000100000
000000101011000000100001000000100110001100101010000000000000000001010010010000000000000000000010000100000100000000100000000100001110001000010010000000100011000101100001000000000000000001101011000000000000100000000000000000000010010000110110000001000000000000100000000000010000001100100000010000000000
000010001001100010000110000001001000000010010001010010000000000000100001000000010000000000000001010000000010000100010000000000001100000100111100010010000000100010100000000001100100000010101000000000010000010000000000000000011000110000000100000000000000000001001001000011000000010100101000010000100000
000000001001100010000110000001001000010010010001010010000000000100100001100000010000000000000001010000000010000100010000000000001100000100111101000010000000000010100000000001100100000010101000000000000000010000000001000000011000110000000100000000000000000000001001000011000000010100100000000000100000
000000000000000000000000000000000000000000000000000000000000000000000000000000000000000000000000000000000000000000000000000100000000000000000000000000000000000000000000000000000000000100000000000000000000000000000000000000000000000000000000000000000000000000000000000000000000000000000000010000000000
000000010010000000100000000000100110101100001010000001000000000000010000010000001000000000000011000100000000000010000000000001001010101001000010000000000010000101000001000000000110000101000011000000000000100000000000000010000000010001000010000000000000000000110001100000110000101000010100010000100100
000000000000000000000001000000000010000000001000000000000000000000000000010000001000000000000000000100000000000000000000000100000000101000000000000000000000000100000000000000000000001100000000000000000000000000000000000010000000000001000000000000000000000000110000000000100000000000000000010000000100
000000000001100010000100000011000000011010010011010010000000000100100000000000010000000000000001010000000010000100000000000000001110000100110100000000000010100000100000000010100100000010101000000000000000110000000000000000011000000000000100000000000000000000001001000011000000000100100000000000100000
000000000000011101011000111110010001000000100100101110010100111011001100001111100111111101111100101010111001111000001111111010110001010010010000001101110101111000011110111010011001100000010100111011001111001111111110111101100011001110111001111011111111111110000110011000000111000010001011101111001011
000000000000000000100001000000100100101100101010000001000000000000110010010000000000000000000010010100000100000010100001000101100110101000000010000000000010000101000001000000000010000001001011000000000000100000000000000010000000010000000010000000000000100000110000000000110000101000000100000000000100
000000000000100010000110000001001000010010010001110010000000000100100001001000010000000000000001010010100010000100010000000000001110010100011101000010000000000010100000001011100100000010101000100000000000110000000000000000011000110000000100000000000000000001001001000011000000010100100000000001100000
000000000000000010000110000001001000010010010001010010000000000100100001100000010000000000000001010000000010000100010000000000001100000100010100000000001000000010100000000001100100000010101000000000100000010000000001000000011000100010000100000010000000000001001001000011000000010100100000000000100000
000000000000001101011100111110110001000000100100101100111101111011001100001111100111111111111100111010111011111001001111111010110011010010000010011101110101111000111110111010011001110000011110111111001111101111111110111101100111001110111101111011111111111110001110011100000111000111001011101111001011
000000000000000101011000111110010001000000100100101100010101111011001100001111100111111101111100101011111001111001001111111010110001010010000000001001110101111000011110111010011001110000010100111111001111101111111110111101100111001110111001111011111111111110000110011100000111000011001011101111001011
000000000000000001111000111110110001000000100100101100010100111011101100001111100111111101111100111010111001111001001111111010110001010010010100001001110101111000011110111010011001100000010100111111001111001111111110011100100011001110111001111011111111111110000110011000000111000011001011101111001010
000000000000000000100110000001001000010010010001010010000000000100100001100000010000000000000001010000000011000100010000000000001110001100110101000000001000000010100000000001100100000010101000000000000000110000000001000000011000100000000100000000000000000001001001000011000000010100101000000000100000
000000000000000000011000111110010001000000100100100100011101111011001100001111100111111111111100101010111001111001001111111000110011010010000000001001110001111000011110111010011001100000010100111111001111001111111110111101100110001110111001111011111111111110000110011000000111000011001011101101000010
000000000000000000000101000000100000100100011011000001000000000000110000010000001000000000000011010100000110000000000000000100001110101001000010000000000010000001001001000000000000000101100011000000000000100000000000000010000000000001000010000000000000000000100000100000110000001000000000010000000100
000000000000000000001000101110010001000000100100001100011101011011001100001101100111111111111100101010111001111001000111111000110011010010000000001001110001111000011110111010011001100000011100111111000111001111111110111101100111001110111001111011111110111110000110011000000011000011001011101111001011
000000000000000000000000111110010001000000100100101100011101111011001100001111110111111111111100101010111001111001001111111010110001010010000000001101110101111000011110111010011001100000010100111111001111001111111110111101100011001110111001111011111111111110000110011000000111000011001011101111001011
000000000000000000000010000001001000010010010001011010100000000000100001100100010000000000000001010000000010000100010000000000001110000100111100010011000000000010110000000001100101000010101010000000010000110000000001000000011000110000000100000000000000000001011001001011000000010100100000010001100000
000000000000000000000000000001001000000010010000000010000000000000100001100000010000000000000001010000000010000100010000000000001100000100010100000000000000000010100000000001000100000010101000000000000000010000000000000000010000100000000100000000000000000001001001000011000000000100100000000000100000
000000000000000000000000000000100100101000011010000001000010000000010010010000011000000000000010000100000110000000100000000100000110101001000010000000000010000101000001000100000000000101000011000000000000100000000000000010010000010001000010000000000000000000111000000001111000101000000000010000000100
000000000000000000000000011110010001000000100100101100010101111011101100011111110111111111111100101110111001111001001111111000110111010010010000001101110111111000011110111010011001100000010111111111001111001111111110111101100111001110111001111011111111111110000110011000000111100011001011101111001011
000000000000000000000000001110010001000000100100100100010111111011001100001111100111111101111100101010101011111000001111111000110001010010000000001101100101111000011110111010011001100000010100111011001111001111111110011101100011001110111001111011111111111110000110011000000111000111001011101111001011
000000000000000000000000000110010001000000100100101100110100111011001100001111100111111101111100101010111011111001001111111010110001010010000000101101110101111000111110111010011001110000010100111111001111001111111110111101100011001110111001111011111111111110000110011100000111010111001011101111001011
000000000000000000000000000010010001000000100100101100011101111011001100001111100111111111111100101011111001111001001111111000110001010010000000001101110101111000011110111010011001110000010100111111001111001111111110111101100011001110111001111011111101111110000110011000000111000011001011101111001011
000000000000000000000000000000110001000000100100111100111101111011001100001111100111111111111100101010111011111001001111111000110001010010000100011101110101111100011110111010011001100000010100111111001111001111111110111101100011001110111001111011111111111110000110011000000111000011001011101111001011
000000000000000000000000000000001000010010010001010010000000000100100001100000010000000000000001010000000010000100010000000000001100000100111100000010000000000000100000000001100100000010101000000000100000010000000001000000011000100000000100000000000000000001001001000011000000010100100000000000100000
000000000000000000000000000000000110101110001110101001100010000001010000010000001000000100000010000110000100010010100000000101100010101001110010000000100011111101111001000010000010000101000011000010000000101000000000001010100000010101100010011001100000010010110000100000111001011010001001011001000100
000000000000000000000000000000000001000000100100101100011101111011001100001111100111111111111100101010111001111001001111111000110001010010000000001101110101111000011110111010011001100000010100111111001111001111111110111101100011001110111001111011111111111110000110011000000111000011001011101111001011
000000000000000000000000000000000000010010010001000010000000000000100001000000010000000000000001010000000010000100010000000000001100000100011101000010000000000010100000000001100100000010100000000000000000010000000000000000010000000000000100000000000000000000001001000011000000010100100000000000100000
000000000000000000000000000000000000101100001010000001000000000000010000010000011000000000000011010100000100000010100000000101100010101001000010000000000010000101000001000000000010000101000011000000000000100000000000001000000000010000000010000000000000000000110000100000010000101000000000011000010000
000000000000000000000000000000000000101000001000000000000000000000010000010000001000000000000000000100000100000000000000000100000010101000000000000000000010000000000000000000000000001100000010000000000000100000000000000010000000010001000000000000000000000000110000000000100000000000000000010000000100
000000000000000000000000000000000000000000100100101110010101111011001100001111100111111101111100101010111001111001001111111010110001010010000000001101110101111000011110111010011001100000010100111111001111001111111110111101100011001110111001111011111111111110000110011000000111000011001011101111001011
000000000000000000000000000000000000001100000010000001000000000000010000010000000000000000000010000100000110001010000000000101000010000001000010000000000010000101000001000000000000000101000011000000000000100000000000000000010000000001000010000000000000000000110000100001010000101000000000010000000000
000000000000000000000000000000000000000010010001010010000000000000100001000000010000000000000001010000000010000100010000000000001010000100011101000010000000000010100000000001100100000010101000000000000000010000000000000000010000000000000100000000000000000000001001000011000000010100100000000000100000
000000000000000000000000000000000000000000001010000001010010000011110010010000001000000000001110000100000110000010100101000100100010101001010010000000100011010101110011010010000000000101101011000000000000101000010010000010000000010001101010001001000100000000110000110000111001001100000000010000000100
000000000000000000000000000000000000000000000000000000000000000000010000010000000000000000000011000100000010000010000000000101000110101001000010000000000010000101000001000000000010000100000011000000000000100000000000000000000000000001000010000000000000000000110000100000010000101000010100010000000000
000000000000000000000000000000000000000000010001010010000000000100110001100000010000000000000001010000000010010100010000000000001100000100111101000010000000000010100000000001100100000010101000000000000000010000001001000000111000110000000100000000000000000001001001000011000000010100100000000000100000
000000000000000000000000000000000000000000000000000000100000000000000000000000000000000000000000000001000000000000000000000000000000000000000000110000000000000000000000000000000000010000000000000000010000000000000000000000000000000000000000000000000000000000000000000100000000000000000000000000000000
000000000000000000000000000000000000000000000100100100010100111011101100001101100111111101111100101010111001111001001111111000110001010010000000001001110101111000011110111010011001100000110110111111001111101111111110111101100011001110111001111011111111111110000110011000000011000011001011101111000011
000000000000000000000000000000000000000000000001010010000000000100110001110000010000100100000111010100100110000100010000000100001110011100011100000001001010110011111001000001100100000000101011000010100010111000100001000000111000100100000100000000000000100001011001001011000000010110100000000000100000
000000000000000000000000000000000000000000000010000001000010000000010010010000001000000000000010000100000100000010100000000100000010101001000000000000000010000100000000000000000000000101000000000000000000100000000000000010000000010001000010000000000000000000110000000000111000101000000000010000000100
000000000000000000000000000000000000000000000000101100011101111011001100001111100111111111111100101011111001111001001111111000110001010010000000001101110101111000011110111010011101100000010100111111001111001111111110111101100011001110111001111011111111111110000110011000000111000011001011101111001011
000000000000000000000000000000000000000000000000010001000000000000010010010000001000000000000010000100000110000010100000000101000010101001000010000000000010000101000001000000000010000101000011000000000000100000000000000010000000010000000010000000000000000000110000100000111000000000000000010000000100
000000000000000000000000000000000000000000000000010010000000000100110001000000010000000000000001010000000010000100010000000000001110010100111101000010000000000010100000000001100100000010101000000000000000110000000001000000011000100000000100000000000000000000001001000011000000010100100000100000100000
000000000000000000000000000000000000000000000000001100010101111011001100001111100111111101111100101010101101111001001101111010110001010010000000001001110101111000011110111010011001100000011100111111001111101111111110011100100001001110111001111011111101111110000110011010000111000011001011101111101010
000000000000000000000000000000000000000000000000000010100000000100100001000000010000000000000001010000000010000101010000000000001100000100110100000000000000010000100000000001100100000010101000000000000000010000000001000000011000000000000100000000000000000000011001000011000000010100100000000000100000
000000000000000000000000000000000000000000000000000100010101111011001100001111100111111101111100001010101001111001001111111000110001010010000000001001110101111000011110111010011001100000011100111111001111001111111010011101100000001110111001111011111111110110000110001000000111000011001011101111001011
000000000000000000000000000000000000000000000000000000110101111011001100001111100111111111111100101010111001111001001111111010110001010010000000001101110101111000111110111010011001100000010100111111001111101111111110111101100011011110111101111011111111111110000110011100000111000011001011101111001011
000000000000000000000000000000000000000000000000000000000100000100100001000000010000000000110001010000101011100100010000000000001100000100010100000000011000000010100000001001100100000010101000001000100000010000000001001000010000110000000100010000000000000001001001000011000000010100101000000000100000
000000000000000000000000000000000000000000000000000000000010000000010010010000001000000000000010000100000100000010100000000101000010101001000010000000000010000101000001000000000010001101000011000000000000100000000000000010000000010001000010000000000000000000110000000000111000000000000000010000000100
000000000000000000000000000000000000000000000000000000000100000001000000000000000100000000000100001001000000010000000000000000000010000000000000110000000000111000001100000000000000010010000100000010010000000000000000000000000000000110000000010010000000100000000000000100000000000000001000101000000000
000000000000000000000000000000000000000000000000000000001101111011001100001111100111111111111100101010111001111001001111111010110001010010010000001101110101111000011110111010011001100000010100111111001111001111111110111101100111001110111001111011111111111110001110011000000111000011001011101111001011
000000000000000000000000000000000000000000000000000000000100000011001000000011000000001111101100101000000001010000001001001000010000000010000000001000000000000000001110010000001001100000010000000000000000000100010010111100000100001010101000111010101100100110000110000000000001000000001011101101000010
000000000000000000000000000000000000000000000000000000000001111011101100001111100111111111111100101010111011111001001111111010110001010010000000001101110101111000111110111010011001100000110100111111001111101111111110111101100111001110111101111011111111111110001110011000000111010011001011101111001011
000000000000000000000000000000000000000000000000000000000000000000010010010000001000000000000010000100000100000000100000000000000000101001000000000000000010000000000000000000000000000000000000000000000000100000000000000010000000010001000000000000000000000000100000000000111000000000000000000000000100
000000000000000000000000000000000000000000000000000000000000111011000100001111100011101101101100101010111001111001001111111000110001010000000000001001100101101000011110111010001001000000010100110111000111001110111110111101100001001110111001111011111101111110000110001000000111000011001010101111001011
000000000000000000000000000000000000000000000000000000000000011011001100001111110110111101111100101010101011111001001111111010110001010010000000001001110111111000011110111010011001100000010110111111001111101111111010011101100011001110111001111011111111111110000110011000000111000011001011101111001011
000000000000000000000000000000000000000000000000000000000000001011001100001111100111111101111100101010101011111001001111111000110001010010000000001101110101111000011110111010011001100000011100111111001111001111111010111101100111001110111001111011111111111110000110011000000111000011001011101111001011
000000000000000000000000000000000000000000000000000000000000000011001100001111100111111101111100111010111011111001001111111000110001010010000000011001110101111000011110111010011001100000111100111111001111001111111110111101100111000110111001111011111111111110000110011000000111000111001011101111001011
000000000000000000000000000000000000000000000000000000000000000000100001100000010000000100000000010000000010000100010000000000001100000100010100000000001000000000100000000001100100000000101000000000000000010000000001000000110000000000000100000000000000000000001000000001000000010110100000001000100000
000000000000000000000000000000000000000000000000000000000000000001001100001111100111111111111100101010111011111001001111111010110001010010010000001101110101111000011110111010011001100000110100111111001111001111111110111101100111001110111001111011111111111110000110011000000111000011001011101111001011
000000000000000000000000000000000000000000000000000000000000000000001100001111100111111111111110101010111011111001001111111010110001010010000000011101110101111000011110111010011001110000010100111111011111001111111110111101100011001110111001111011111111111110000110011000000111000011001011101111001011
000000000000000000000000000000000000000000000000000000000000000000010001110100010000000100000111010010000010000100010101000000001110010100010111000010111011100010111101001011101101000110101011000010100010110000010001011000011000110110100100000011000001100001011001001011000000010100101000010001100000
000000000000000000000000000000000000000000000000000000000000000000000010010000011000000000000010010100000110001010100000000101000110101001000010000000000010100101000001001110000110000101000011000000000000100000000000000010010000010001000010000000000000000000111000100001111000101000100000010001100100
000000000000000000000000000000000000000000000000000000000000000000000100001111100110111101111100101010111001111001001101111010110001010010000000001101110101111000011110111010011001100000010100111111001111001111111110001101100011001110111001101011111111111110000110011000000111000011001011101111001011
000000000000000000000000000000000000000000000000000000000000000000000000001111100111111111111100101010111001111001001111111010110011010010000000001101110101111000011110111010011001100000010100111111001111001111111110011101100011001110111001111011111111111110000110011000000111000011001011101111001011
000000000000000000000000000000000000000000000000000000000000000000000000010000001000000000000010000100000100001010000000000000000010101001000000000000100011000000000001010000000000000001000001000000000000100000000000000010000000010001100010000001000000000000110000110000111001000000000000000000000100
000000000000000000000000000000000000000000000000000000000000000000000000110000010000000000000001010000000010000100010000000000001100000100010100000000001000000010100000000011100100000000101000000000100000010000000001010000011000100000000101000000000001000001001001000011000001010100100000000000100000
000000000000000000000000000000000000000000000000000000000000000000000000000000010000000000000001010000000010000100010000000000001100000100010101000000000000000010100000000001000100000000101000000000000000010000000000000000010000100000000100000000000000000001000000000011000000000100100000000000100000
000000000000000000000000000000000000000000000000000000000000000000000000000000011000000000000110010100000110000010100000000101000110101001010010001000100011000101000001000000000000001101100011000010000000100000000000000010000000010001100010000001000000000000110000100000111000001000000000010001000110
000000000000000000000000000000000000000000000000000000000000000000000000000111100111111101111100101010111001111001001111111010110001010010000000001101110101111000011110111010011001100000010100111111001111001111111110111101100111001110111001111011111111111110000110011000000111000011001011101111001011
000000000000000000000000000000000000000000000000000000000000000000000000000011100111111101111100111011111011111001001111111010110101010010000000001101110101111000011110111010011101100000010100111111001111001111111110111101100011001110111001111011111111111110000110011000000111000011001011101111001011
000000000000000000000000000000000000000000000000000000000000000000000000000001100110111101111100101010101001111001001111111010110001010010000000001001110101111000011110111010011001100000010100111111001111001111111110011101100011001110111001111011111111111110000110011000000111000011001011101111001011
000000000000000000000000000000000000000000000000000000000000000000000000000000100111111111111110101010111001111001001111111010110001010010010000001101110101111000011110111010011001100000010100111111001111001111111110111101100011001110111101111011111111111110000110011000000111000011001011101111001011
000000000000000000000000000000000000000000000000000000000000000000000000000000000111111111111100101011111001111001001111111000110001010010000000011101110101111100011110111010011001100000010100111111001111001111111110111101100111001110111001111011111111111110000110011000000111100011001011101111001011
000000000000000000000000000000000000000000000000000000000000000000000000000000000000100000000111010110100110000100010000000100001110001100010100000000011010110010111001000001100101000000101011000001100010111000100001000000111000100100000100000000000000100001011001001011000000011110100000000000100000
000000000000000000000000000000000000000000000000000000000000000000000000000000000000000000000010000100000100000010100000000100000010101001000000000000000010000100000000000000000000001101000000000000000000100000000000000010000000010001000010000000000000000000110000000000111000101000000000010000000100
000000000000000000000000000000000000000000000000000000000000000000000000000000000011111101111100101010111011111001001111111010110001010010000000101101110101111000111110111010011001110000010100111111001111001111111110111101100011001110111001111011111111111110000110011100000111010111001011101111001011
000000000000000000000000000000000000000000000000000000000000000000000000000000000001111101111100101010111001111001001111111010110001010010000000001101110101111000011110111010011001100000010100111111001111001111111110011101100011001110111001111011111111111110000110011000000111000011001011101111001011
000000000000000000000000000000000000000000000000000000000000000000000000000000000000111111111100101011111011111001001111111000110101010000000000001001110001101000011110111010011001100000010100111111001111001111111010111101100111001110111001111011111111111110001110011000000111000011001011101111001011
000000000000000000000000000000000000000000000000000000000000000000000000000000000000011101111100111010111011111001001111111000110111010010000100001001110101111000011110111010011001100000010100111111000111101111111110011101110011001110111001111011111111111110000110011001000111000011001011101111001011
000000000000000000000000000000000000000000000000000000000000000000000000000000000000001111111100101010101001111001001111111010110001010010000000001001110101111000011110111010011001100000010100111111001111001111111110011101100011001110111001111011111111111110000110011000000111000011001011101111001011
000000000000000000000000000000000000000000000000000000000000000000000000000000000000000111111100101010111001111001001111111010110011010010000000001101110101111000011110111010011001100000010100111111001111001111111110111101100111001110111001111011111111111110000110011000000111000111001011101111001011
000000000000000000000000000000000000000000000000000000000000000000000000000000000000000011111100111010111011111001001111111010110111010010000000001101110101111000111110111010111001100000110100111111001111001111111110111101100111001110111101111011111111111110001110011000000111000011001011101111001011
000000000000000000000000000000000000000000000000000000000000000000000000000000000000000001001100101010001001111001001111100000110000000000000000001001100001010000011110011010001001100000010000010011000101001100011010111100100110001110111000110010101101111110000110011000000001000010001011101111001010
000000000000000000000000000000000000000000000000000000000000000000000000000000000000000000111100101010111001111001001111111010110001010010000000001101110101111000011110111010011001100010010100111111001111001111111110111101100111001110111001111011111111111110000110011000000111000011001011101111001011
000000000000000000000000000000000000000000000000000000000000000000000000000000000000000000011100101010111001111001001111111010110001010010010000001101110101111000111110111010011101100000010100111111001111001111111110011101100011001110111101111011111111111110000110011000000111000011001011101111001011
000000000000000000000000000000000000000000000000000000000000000000000000000000000000000000001100101010111001111000001111111010110001010010010000001101110101111000011110111010011001100000010100111011001111001111111110111101100011001110111001111011111111111110000110011000000111000010001011101111001011
000000000000000000000000000000000000000000000000000000000000000000000000000000000000000000000100101010111011111001001111111010110001010010000000001101110101111000011110111010011001100000010100111111001111001111111110111101100111001110111001111011111111111110000110011000000111000011001011101111001011
000000000000000000000000000000000000000000000000000000000000000000000000000000000000000000000000101010111011111001001111111010111011011010010100001101110101111000011110111010011001100000111100111111011111001111111110111101111111001110111001111011111111111110000110011001000111000011001011101111001011
000000000000000000000000000000000000000000000000000000000000000000000000000000000000000000000000010100000110000010100000000000001110101001000110000000000010100101000001000100001010000101000011000000000000110000000000000010010000010001010110001000000000000000111000100001111000001000000000010000000100
000000000000000000000000000000000000000000000000000000000000000000000000000000000000000000000000010000000010000100010000000000001110000100011101000010001000000010100000000001100100000010101000100000100000010000000000000000010000010000000100000000000000000001101001000011000000010100100000010000100000
000000000000000000000000000000000000000000000000000000000000000000000000000000000000000000000000001010101001111001001111111000110011010010000000001101110101111000011110111010011001100000010100111011001111001111111110111101100111001110111001111011111111111110000110011000000111000010001011101111001011
000000000000000000000000000000000000000000000000000000000000000000000000000000000000000000000000000110100110000100010100000000001110010100011111000011001010001110111000000001100101100010101000101001100010110000000001000000011010100000000101000000000010100001001001001011000000010100101001000000100000
000000000000000000000000000000000000000000000000000000000000000000000000000000000000000000000000000011111001111001001111111000110011010010000000001101110101111000011110111010011101110000010100111111001111001111111110111101100011001110111001111011111111111110000110011000000111000011001011101111001011
000000000000000000000000000000000000000000000000000000000000000000000000000000000000000000000000000000000110000100100000000100000110101001010110000000000010000101000001001100000101001100101011000010000000110000000000000010110000010001010110000000000000000000111000100011111000011000000000010000000100
000000000000000000000000000000000000000000000000000000000000000000000000000000000000000000000000000000111011111001001111111010110011010010000000001101110101111000011110111010011001100000011100111111001111101111111110111101100011001110111001111011111111111110000110011000000111000011001011101111001011
000000000000000000000000000000000000000000000000000000000000000000000000000000000000000000000000000000000011000000000000000000001000000000000000110000000000111000000100000000000000010010110000001000010000000001000000000000000000000010000000000010100000100100000110000100000000000010000000000000000000
000000000000000000000000000000000000000000000000000000000000000000000000000000000000000000000000000000011011111001001111111010110101010010010000001001110101111000111110111010011001100000011110111111001111101111011110111100100011001110111101111011111111111110000110011000000111000111001011101111001010
000000000000000000000000000000000000000000000000000000000000000000000000000000000000000000000000000000001001111001001011111000110001010010000000001001100101111000011110111010011001100000010100100111000111001110111110011101100011001110111001011011111110111010000010011000000111000011001011101111001011
000000000000000000000000000000000000000000000000000000000000000000000000000000000000000000000000000000000001111001001111111010110001010010000000001001110101111000011110111010111001100000010100111111001111101111111110111101100111001110111001111011111111111110000110011000000111000111001011101111001011
000000000000000000000000000000000000000000000000000000000000000000000000000000000000000000000000000000000010000010100001000100000110101000000010000000000010000101100101000100001001000101000011000000000000100000000000000010000011010011000010001010000000000000111000000000111000000000000000010000000100
000000000000000000000000000000000000000000000000000000000000000000000000000000000000000000000000000000000001011100110001100100101110011100010100011001111011111010110111011001101101000010101010101010110010110000010001011110111000010010110110001011000100100001111001011111100001010110101001100001100100
000000000000000000000000000000000000000000000000000000000000000000000000000000000000000000000000000000000000111001001111111010110011010010000100101101110101111000011110111010011001110000010100111111001111001111111110111101100111001110111001111011111111111110001110011100000111000111001011101111001011
000000000000000000000000000000000000000000000000000000000000000000000000000000000000000000000000000000000000011001001111111010110001010010010000001101110101111000011110111010011001100000010100111111001111001111111110111101100011001110111001111011111111111110000110011000000111000111001011101111001011
000000000000000000000000000000000000000000000000000000000000000000000000000000000000000000000000000000000000001001001111111000110011010010000000001001110101111000111110111010011001100000011100111111001111001111111110111101100111001110111101111011111111111110000110011100000111000011001011101111001011
000000000000000000000000000000000000000000000000000000000000000000000000000000000000000000000000000000000000000001001111111010110011010010000000001101110101111001011111111010011001100000010111111111001111101111111110111101100111011110111011111011111111111110000110011000000111000011001011101111001011
000000000000000000000000000000000000000000000000000000000000000000000000000000000000000000000000000000000000000000010000000000001110000100111101000010000000000010100000000001100100000010101000000000000000010000000000000000011000110000000100000000000000000001101001000011000000010100100000010000100000
000000000000000000000000000000000000000000000000000000000000000000000000000000000000000000000000000000000000000000000000000001000010101000000010000000000010000101000001000000000010000000000011000000000000100000000000000010000000010000000010000000000000000000010000100000110000100000000000000000010100
000000000000000000000000000000000000000000000000000000000000000000000000000000000000000000000000000000000000000000001111111000100011010010000000101001110101111000011110111010011001100000010100111111000111001111111010111101100011001110111001111011111111111110000110011100000111010111001011101111000011
000000000000000000000000000000000000000000000000000000000000000000000000000000000000000000000000000000000000000000000000000100000110101001000000000000000010000101000001000000100000000000000011000010000000101000000000000000000000010001000010000000000000000000111000001000000000000000000000010000000000
000000000000000000000000000000000000000000000000000000000000000000000000000000000000000000000000000000000000000000000000000000001100000100011101000010000000000010100000000001100100000000101000000000000000010000000001000000011000100000000100000000000000000001001001000011000000010100100000000000100000
000000000000000000000000000000000000000000000000000000000000000000000000000000000000000000000000000000000000000000000111111000110001010010000000001101110101111000011110111010001001100000010100111111001111001111111110111101100111001110111001111011111111111110000110011000000111000011001011101111001011
000000000000000000000000000000000000000000000000000000000000000000000000000000000000000000000000000000000000000000000011111010110111010010000100001101110101111000011110111010011001110000011100111111001111001111111110111101100011001110111001111011111111111110001110011000000111000111001011101111001011
000000000000000000000000000000000000000000000000000000000000000000000000000000000000000000000000000000000000000000000001111000110000010000000000001001110101111000011110111010011001100000011100111111001111001111111110111101100011001110111001111011111111111110000110011000000111000011001011101111001011
000000000000000000000000000000000000000000000000000000000000000000000000000000000000000000000000000000000000000000000000111010110001010110000000001101110101111000111110111010011001110000110101111111001111101111111110111101100111001110111101111011111111111110000110011100000111000011001011101111001011
000000000000000000000000000000000000000000000000000000000000000000000000000000000000000000000000000000000000000000000000011010110001010010000000001101110101111000011110111010011001100000010100111111001111001111011110111101100011001110111001111011111111111110000110011000000111000011001011101011000011
000000000000000000000000000000000000000000000000000000000000000000000000000000000000000000000000000000000000000000000000001000110001010010000000001001110101111000011110111010011001100000010100111111001111001111111110111101100011001110111001111011111111111110000110011000000111000011001011101111001011
000000000000000000000000000000000000000000000000000000000000000000000000000000000000000000000000000000000000000000000000000010110101010010010000001001100001111000011110111010001001100000010100111111001111001111111110111100100011001110111001111011111111111110000110011000000111000111001011101011001010
000000000000000000000000000000000000000000000000000000000000000000000000000000000000000000000000000000000000000000000000000000001110101001000000000000000010000100000001000000000000001100101011000010100000100000000000000000000000010001000010000000000000000000111000000000010000000000000000010000000000
000000000000000000000000000000000000000000000000000000000000000000000000000000000000000000000000000000000000000000000000000000110000010010000000001001100101111000000110111010001001100000000100001011001010001111011000001100100000001110111000001010011101111000000000010000000011000010001011101010000000
000000000000000000000000000000000000000000000000000000000000000000000000000000000000000000000000000000000000000000000000000000000010000001000010000000000000000101000001000000000010000101000011000000000000000000000000000010000000000000000010000000000000000000100000100000110000101000000000000000000100
000000000000000000000000000000000000000000000000000000000000000000000000000000000000000000000000000000000000000000000000000000010001010010000000001001110101111101011110111010011001100000011111111111001111001111111110111101100111001110111001111011111111111110000110011000000111110011001011101111001011
000000000000000000000000000000000000000000000000000000000000000000000000000000000000000000000000000000000000000000000000000000000001010010000000001101110101111000011110111010011001100000010100111111001111001111111110111101100011001110111001111011111111111110000110011000000111000011001011101111001011
000000000000000000000000000000000000000000000000000000000000000000000000000000000000000000000000000000000000000000000000000000000100000100010100000011001000000000110000000001100100000010101000000010100000110000000001000000011000100000000100000000000000000001001001000011000000010100100000000000100000
000000000000000000000000000000000000000000000000000000000000000000000000000000000000000000000000000000000000000000000000000000000010001100011110000001101011100110110000000011100100000010101010000000100010111000100001000001011000110000100100000001000000000001001001000011000000010101100001000001100000
000000000000000000000000000000000000000000000000000000000000000000000000000000000000000000000000000000000000000000000000000000000000111001000110000000100010001101110001001110001111000111100011110101010000101001000000000110110000010001110010010001000100000010111000110011111000101110001001110000101100
000000000000000000000000000000000000000000000000000000000000000000000000000000000000000000000000000000000000000000000000000000000000010010000000001001110001111000011110111010001001100000011100111111001111001111111010011101100011001110111001111011111111110110000110011000000111000111001011101111001011
000000000000000000000000000000000000000000000000000000000000000000000000000000000000000000000000000000000000000000000000000000000000001001000000000000000010000000000000000000000000000101000010000000000000100000000000000010000000010001000010000000000000000000110000000000111000001000000000010000000100
000000000000000000000000000000000000000000000000000000000000000000000000000000000000000000000000000000000000000000000000000000000000000010010000001101110101111000111110111010011001100000110110111111001111001111111110011101100111001110111101111011111111111110000110011000000111000011001011101111001011
000000000000000000000000000000000000000000000000000000000000000000000000000000000000000000000000000000000000000000000000000000000000000001000010000000000010010101000001000100000000001101100011000000000000100000000000000010010000010001000010000000000000000000111000000001111000001100000000010000000100
000000000000000000000000000000000000000000000000000000000000000000000000000000000000000000000000000000000000000000000000000000000000000000010100000010001000000010100000000001100100000010101000000000100000010000000001000000011000100000000100000000000000000001001001000011000000010100100000000000100000
000000000000000000000000000000000000000000000000000000000000000000000000000000000000000000000000000000000000000000000000000000000000000000000000001101110101111000011110111010011001100000010100111111001111001111111110001101100011001110111001101011111111111110000110011000000111000011001011101111001011
000000000000000000000000000000000000000000000000000000000000000000000000000000000000000000000000000000000000000000000000000000000000000000000010000000000010000101000001000100000000000101000011000000000000100000000000000010000000010001000010000000000000000000110000100000111000101000000000010000000100
000000000000000000000000000000000000000000000000000000000000000000000000000000000000000000000000000000000000000000000000000000000000000000000000000000000000000000000000000001000100000010000000000000000000010000000000000000001000000000000100000000000000000000000000000010000000010100100000000000100000
000000000000000000000000000000000000000000000000000000000000000000000000000000000000000000000000000000000000000000000000000000000000000000001101000011001010110010110000001001100101000010101000001011001000110000010001010000011000100100010100000000000001000000001001000011000000010100101001000000100000
000000000000000000000000000000000000000000000000000000000000000000000000000000000000000000000000000000000000000000000000000000000000000000000001000010000000000000100000000001100100000000100000000000000000000000000000000000010000100000000100000000000000000000001001000011000000010100100000000000100000
000000000000000000000000000000000000000000000000000000000000000000000000000000000000000000000000000000000000000000000000000000000000000000000001000010001000100010101000000011100101000010101000000001100010010000000001000000011000110000000101000000000000000001001001000011000001010100101000000000100000
000000000000000000000000000000000000000000000000000000000000000000000000000000000000000000000000000000000000000000000000000000000000000000000000000000000010000101010001000000000011000101000011000000000000101000000000000000000000000000000010000000000000000000010000100000010000101000000000011000000000
000000000000000000000000000000000000000000000000000000000000000000000000000000000000000000000000000000000000000000000000000000000000000000000000000010000000000010100000000001100100000000000000000000000000000000000000000000000000000000000100000000000000000000001001000010000000010100100000000000100000
000000000000000000000000000000000000000000000000000000000000000000000000000000000000000000000000000000000000000000000000000000000000000000000000010000000000101000001000000000000001010000000000000010010010000000001000000000100001000000000000000000000000000000000000000100000000000010001000000000000000
000000000000000000000000000000000000000000000000000000000000000000000000000000000000000000000000000000000000000000000000000000000000000000000000000000000000101000100100000000000000010000000100001010010000000010001000000000100000000110000000010010000000000000000000000100000001000010001000100000000000
000000000000000000000000000000000000000000000000000000000000000000000000000000000000000000000000000000000000000000000000000000000000000000000000000101110101111000011110111010011001100000010101111111001111001111111110011101100011001110111001111111111111111110000110011000000111000011001011101111001011
000000000000000000000000000000000000000000000000000000000000000000000000000000000000000000000000000000000000000000000000000000000000000000000000000000100001111000011110111010001001100000010100000011000010000011110110001101000001001110101001100011111101111110000110011000000011000001001010101011000001
000000000000000000000000000000000000000000000000000000000000000000000000000000000000000000000000000000000000000000000000000000000000000000000000000000000000000000100000000001100100000000101000000000000000000000000000000000000000000000000100000000000000000000001001000010000000010100100000000000100000
000000000000000000000000000000000000000000000000000000000000000000000000000000000000000000000000000000000000000000000000000000000000000000000000000000110101111000111110111010011001100000110100111111001111101111111110111101100011001110111101111011111111111110000110011000000111000111001011101111001011
000000000000000000000000000000000000000000000000000000000000000000000000000000000000000000000000000000000000000000000000000000000000000000000000000000010101111000111110111010011001100000010100111111001111101111111110111101100011001110111001111111111111111110000110011000000111000111001011101111001011
000000000000000000000000000000000000000000000000000000000000000000000000000000000000000000000000000000000000000000000000000000000000000000000000000000000101111000011110111010011001100000010100111111001111001111111010011101100011001110111001111011111111111110000110011000000111000011001011101111001011
000000000000000000000000000000000000000000000000000000000000000000000000000000000000000000000000000000000000000000000000000000000000000000000000000000000000000000000000000000000000000000100000000000100000010000000000000000010000000000000000000000000000000001001000000001000000010000000000000000000000
000000000000000000000000000000000000000000000000000000000000000000000000000000000000000000000000000000000000000000000000000000000000000000000000000000000001111000011110111010011001100000010100011111001111001111111110001101100011001110111001111011111111111110000110011000000111000011001011101111001011
000000000000000000000000000000000000000000000000000000000000000000000000000000000000000000000000000000000000000000000000000000000000000000000000000000000000000101000001000100000000001101100011000000000000100000000000000010010000010001000010001000000000100000111000100001111000001000000000010000000100
000000000000000000000000000000000000000000000000000000000000000000000000000000000000000000000000000000000000000000000000000000000000000000000000000000000000111000011110111010011001100000010100111111001111101111111110111101100011001110111001111111111111111110000110011000000111000111001011101111001011
000000000000000000000000000000000000000000000000000000000000000000000000000000000000000000000000000000000000000000000000000000000000000000000000000000000000011000011110111010011001100000110100111111011111101111111110111101110011001110111001111011111111111110000110011001000111000011001011101111001011
000000000000000000000000000000000000000000000000000000000000000000000000000000000000000000000000000000000000000000000000000000000000000000000000000000000000001000011110111010011001100000010100111111001111101111111110111101100111001110111001111011111111111110010110011100000111000011001011101111001011
000000000000000000000000000000000000000000000000000000000000000000000000000000000000000000000000000000000000000000000000000000000000000000000000000000000000000000011110111010011001110000010100111111011111001111111110111101100011001110111001111011111111111110000110011000000111000011001011101111001011
000000000000000000000000000000000000000000000000000000000000000000000000000000000000000000000000000000000000000000000000000000000000000000000000000000000000000001100001000000000011000001000011000000000000100000000000000010000000010000000010000000000000000000110000100000110000101000000100000000000100
000000000000000000000000000000000000000000000000000000000000000000000000000000000000000000000000000000000000000000000000000000000000000000000000000000000000000000100000000001100100000000100000000000000000010000000000000000010000000000000100000000000000000000001001000011000000010100100000000000100000
000000000000000000000000000000000000000000000000000000000000000000000000000000000000000000000000000000000000000000000000000000000000000000000000000000000000000000000001000010000001000101000011000000000000100000000000000000000000000000000010001000000000000000010000100000010000101000000000011000000000
000000000000000000000000000000000000000000000000000000000000000000000000000000000000000000000000000000000000000000000000000000000000000000000000000000000000000000000100001001101101000010101110000000000000111000000000000000011000110110110100001011000000100000001001001011000001010100100001011001100000
000000000000000000000000000000000000000000000000000000000000000000000000000000000000000000000000000000000000000000000000000000000000000000000000000000000000000000001110111010011001100000110100111111001111101111111110111101100011001110111011111011111111111110011110011000000111000111001011101111101011
000000000000000000000000000000000000000000000000000000000000000000000000000000000000000000000000000000000000000000000000000000000000000000000000000000000000000000000111111010011001100000010100111111001111001111111110111101100011001110111001111011111111111110000110011000000111000011001011101111001011
000000000000000000000000000000000000000000000000000000000000000000000000000000000000000000000000000000000000000000000000000000000000000000000000000000000000000000000010111010011001100000110100111111011111101111111110111101100111001110111101111011111111111110000110011100000111000011001011101111001011
000000000000000000000000000000000000000000000000000000000000000000000000000000000000000000000000000000000000000000000000000000000000000000000000000000000000000000000000111010011001100000010100111111001111001111111110111101100111001110111001111011111111111110000110011000000111000011001011101111001011
000000000000000000000000000000000000000000000000000000000000000000000000000000000000000000000000000000000000000000000000000000000000000000000000000000000000000000000000000000000010000101000011000000000000100000000000000010100000010000000010000000000000000000010000100000110000101010000000010000000100
000000000000000000000000000000000000000000000000000000000000000000000000000000000000000000000000000000000000000000000000000000000000000000000000000000000000000000000000011010011001100000010100111111001111001111111110011101100011001110111001111011111111111110000110011000000111000011001011101111001011
000000000000000000000000000000000000000000000000000000000000000000000000000000000000000000000000000000000000000000000000000000000000000000000000000000000000000000000000001010011001100000010100111111001111001111111110111101100111001110111001111011111111111110000110011000000111000011001011101011000011
000000000000000000000000000000000000000000000000000000000000000000000000000000000000000000000000000000000000000000000000000000000000000000000000000000000000000000000000000010111001100000010100111111001111101111111110111101100111001110111101111011111111111110000110011000000111000111001011101111001011
000000000000000000000000000000000000000000000000000000000000000000000000000000000000000000000000000000000000000000000000000000000000000000000000000000000000000000000000000000000000000000000000000000000000100000000000000000000000000000000000000000000000000000110000000000000000000000000000000000000000
000000000000000000000000000000000000000000000000000000000000000000000000000000000000000000000000000000000000000000000000000000000000000000000000000000000000000000000000000001011001100000011101111111001111001111111110111101100011011110111001111011111111111111001110011000000111000111001011101111001011
000000000000000000000000000000000000000000000000000000000000000000000000000000000000000000000000000000000000000000000000000000000000000000000000000000000000000000000000000000100100000010101000000000000000010000000000000000011000000000000100000000000000000000001001000011000000010100100000000000100000
000000000000000000000000000000000000000000000000000000000000000000000000000000000000000000000000000000000000000000000000000000000000000000000000000000000000000000000000000000000100000000101000000000000000010000000000000000010000000000000100000000000000000000001001000011000000010100100000000000100000
000000000000000000000000000000000000000000000000000000000000000000000000000000000000000000000000000000000000000000000000000000000000000000000000000000000000000000000000000000001001100000011100111111001111001111111110011101100011001110111001111011111111111110000110011000000111000011001011101111001011
000000000000000000000000000000000000000000000000000000000000000000000000000000000000000000000000000000000000000000000000000000000000000000000000000000000000000000000000000000000001100000011100111111001111001111111110111100100111011110111001111011111111111110000110011100000111000011001011101111101010
000000000000000000000000000000000000000000000000000000000000000000000000000000000000000000000000000000000000000000000000000000000000000000000000000000000000000000000000000000000000000010101000000000000000110000000000000000011000100000000100000000100000000010101001000011000000010100100000000000100000
000000000000000000000000000000000000000000000000000000000000000000000000000000000000000000000000000000000000000000000000000000000000000000000000000000000000000000000000000000000000000000000010000000000000000000000000000000000000000000000000000000000000000000000000100000010000100000000000000000010000
000000000000000000000000000000000000000000000000000000000000000000000000000000000000000000000000000000000000000000000000000000000000000000000000000000000000000000000000000000000000100000010110111111001111101111111110011101100111001110111101111011111111111111001110011000000111000111001011101111001011
000000000000000000000000000000000000000000000000000000000000000000000000000000000000000000000000000000000000000000000000000000000000000000000000000000000000000000000000000000000000000000010100111111001111001111111110101101100011001110111001111011111111111110000110011000000111000010001011101111001010
000000000000000000000000000000000000000000000000000000000000000000000000000000000000000000000000000000000000000000000000000000000000000000000000000000000000000000000000000000000000000010010100111000010001000001000000000100000001000000000000010000000000000100000110010100000001000010001000101000000010
000000000000000000000000000000000000000000000000000000000000000000000000000000000000000000000000000000000000000000000000000000000000000000000000000000000000000000000000000000000000000100000000000000000000000000000000000000000000000001000000000000000000000000000000000000000000000000000000010000000000
000000000000000000000000000000000000000000000000000000000000000000000000000000000000000000000000000000000000000000000000000000000000000000000000000000000000000000000000000000000000000001100010000000000000100000000000000010000000010001000010000000000000000000110000000000100000000000000000010000000100
000000000000000000000000000000000000000000000000000000000000000000000000000000000000000000000000000000000000000000000000000000000000000000000000000000000000000000000000000000000000000000100000000000000000010000000000000000001000000000000100000000000000000000000000000010000000010100100000000000100000
000000000000000000000000000000000000000000000000000000000000000000000000000000000000000000000000000000000000000000000000000000000000000000000000000000000000000000000000000000000000000000000011000000000000100000000000000010000000010001000010000000000000000000110000100000110000001000000000010000000100
000000000000000000000000000000000000000000000000000000000000000000000000000000000000000000000000000000000000000000000000000000000000000000000000000000000000000000000000000000000000000000001010000000100000110000000001000000011000110010010100000010000100100001011001001011000001010100101000000000100000
000000000000000000000000000000000000000000000000000000000000000000000000000000000000000000000000000000000000000000000000000000000000000000000000000000000000000000000000000000000000000000000100111111001111001111111110111101100011001110111001111011111101111110000110011000000111000011001011101111001011
000000000000000000000000000000000000000000000000000000000000000000000000000000000000000000000000000000000000000000000000000000000000000000000000000000000000000000000000000000000000000000000010110011000000111000010011000000111000110000010101100000000000100001001001000011000001011110100001000000101000
000000000000000000000000000000000000000000000000000000000000000000000000000000000000000000000000000000000000000000000000000000000000000000000000000000000000000000000000000000000000000000000000111111001111001111111110111101100011001110111101111011111111111110010110011000000111000011001011101111001011
000000000000000000000000000000000000000000000000000000000000000000000000000000000000000000000000000000000000000000000000000000000000000000000000000000000000000000000000000000000000000000000001000000000000101000000000000010000000010001010110000000000000000000110000100000110001101100000000011001000100
000000000000000000000000000000000000000000000000000000000000000000000000000000000000000000000000000000000000000000000000000000000000000000000000000000000000000000000000000000000000000000000000000000000000100000000000000000000000010000000010000000000000100000010000100000010000101000000000000000000000
000000000000000000000000000000000000000000000000000000000000000000000000000000000000000000000000000000000000000000000000000000000000000000000000000000000000000000000000000000000000000000000000011111001111001111111110011101100011001110111001111011101111111110000110011000000111000011001011101111001011
000000000000000000000000000000000000000000000000000000000000000000000000000000000000000000000000000000000000000000000000000000000000000000000000000000000000000000000000000000000000000000000000001111001111001111111110101101100011001110111101111011111111111110000110011100000111000011001011101011001011
000000000000000000000000000000000000000000000000000000000000000000000000000000000000000000000000000000000000000000000000000000000000000000000000000000000000000000000000000000000000000000000000000111001111001111111110011100100011001110111001111011111111111110000110011000000111000011001011101111001010
000000000000000000000000000000000000000000000000000000000000000000000000000000000000000000000000000000000000000000000000000000000000000000000000000000000000000000000000000000000000000000000000000011001111001111111110011101100011001110111001111011111111111110000110011000000111000011001011101111001011
000000000000000000000000000000000000000000000000000000000000000000000000000000000000000000000000000000000000000000000000000000000000000000000000000000000000000000000000000000000000000000000000000001001111001111111110111101100111001110111001111011111111111110000110011100000111000011001011101111001011
000000000000000000000000000000000000000000000000000000000000000000000000000000000000000000000000000000000000000000000000000000000000000000000000000000000000000000000000000000000000000000000000000000001111001111111110111101100111001110111001111011111111111111000110011000000111000011001011101111001011
000000000000000000000000000000000000000000000000000000000000000000000000000000000000000000000000000000000000000000000000000000000000000000000000000000000000000000000000000000000000000000000000000000000000010000000010000000010000000000000000000000000000010001001000000001000000000000000000000000000000
000000000000000000000000000000000000000000000000000000000000000000000000000000000000000000000000000000000000000000000000000000000000000000000000000000000000000000000000000000000000000000000000000000000000000000000000000000100000000110000000000010000000000000000000000100000001000000001000001001000000
000000000000000000000000000000000000000000000000000000000000000000000000000000000000000000000000000000000000000000000000000000000000000000000000000000000000000000000000000000000000000000000000000000000111001111111010001100100011001110111101111011111111111110000110011000000011000011001011101111001010
000000000000000000000000000000000000000000000000000000000000000000000000000000000000000000000000000000000000000000000000000000000000000000000000000000000000000000000000000000000000000000000000000000000011101111111110111101100111001110111001111011111111111110000110011000000111000011001011101111001011
000000000000000000000000000000000000000000000000000000000000000000000000000000000000000000000000000000000000000000000000000000000000000000000000000000000000000000000000000000000000000000000000000000000001001111111110111101101111001110111001111011111111111110000110011000000111000111001011101111001011
000000000000000000000000000000000000000000000000000000000000000000000000000000000000000000000000000000000000000000000000000000000000000000000000000000000000000000000000000000000000000000000000000000000000101111111110101101100011001110111001111011111111111110000110011000000011000011001011101111001011
000000000000000000000000000000000000000000000000000000000000000000000000000000000000000000000000000000000000000000000000000000000000000000000000000000000000000000000000000000000000000000000000000000000000001000000010000010010000010111110110011011001010100000111001000001111001001100000001010001100100
000000000000000000000000000000000000000000000000000000000000000000000000000000000000000000000000000000000000000000000000000000000000000000000000000000000000000000000000000000000000000000000000000000000000000000000001000000011000110000000100000000000000000001001001000011000000010100100000010000100000
000000000000000000000000000000000000000000000000000000000000000000000000000000000000000000000000000000000000000000000000000000000000000000000000000000000000000000000000000000000000000000000000000000000000000111111110111101100011001110111001111011111111111110001110011000000111000011001011101111001011
000000000000000000000000000000000000000000000000000000000000000000000000000000000000000000000000000000000000000000000000000000000000000000000000000000000000000000000000000000000000000000000000000000000000000011111110101101100111001110111001111011111111111110000110011000000111000011001011101011001011
000000000000000000000000000000000000000000000000000000000000000000000000000000000000000000000000000000000000000000000000000000000000000000000000000000000000000000000000000000000000000000000000000000000000000001111110011101100011001110111001111011111111111110000110011000000111000011001011101111001011
000000000000000000000000000000000000000000000000000000000000000000000000000000000000000000000000000000000000000000000000000000000000000000000000000000000000000000000000000000000000000000000000000000000000000000111110011101100011001110111001101111111111111110000110011000000111000011001011101111001011
000000000000000000000000000000000000000000000000000000000000000000000000000000000000000000000000000000000000000000000000000000000000000000000000000000000000000000000000000000000000000000000000000000000000000000011110011101100011001110111001111011111111111110001110011000000111000011001010101111001011
000000000000000000000000000000000000000000000000000000000000000000000000000000000000000000000000000000000000000000000000000000000000000000000000000000000000000000000000000000000000000000000000000000000000000000001110111101100111001110111001111011111111111110000110011000000111000011001011101111001011
000000000000000000000000000000000000000000000000000000000000000000000000000000000000000000000000000000000000000000000000000000000000000000000000000000000000000000000000000000000000000000000000000000000000000000000110111101100111011110111001111011111111111110000110011100000111000011001011101111001011
000000000000000000000000000000000000000000000000000000000000000000000000000000000000000000000000000000000000000000000000000000000000000000000000000000000000000000000000000000000000000000000000000000000000000000000010011101100011001110111001111011111111111110000110011000000111000011001011101111001011
000000000000000000000000000000000000000000000000000000000000000000000000000000000000000000000000000000000000000000000000000000000000000000000000000000000000000000000000000000000000000000000000000000000000000000000000111101100011001110111001111011111111111110000110011000000111000011001011101111001011
000000000000000000000000000000000000000000000000000000000000000000000000000000000000000000000000000000000000000000000000000000000000000000000000000000000000000000000000000000000000000000000000000000000000000000000000000000010000000000000000000000000000000000001000000001000000000000000000000000000000
000000000000000000000000000000000000000000000000000000000000000000000000000000000000000000000000000000000000000000000000000000000000000000000000000000000000000000000000000000000000000000000000000000000000000000000000011100000111001110111000110011101110111110000110010000000001000000001011101111001010
000000000000000000000000000000000000000000000000000000000000000000000000000000000000000000000000000000000000000000000000000000000000000000000000000000000000000000000000000000000000000000000000000000000000000000000000001101100101001110111001111011111101111110000110011000000011000011001011101111001011
000000000000000000000000000000000000000000000000000000000000000000000000000000000000000000000000000000000000000000000000000000000000000000000000000000000000000000000000000000000000000000000000000000000000000000000000000101100111001110111001111111111111111110000110011000000111000111001011101111000011
000000000000000000000000000000000000000000000000000000000000000000000000000000000000000000000000000000000000000000000000000000000000000000000000000000000000000000000000000000000000000000000000000000000000000000000000000001100011001110111101111011111111111110001110011000000111000111001011101111001011
000000000000000000000000000000000000000000000000000000000000000000000000000000000000000000000000000000000000000000000000000000000000000000000000000000000000000000000000000000000000000000000000000000000000000000000000000000000000010001000010000000000000000000110000000000111000001000000000010000000100
000000000000000000000000000000000000000000000000000000000000000000000000000000000000000000000000000000000000000000000000000000000000000000000000000000000000000000000000000000000000000000000000000000000000000000000000000000100011001110111001101011111111111110000110011000000111000011001010101111001011
000000000000000000000000000000000000000000000000000000000000000000000000000000000000000000000000000000000000000000000000000000000000000000000000000000000000000000000000000000000000000000000000000000000000000000000000000000000111001110111001111011111111111110000110011100000111010011001011101111001011
000000000000000000000000000000000000000000000000000000000000000000000000000000000000000000000000000000000000000000000000000000000000000000000000000000000000000000000000000000000000000000000000000000000000000000000000000000001000100100000100000000000000000001001001000011000000010110100000000000100000
000000000000000000000000000000000000000000000000000000000000000000000000000000000000000000000000000000000000000000000000000000000000000000000000000000000000000000000000000000000000000000000000000000000000000000000000000000000000000000000100000000000000000000001001000011000000010000100000000000100000
000000000000000000000000000000000000000000000000000000000000000000000000000000000000000000000000000000000000000000000000000000000000000000000000000000000000000000000000000000000000000000000000000000000000000000000000000000000000001010011000111010001101110000000000000000000001000000001000101101001010
000000000000000000000000000000000000000000000000000000000000000000000000000000000000000000000000000000000000000000000000000000000000000000000000000000000000000000000000000000000000000000000000000000000000000000000000000000000001001110111001111011111111111110000110011000000111000011001011100111001011
000000000000000000000000000000000000000000000000000000000000000000000000000000000000000000000000000000000000000000000000000000000000000000000000000000000000000000000000000000000000000000000000000000000000000000000000000000000000011110111001111011111111111110000110011110000111000011001011101111001011
000000000000000000000000000000000000000000000000000000000000000000000000000000000000000000000000000000000000000000000000000000000000000000000000000000000000000000000000000000000000000000000000000000000000000000000000000000000000000000000100000000000000000001001001000011000000010000100000000000000000
000000000000000000000000000000000000000000000000000000000000000000000000000000000000000000000000000000000000000000000000000000000000000000000000000000000000000000000000000000000000000000000000000000000000000000000000000000000000000001000110000000000000000001111000110010111001000100100100010000000100
000000000000000000000000000000000000000000000000000000000000000000000000000000000000000000000000000000000000000000000000000000000000000000000000000000000000000000000000000000000000000000000000000000000000000000000000000000000000000110111001111011111111111110000110011000000111000011001011101111001011
000000000000000000000000000000000000000000000000000000000000000000000000000000000000000000000000000000000000000000000000000000000000000000000000000000000000000000000000000000000000000000000000000000000000000000000000000000000000000010111001111011111111111110000110011001000111000111001011101111001011
000000000000000000000000000000000000000000000000000000000000000000000000000000000000000000000000000000000000000000000000000000000000000000000000000000000000000000000000000000000000000000000000000000000000000000000000000000000000000000111101111011111111111110000110011100000111000011001011101111001011
000000000000000000000000000000000000000000000000000000000000000000000000000000000000000000000000000000000000000000000000000000000000000000000000000000000000000000000000000000000000000000000000000000000000000000000000000000000000000000000010000000000000000000110000000000100000000000000000010000000100
000000000000000000000000000000000000000000000000000000000000000000000000000000000000000000000000000000000000000000000000000000000000000000000000000000000000000000000000000000000000000000000000000000000000000000000000000000000000000000011001111111111111111110000110011000000111000111001011101111001011
000000000000000000000000000000000000000000000000000000000000000000000000000000000000000000000000000000000000000000000000000000000000000000000000000000000000000000000000000000000000000000000000000000000000000000000000000000000000000000001001111011111111111110000110011000000111000011001011101111001011
000000000000000000000000000000000000000000000000000000000000000000000000000000000000000000000000000000000000000000000000000000000000000000000000000000000000000000000000000000000000000000000000000000000000000000000000000000000000000000000001111011111111111110000110011000000111000011001011101111001011
000000000000000000000000000000000000000000000000000000000000000000000000000000000000000000000000000000000000000000000000000000000000000000000000000000000000000000000000000000000000000000000000000000000000000000000000000000000000000000000000000010000000100000011001000111000001010100100001011001100000
000000000000000000000000000000000000000000000000000000000000000000000000000000000000000000000000000000000000000000000000000000000000000000000000000000000000000000000000000000000000000000000000000000000000000000000000000000000000000000000000000000000000000000111000100000110000101010000000011000000100
000000000000000000000000000000000000000000000000000000000000000000000000000000000000000000000000000000000000000000000000000000000000000000000000000000000000000000000000000000000000000000000000000000000000000000000000000000000000000000000000111011111111110110000110011000000111000011001011101111001011
000000000000000000000000000000000000000000000000000000000000000000000000000000000000000000000000000000000000000000000000000000000000000000000000000000000000000000000000000000000000000000000000000000000000000000000000000000000000000000000000011011111111111110000110011000000111000011001011101111001011
000000000000000000000000000000000000000000000000000000000000000000000000000000000000000000000000000000000000000000000000000000000000000000000000000000000000000000000000000000000000000000000000000000000000000000000000000000000000000000000000001011111111111110000110011100000111000011001011101111001010
000000000000000000000000000000000000000000000000000000000000000000000000000000000000000000000000000000000000000000000000000000000000000000000000000000000000000000000000000000000000000000000000000000000000000000000000000000000000000000000000000011111111111110000110011000000111000011001011101111001011
000000000000000000000000000000000000000000000000000000000000000000000000000000000000000000000000000000000000000000000000000000000000000000000000000000000000000000000000000000000000000000000000000000000000000000000000000000000000000000000000000000000000000000000000000000000000000000000000100000000000
000000000000000000000000000000000000000000000000000000000000000000000000000000000000000000000000000000000000000000000000000000000000000000000000000000000000000000000000000000000000000000000000000000000000000000000000000000000000000000000000000001111111111110000110011100000111000011001011101111001011
000000000000000000000000000000000000000000000000000000000000000000000000000000000000000000000000000000000000000000000000000000000000000000000000000000000000000000000000000000000000000000000000000000000000000000000000000000000000000000000000000000111111111110000110011000000111000111001011101111001011
000000000000000000000000000000000000000000000000000000000000000000000000000000000000000000000000000000000000000000000000000000000000000000000000000000000000000000000000000000000000000000000000000000000000000000000000000000000000000000000000000000011111111110000110011000000111000011001011101111001011
000000000000000000000000000000000000000000000000000000000000000000000000000000000000000000000000000000000000000000000000000000000000000000000000000000000000000000000000000000000000000000000000000000000000000000000000000000000000000000000000000000001111111110000110011000000111000011001011101011000011
000000000000000000000000000000000000000000000000000000000000000000000000000000000000000000000000000000000000000000000000000000000000000000000000000000000000000000000000000000000000000000000000000000000000000000000000000000000000000000000000000000000111111110000110011000000111000011001011101111001011
000000000000000000000000000000000000000000000000000000000000000000000000000000000000000000000000000000000000000000000000000000000000000000000000000000000000000000000000000000000000000000000000000000000000000000000000000000000000000000000000000000000011111110000110011000000111000011001011101111001011
000000000000000000000000000000000000000000000000000000000000000000000000000000000000000000000000000000000000000000000000000000000000000000000000000000000000000000000000000000000000000000000000000000000000000000000000000000000000000000000000000000000001111110000100011000000111000011001011101111001011
000000000000000000000000000000000000000000000000000000000000000000000000000000000000000000000000000000000000000000000000000000000000000000000000000000000000000000000000000000000000000000000000000000000000000000000000000000000000000000000000000000000000111110001110011000000111000011001011101111001011
000000000000000000000000000000000000000000000000000000000000000000000000000000000000000000000000000000000000000000000000000000000000000000000000000000000000000000000000000000000000000000000000000000000000000000000000000000000000000000000000000000000000011110000110011000000111000011001011101111001011
000000000000000000000000000000000000000000000000000000000000000000000000000000000000000000000000000000000000000000000000000000000000000000000000000000000000000000000000000000000000000000000000000000000000000000000000000000000000000000000000000000000000001110000110011000000111110011001011101111001011
000000000000000000000000000000000000000000000000000000000000000000000000000000000000000000000000000000000000000000000000000000000000000000000000000000000000000000000000000000000000000000000000000000000000000000000000000000000000000000000000000000000000000110000110011000000111000011001011101111001011
000000000000000000000000000000000000000000000000000000000000000000000000000000000000000000000000000000000000000000000000000000000000000000000000000000000000000000000000000000000000000000000000000000000000000000000000000000000000000000000000000000000000000010000110011000000111000011001011101111001011
000000000000000000000000000000000000000000000000000000000000000000000000000000000000000000000000000000000000000000000000000000000000000000000000000000000000000000000000000000000000000000000000000000000000000000000000000000000000000000000000000000000000000000000110011000000111000011001011101111001011
000000000000000000000000000000000000000000000000000000000000000000000000000000000000000000000000000000000000000000000000000000000000000000000000000000000000000000000000000000000000000000000000000000000000000000000000000000000000000000000000000000000000000000001000000011000000000100001000000000000000
000000000000000000000000000000000000000000000000000000000000000000000000000000000000000000000000000000000000000000000000000000000000000000000000000000000000000000000000000000000000000000000000000000000000000000000000000000000000000000000000000000000000000000010000000010111000101000000000010000000100
000000000000000000000000000000000000000000000000000000000000000000000000000000000000000000000000000000000000000000000000000000000000000000000000000000000000000000000000000000000000000000000000000000000000000000000000000000000000000000000000000000000000000000000000100000111000011000000000010000000100
000000000000000000000000000000000000000000000000000000000000000000000000000000000000000000000000000000000000000000000000000000000000000000000000000000000000000000000000000000000000000000000000000000000000000000000000000000000000000000000000000000000000000000000001000011000000010100100000000000100000
000000000000000000000000000000000000000000000000000000000000000000000000000000000000000000000000000000000000000000000000000000000000000000000000000000000000000000000000000000000000000000000000000000000000000000000000000000000000000000000000000000000000000000000010011000000111000011001011101111001011
000000000000000000000000000000000000000000000000000000000000000000000000000000000000000000000000000000000000000000000000000000000000000000000000000000000000000000000000000000000000000000000000000000000000000000000000000000000000000000000000000000000000000000000000011000000111000011001011101111001011
000000000000000000000000000000000000000000000000000000000000000000000000000000000000000000000000000000000000000000000000000000000000000000000000000000000000000000000000000000000000000000000000000000000000000000000000000000000000000000000000000000000000000000000000000011000000010100100000000000100000
000000000000000000000000000000000000000000000000000000000000000000000000000000000000000000000000000000000000000000000000000000000000000000000000000000000000000000000000000000000000000000000000000000000000000000000000000000000000000000000000000000000000000000000000000000010000101000010000010000010000
000000000000000000000000000000000000000000000000000000000000000000000000000000000000000000000000000000000000000000000000000000000000000000000000000000000000000000000000000000000000000000000000000000000000000000000000000000000000000000000000000000000000000000000000001000000111000111001011101111001011
000000000000000000000000000000000000000000000000000000000000000000000000000000000000000000000000000000000000000000000000000000000000000000000000000000000000000000000000000000000000000000000000000000000000000000000000000000000000000000000000000000000000000000000000000000000111000111001011101111001011
000000000000000000000000000000000000000000000000000000000000000000000000000000000000000000000000000000000000000000000000000000000000000000000000000000000000000000000000000000000000000000000000000000000000000000000000000000000000000000000000000000000000000000000000000000000000000010001000100000000000
000000000000000000000000000000000000000000000000000000000000000000000000000000000000000000000000000000000000000000000000000000000000000000000000000000000000000000000000000000000000000000000000000000000000000000000000000000000000000000000000000000000000000000000000000001000000010100100000010000100000
000000000000000000000000000000000000000000000000000000000000000000000000000000000000000000000000000000000000000000000000000000000000000000000000000000000000000000000000000000000000000000000000000000000000000000000000000000000000000000000000000000000000000000000000000000000000010110100000000000100000
000000000000000000000000000000000000000000000000000000000000000000000000000000000000000000000000000000000000000000000000000000000000000000000000000000000000000000000000000000000000000000000000000000000000000000000000000000000000000000000000000000000000000000000000000000011000001000000000010000000100
000000000000000000000000000000000000000000000000000000000000000000000000000000000000000000000000000000000000000000000000000000000000000000000000000000000000000000000000000000000000000000000000000000000000000000000000000000000000000000000000000000000000000000000000000000001000101000000100010000010100
000000000000000000000000000000000000000000000000000000000000000000000000000000000000000000000000000000000000000000000000000000000000000000000000000000000000000000000000000000000000000000000000000000000000000000000000000000000000000000000000000000000000000000000000000000000000000000000000000000000100
000000000000000000000000000000000000000000000000000000000000000000000000000000000000000000000000000000000000000000000000000000000000000000000000000000000000000000000000000000000000000000000000000000000000000000000000000000000000000000000000000000000000000000000000000000000011000011001011101111001011
000000000000000000000000000000000000000000000000000000000000000000000000000000000000000000000000000000000000000000000000000000000000000000000000000000000000000000000000000000000000000000000000000000000000000000000000000000000000000000000000000000000000000000000000000000000001000011001011101111001011
000000000000000000000000000000000000000000000000000000000000000000000000000000000000000000000000000000000000000000000000000000000000000000000000000000000000000000000000000000000000000000000000000000000000000000000000000000000000000000000000000000000000000000000000000000000000000011001011101111001011
000000000000000000000000000000000000000000000000000000000000000000000000000000000000000000000000000000000000000000000000000000000000000000000000000000000000000000000000000000000000000000000000000000000000000000000000000000000000000000000000000000000000000000000000000000000000001000000000000000000000
000000000000000000000000000000000000000000000000000000000000000000000000000000000000000000000000000000000000000000000000000000000000000000000000000000000000000000000000000000000000000000000000000000000000000000000000000000000000000000000000000000000000000000000000000000000000000100100000001000100000
000000000000000000000000000000000000000000000000000000000000000000000000000000000000000000000000000000000000000000000000000000000000000000000000000000000000000000000000000000000000000000000000000000000000000000000000000000000000000000000000000000000000000000000000000000000000000000000000000000000100
000000000000000000000000000000000000000000000000000000000000000000000000000000000000000000000000000000000000000000000000000000000000000000000000000000000000000000000000000000000000000000000000000000000000000000000000000000000000000000000000000000000000000000000000000000000000000000100001011000100000
000000000000000000000000000000000000000000000000000000000000000000000000000000000000000000000000000000000000000000000000000000000000000000000000000000000000000000000000000000000000000000000000000000000000000000000000000000000000000000000000000000000000000000000000000000000000000001001011101111001011
000000000000000000000000000000000000000000000000000000000000000000000000000000000000000000000000000000000000000000000000000000000000000000000000000000000000000000000000000000000000000000000000000000000000000000000000000000000000000000000000000000000000000000000000000000000000000000001011101111001011
000000000000000000000000000000000000000000000000000000000000000000000000000000000000000000000000000000000000000000000000000000000000000000000000000000000000000000000000000000000000000000000000000000000000000000000000000000000000000000000000000000000000000000000000000000000000000000000000000000100000
000000000000000000000000000000000000000000000000000000000000000000000000000000000000000000000000000000000000000000000000000000000000000000000000000000000000000000000000000000000000000000000000000000000000000000000000000000000000000000000000000000000000000000000000000000000000000000000000000000000000
000000000000000000000000000000000000000000000000000000000000000000000000000000000000000000000000000000000000000000000000000000000000000000000000000000000000000000000000000000000000000000000000000000000000000000000000000000000000000000000000000000000000000000000000000000000000000000000011101111001011
000000000000000000000000000000000000000000000000000000000000000000000000000000000000000000000000000000000000000000000000000000000000000000000000000000000000000000000000000000000000000000000000000000000000000000000000000000000000000000000000000000000000000000000000000000000000000000000000000000000000
000000000000000000000000000000000000000000000000000000000000000000000000000000000000000000000000000000000000000000000000000000000000000000000000000000000000000000000000000000000000000000000000000000000000000000000000000000000000000000000000000000000000000000000000000000000000000000000001101111001011
000000000000000000000000000000000000000000000000000000000000000000000000000000000000000000000000000000000000000000000000000000000000000000000000000000000000000000000000000000000000000000000000000000000000000000000000000000000000000000000000000000000000000000000000000000000000000000000000101111001010
000000000000000000000000000000000000000000000000000000000000000000000000000000000000000000000000000000000000000000000000000000000000000000000000000000000000000000000000000000000000000000000000000000000000000000000000000000000000000000000000000000000000000000000000000000000000000000000000001111001011
000000000000000000000000000000000000000000000000000000000000000000000000000000000000000000000000000000000000000000000000000000000000000000000000000000000000000000000000000000000000000000000000000000000000000000000000000000000000000000000000000000000000000000000000000000000000000000000000000000000100
000000000000000000000000000000000000000000000000000000000000000000000000000000000000000000000000000000000000000000000000000000000000000000000000000000000000000000000000000000000000000000000000000000000000000000000000000000000000000000000000000000000000000000000000000000000000000000000000000111001011
000000000000000000000000000000000000000000000000000000000000000000000000000000000000000000000000000000000000000000000000000000000000000000000000000000000000000000000000000000000000000000000000000000000000000000000000000000000000000000000000000000000000000000000000000000000000000000000000000011001011
000000000000000000000000000000000000000000000000000000000000000000000000000000000000000000000000000000000000000000000000000000000000000000000000000000000000000000000000000000000000000000000000000000000000000000000000000000000000000000000000000000000000000000000000000000000000000000000000000001001011
000000000000000000000000000000000000000000000000000000000000000000000000000000000000000000000000000000000000000000000000000000000000000000000000000000000000000000000000000000000000000000000000000000000000000000000000000000000000000000000000000000000000000000000000000000000000000000000000000000001011
000000000000000000000000000000000000000000000000000000000000000000000000000000000000000000000000000000000000000000000000000000000000000000000000000000000000000000000000000000000000000000000000000000000000000000000000000000000000000000000000000000000000000000000000000000000000000000000000000000000000
000000000000000000000000000000000000000000000000000000000000000000000000000000000000000000000000000000000000000000000000000000000000000000000000000000000000000000000000000000000000000000000000000000000000000000000000000000000000000000000000000000000000000000000000000000000000000000000000000000000000
000000000000000000000000000000000000000000000000000000000000000000000000000000000000000000000000000000000000000000000000000000000000000000000000000000000000000000000000000000000000000000000000000000000000000000000000000000000000000000000000000000000000000000000000000000000000000000000000000000000010
000000000000000000000000000000000000000000000000000000000000000000000000000000000000000000000000000000000000000000000000000000000000000000000000000000000000000000000000000000000000000000000000000000000000000000000000000000000000000000000000000000000000000000000000000000000000000000000000000000000000
000000000000000000000000000000000000000000000000000000000000000000000000000000000000000000000000000000000000000000000000000000000000000000000000000000000000000000000000000000000000000000000000000000000000000000000000000000000000000000000000000000000000000000000000000000000000000000000000000000000001
000000000000000000000000000000000000000000000000000000000000000000000000000000000000000000000000000000000000000000000000000000000000000000000000000000000000000000000000000000000000000000000000000000000000000000000000000000000000000000000000000000000000000000000000000000000000000000000000000000000000
