000010000000100000000000000000000101100000110000000000000000001010000000000000000100000010010001010010001000100001000000000000110000000000000100000000100100101000000000100011100000000000110000001001000000000000100001000000100100000001100000000000000000000000000000000000000100000000001000100100000000
000000010000010010001000011000000000000000000010000000111000000001010001000101000010110000000000100000000100000000100100100000000000100011000010000010000000000100000000001100000000100010001001000100000000001000000010110000000001100110000010001000000101000110010000000011000000000000000001000010000001
000010000100001001000010000010010000110001001001000000000110010010100000000000100001011001100000001000000010011000010010010100010100010100010000101000001101010001001010000001000011001000000100100000000010000100010000000100001000010001001101000010100010100001000100000000101000100000000000000000010000
000000000010000100100001001001000000000000000000100000000001100000001000000000010000010100000000000000000001000000001001000010000000001000001000010000000000000000100000000000000000000100000010010000000000000010000000000010000000001000000000100001000000010000100010000000010010000000000000000000001000
000000100101101001010110100110010111110111101001011001000100010010100010101000001101011011111011011111001010101001010010010101110110010100010001101101111111111011001010100001110011011000110000100011000000010100110001001001101110010001011101010110100010000001000100011000000001111011110100110000110110
000000101000001000000000000110000000001001000100010111000000010000000010010010100000001011100010000011010010011100010000000000011101010100110000101000000001010001010110100000000010000001010000000000100000010100000000000000010000000000000100000000011010001000000101000000100001000010100010000001010010
000000000001001000010110100110111001111111101001011111000000010110000110111010101001001011101010011111110010001011010000011101010111010100110000101101111111110010001010100001010111011001010000100010011010110001011000001101101010010001011100010110101010001001000100111100100001111111110110110000110110
000000000000010010001000011000000000000000000010000000111000000001010001000101000010100000000000100000000100000000100100100000000000100011000010000010000000000100000000001100000000100010001001000100000000001000000010110000000001100110000010001000000101000110010000000011000000000000000001000010000001
000000000001000000010000000100000000101010000100010011000010000010000000100010000000000010101010000111000000010100000000000000001001000000110000000000000000010001010110100000011010000001010100100000100010010100000000001000011000000000000000000000011000101000000101000000000000001100000010000001010000
000000000001011001001010000010010000110001000001000101000110000011100010101000100001011010101010011110000010001001110010100101010010010101110001101001101000010001001000100001010010001000010101100000000000000100010000000100111000010001001001010010110010100001010100000001101000100110000000000010010011
000000000000000100100001001001000000000000000000100000000001100000001001000000010000000100000000000000000001000000001001000010000000001000001000010000000000000000100000000000000000000100000010010000000000000010000000000010000000001000000000100001000000010000100010000000010010000000000000000000001000
000000000000001001010010000110111000101111101000011101000010010110100110111000101000001011101010011111111010011011010010011101010111010100110000101101110111110011011010110001010111011000010100100010111010010101011000001101101110010001011101000110111010101001001100101100101001111111110010111000110110
000000000000001000000000000000000101100001110000000001000000011010000000000000000100000010011001000010001000100001000000000000110000000100000100101000100001011000000000100011110000000000110000001001000000000000100001000000101100000001101000000000000000000000000000000000000101000001001000100100000000
000000000000000010001000011000000000000000000010000000111010000001010001000101000010100000000000100000000100000000100100100000000000100011000010000010000000000100000000001100000000101010001101000100000000001000000010110100000001100110000010001000000101000110010000000011100000000000000001000010000001
000000000000000001010110000110010010010111101101011101000110010010100010111010101001011011111001011110011010011011010010011101011111010100110001101101111101110011011010100001010111011000010100100010101010010101011000001100101110010001011101000110111010101001000100011100101001111011100000110000110110
000000000000000000100001001001000000000000000000100000000001100000001000000000010000000100000000000000000001000000001001000010000000001000001000010000000000000000100000000000000000000100000010010000000000000010000000000010000000001000000000100001000000010000100010000000010010000000000000000000001000
000000000000000000001000011000000000000000000010000000111010000001010001000101000010100000000000100000000100000000100100100000000000100011000010000010000000000100000000001100000000100010001101000100000000001000000010110100000001100110000010001000000101000110010000000011100000000000000001000010000001
000000000000000000010010100010010110011010000001000101000110010010100010111000101001011011101010011110011010010001010010010100010010010100110000101001100111110001001010100001000011001000010100100000000010000100011000001100101010010001011001000110100010100001000100001000101001100011010000100000110100
000000000000000000000001001001000000000000000000100000000001100000001001000000010000000100000000000000000001000000001001000010000000001000001000010000000000000000100000000000000000000100000010010000000000000010000000000010000000001000000000100001000000010000100010000000010010000000000000000000001000
000000000000000000000000000100011000001011000100011001000000010110100000111000000000000011100010010011110000000001010010001001011010010100110000100100010111110001000000000001010101010000010000000000010010110101011000000000101000000001010001000100100010000001001100000100000001101111110000011000100100
000000000000000000000000011000000000000000000010000000111010000001010001000101000010110000000000100000000100000000100100100000000000100011000010000010000000000100000000001100000000101010001101000100000000001000000010110100000001100110000010001000000101100110010000000011100000000000000001000010000001
000000000000000000000000100110010000100001001100010101000000010010100110100000100000000011101000001110010010000001010000011001011110010100010000101100011101100011001010100001010010000000010000100010000000000100011000000000001010010001010000010010100010000001000000011000100001011011000100110000010100
000000000000000000000000100010010000010010000001000001000110000110100000100000101001011011101000001111010010001001010010011100010011010100110000101000000101110011001000000001010111011000000100100000000010000100010000000100101010010001011101000010100010100001000100000100101000100011010000100000010110
000000000000000000000000001001000000000000000000100000000001100000001001000000010000000100000000000000000001000000001001000010000000001000001000010000000000000000100000000000000000000100000010010000000000000010000000000010000000001000000000100001000000010000100010000000010010000000000000000000001000
000000000000000000000000000000010000010000001000000000000000010100000010001000000000000000100010000000000000001000000000000100000000000000000000100000000101000010001000000001000000000000000000000000001000100000000000000000001010000000001001000010100010000001000000011000000001000011100000100000000100
000000000000000000000000001000000000000000000010000000111000000001010001000101000010100000000000100000000100000000100100100000000000100011000010000010000000000100000000001100000000100010001001000100000000001000000010110100000001100110000010001000000101000110010000000011100000000000000001000010000001
000000000000000000000000000001000000000000000010100000111001100001011001000101010010100100000000100000000101000000101101100010000000101011001010010010000000000100100000001100000000100110001011010100000000001010000010110010000001101110000010101001000101010110110010000011010010000000000001000010001001
000000000000000000000000000000101000000111101000010101000000010010100110101010100000000011101010001111110000001101000000011001000110010100110000101101110111010011011110100000011110011000010000000000001010010101011000000001000010010001001000010010100010001001001000111100000001011011100000110001000110
000000000000000000000000000000010011010010100001000101000110010010100010111000100001010011101011011110011010001001010010011100010111010100010001101101011101110011011010100001110110011000100100100000000010000100010001000100101110010001011101000010100010101001000100000100101000101001100000100000110110
000000000000000000000000000000000000000000000000100000000001100000001001000100010000000100000000000000000001000000001001000010000000001000001000010000000000000000100000000000000000000100000010010000000000000010000000100010000000001100000000100001000100010100100010000000010010000000000000000000001000
000000000000000000000000000000000000000111001000011101000000010000000000110000000000000011100010001101110000000000000000011001000000000000100000000101010001010010001000100001001100010000010000000000011010010000001000000001000000000000000000000000000010000000001000110100000001011010100100010000000110
000000000000000000000000000000000010110101001001011101000110010110100110101000101000011011101010011111010010001001010010011100010110010100010000101101110101110011001010110001010111001000010100100010001010110101011000001100101010010001011101010110100010100001000100011100101001111011100100110000110110
000000000000000000000000000000000000000011000000011101000000000010000000001000000000000010001000001110000000000001000000001000000000000000000000000000000000010000000000000000001100010000010000000000000000000000001000001100000000000000001000000000000000000000000000000100000000000100000000001000000010
000000000000000000000000000000000001100000110000000000000000001010000000001000000100000000011001010010001000100001000000010100100100010100010101001000101100101000000000100011100000000000100000001001000000000000100001000001101100000001100001000010000000000001000000001000000100000000001000100100000000
000000000000000000000000000000000001000011101000010001000000010010000010001010101000000010001011011100000010000001010000011000010110010100010000001101110101110011001010100001010110000000010000000010101000000100011000000001101000000001001100010110100010001001000100010100000001011011100000000000010110
000000000000000000000000000000000000000010111000010000000000001010000000000000000100000000011001010010001000100011000000010000100100010100010100000000100110101000000010100011110000000000100000101001000000000000100001000000101100010001100100000000000000000000000000000000000100101011001000100100010110
000000000000000000000000000000000000000000001001010001000110000010000010101000000001010011011001011010001000101101010000010000010110010100010101101000101101110010001100100001010010000000010100000010000000000001010000000100101010000000001000010110100010100001001100010000001000111110110100100001010010
000000000000000000000000000000000000000001000101000101000100000000000010001010101000011011101000000110000010011011010000000100011110010100110001100101100001010011001010000001010011001000000000100000100000000100010000000101101110010000111101010110110010000001000100010000000001101011110000100000010000
000000000000000000000000000000000000000001000101001111000010010010000010001010000000000010100000000110100000010100000000000000011011010100010000000000000101110000011100000000010000000001010100000000100010010001001000000000010000000000011000000000111010101000000101010000000001000011010010000001000000
000000000000000000000000000000000000000001001000011100000000000010000010101000001000000011101010011111110000001001000000011001010110010100010000101101010101010011001010100001010001010000010000000010001000010101011000000101101010000001010000010110100010000001000000011100000001011011100100100000000110
000000000000000000000000000000000000000001101000011101000010010010000110101000101000000011101010011111111010001011000000011101010110010100110000101001010111110000001010000001010110010000010100100010000001110001001000001100100000010001011101010110100010100001000100010100001000111110110000111000110010
000000000000000000000000000000000000000000001000011101000000010110100110111010100000011011101011011111110000011001010000011001010111010100110000001101111111110011011010110000010111010000010000000000111011110101011000001001101010010001011101010110101010001001001101111100100001111011100110111000110110
000000000000000000000000000000000000000000011000001000000000001010100000001000000100000000010011010110011000101001000000010000010000010100010100100000000010111010001000100011110010000000110000001011100000000000100001001000101100000001101100010010000010000001000100000000000100001000001100000100110000
000000000000000000000000000000000000000000000000000000000000001000000000000000000100000000010001000000001000100000000000000000000000000000000100000000000000001000000000000000100000000000100000001000000000000000100001000000000100000000100000000000000000000000000000000000000100000000001000000100000000
000000000000000000000000000000000000000000000000011001000000010110000010111000001100001011101001001111011000001001010010010000010111010100010000101101010101111011001010100001010111000000110000000010011010110101011000001001101110000001111000010110100010000001001000111100000001111111100000110100100110
000000000000000000000000000000000000000000000000000011000000000000000000001010000000000000000000000001000000010101010000010000011001010000000000000000000010010000010100000000001010010001010000000000100010000001000000000000011000000001001000000010011010001000000001000000000000100010000010000001000000
000000000000000000000000000000000000000000000000000000111000000001010001000101000010110000000000100000000100000000100100100000000000100011000010000010000000000100000000001100000000100010001001000100000000001000000010110000000001100110000010001000000101000110010000000011000000000000000001000010000001
000000000000000000000000000000000000000000000000000001000110000010100010000000100001011001100000000000000010011000010010000100010100010100010000101000001001000001000010000001000011001000000100100000100010000100000000000100001000010000001101000010100000100001000100000000101000000010000100000000010100
000000000000000000000000000000000000000000000000000000000001100000001000000000010000010100000000000000000001000000001001000010000000001000001000010000000000000000100000000000000000000100000010010000000000000010000000000010000000001000000000100001000000010000100010000000010010000000000000000000001000
000000000000000000000000000000000000000000000000000111000000010110100010111010101000000011101010011111110000011101000000011001010110010100110001101101110111010011011110110001011110010001010000000010111011110101011000000001001010010001001100000110111010001000001100111100000001111111110100101001010110
000000000000000000000000000000000000000000000000000001000000010010000110101000001000000011100011011111111000101000000000010001010100010100000000101000110111110010001010000001010110010000010000000010000010010000010000000001101000000000000000010010000010000001001100001100000001001001110000110000000110
000000000000000000000000000000000000000000000000000001000010010010100110111010100000001010101010001111000010000011010000001101010010010100010000101101110101110001001010100001010110001000010100100000001010000100011000000100101010010001001001010110100010100001000100011100000001111011010010101000010110
000000000000000000000000000000000000000000000000000001000000000000000010000010000000001000000000000101100000010100000000000000001001000000000000000000010000000000010100000000000000000001000000000000100000000000000000000000010000000000000000000000011000001000000001000000000001000010100010000001000000
000000000000000000000000000000000000000000000000000000000010010010100010111010101000001011101011011111110010011001010000001101011110010100110100101101111111110011011010100001011111011001010100100010111010010101111000001101101100010001011101000110111010101001001100111100101001111111010000111000110110
000000000000000000000000000000000000000000000000000000011000000001010001000101000010100000000000100000000100000000100100100000000000100011000010000010000000000100000000001100000000100010001001000100000000001000000010110000000001100110000010001000000101000110010000000011000000000000000001000010000001
000000000000000000000000000000000000000000000000000000001000000001010001000101000010110000000000100000000100000000100100100000000000100011000010000010000000000100000000001100000000100010001001000100000000001000000010110000000001100110000010001000000101000110010000000011000000000000000001000010000001
000000000000000000000000000000000000000000000000000000000000000001010001000101000010100000000000000000000100000000100100100000000000100011000010000010000000000100000000000100000000100000001001000100000000001000000010110010000001100100000010001000000101000110110000000011000000000000000001000010000001
000000000000000000000000000000000000000000000000000000000010000000100000000000100001011001100000000000000010011000010010000100010000010100010000101000001101010001001010000001000010001000000100100000100010000100010000000100001000010001001001000010000000100001000100000000101000100010000000100000010000
000000000000000000000000000000000000000000000000000000000000000010100000101000100001010011000010010110000010001001010010100100010010010101010000101000100100010001001000000001000010001000000100100000000010000100000000000100000000110001000011000010000000100001010100000001101000101000000010100010010000
000000000000000000000000000000000000000000000000000000000000100000001001000000010000000100000000000000000001000000001001000010000000001000001000010000000000000000100000000000000000000100000010010000000000000010000000000010000000001000000000100001000000010000100010000000010010000000000000000000001000
000000000000000000000000000000000000000000000000000000000000000000001000000000010000000100000000000000000001000000001001000010000000001000001000010000000000000000100000000000000000000100000010010000000000000010000000000010000000001000000000100001000000010000100010000000010010000000000000000000001000
000000000000000000000000000000000000000000000000000000000000000110000110111010101000011011101011011111111000001001010000011101010111010100100000101101010111110010011010100001010111010000010000000000011011010001011000000001101010000001011101010110100010001001000100111100000001011111110010110000000110
000000000000000000000000000000000000000000000000000000000000000000000000000000000100000000010001000000001000100000000000000000100000000000000100000000000000001000000000000010100000000000100000001001000000000000100001000000001100000000100000000000000000000000000000000000000100000000001000000100000000
000000000000000000000000000000000000000000000000000000000000000010000000001000001000001011101010011111010000010000000000011100010010010100000000101100100111110000001010100001010111000000010000000000001100100000011000000100101010000000001101000110101010001001000000000100000001100001100000110000100110
000000000000000000000000000000000000000000000000000000000000000000100110111000101001011011101011011110111010111011010000011101010110010100110001101101111111110011001010110001010111011000010100100010101011110101011000001100101110010001011101010110101010100001000100011100001001111111110110111000110110
000000000000000000000000000000000000000000000000000000000000000000010001000101000010100000000000100000000100000000100100100000000000100011000010000010000000000100000000001100000000101010001001000100000000001000000010110100000001100110000010001000000101000110010000000011100000000000000001000010000001
000000000000000000000000000000000000000000000000000000000000000000000010111000100001010011101001010110011010010001010010010101010000010100010000101100110100110011011010100001010011001000010100100000000000010100010000000100101100010001011001000110100010100001000100001000101000101001100110100000110000
000000000000000000000000000000000000000000000000000000000000000000000001000101000010100000000000000000000100000000100100100000000000100011000010000010000000000100000000000100000000100000001001000100000000001000000010110000000001100100000010001000000101000110010000000011000000000000000001000010000001
000000000000000000000000000000000000000000000000000000000000000000000001000000010000000100000000000000000001000000001001000010000000001000001000010000000000000000100000000000000000000100000010010000000000000010000000000010000000001000000000100001000100010100100010000000010010000000000000000000001000
000000000000000000000000000000000000000000000000000000000000000000000000001000001000001000100010001111111000000001000000011001010010010100000000000000010011010010001000100001010101000000010000000010011000010001011000000000101000000000000100010100100010000000000000111100000001011011110000100000000110
000000000000000000000000000000000000000000000000000000000000000000000000101010101000001011101010011111110010001001010000011101010111010100110000101101011101110011011010100001010110010001010000100010101010010101011000001001101010010001011001010110101010000001001100111100100001111011100000100000110110
000000000000000000000000000000000000000000000000000000000000000000000000000101010010100000000000100000000101000000101100100010000000101011001010010010000000000100100000000100000000100110001011010100000000001010000010110010000001101110000010101001000101010110110010000011000010000000000000000010001001
000000000000000000000000000000000000000000000000000000000000000000000000001000000000000011101010011111000000001101010010011101010110010100010000001101110011110011001110110001010110011000010100000010110010010100010000001101101010010001011001010110100010100001000100010100001001111111100100110001110110
000000000000000000000000000000000000000000000000000000000000000000000000001010000001000010101010000011100000000000000000011100010010010100000000100001010101110001001010000000000000000000010000100000000010000100011000000100001000010000010001000010000010000001000000000100000000000001010000101000000000
000000000000000000000000000000000000000000000000000000000000000000000000000010101000001011101011011111111010011001010000011101011110010100110000101101110111110011011010110001011111010000010100100010101010010101011001001001101110010001011101010110111010100001001101111100101001111111111000111000110110
000000000000000000000000000000000000000000000000000000000000000000000000000001010010100000000000100000000100000000100100100000000000100011000010000010000000000100000000001100000000100000001001000100000000001000000010110000000001100110000010001001000101000110010000000011000010000000000001000010000001
000000000000000000000000000000000000000000000000000000000000000000000000000000000000001010100010001001100000010100000000000000011001010100100000100000000001010000010100000000000000001001010000000000100001010000011000000000010000000000001100000000011010001001000001001100000001000011100010000001000010
000000000000000000000000000000000000000000000000000000000000000000000000000000000010100000000000100000000100000000100100100000000000100011000010000010000000000100000000001100000000100010001001000100000000001000000010110100000001100110000010001000000101000110010000000011100000000000000001000010000001
000000000000000000000000000000000000000000000000000000000000000000000000000000000001010001101010001110010010001000010010001101010110010100110000101100000101100011011010100000010110011000000100100000000010000100011001000100000010010000011101000010100010100001000100001100101001011011100000100000010110
000000000000000000000000000000000000000000000000000000000000000000000000000000000000000100000000100000000001000000001001000010000000001000001000010000000000000000100000000000000000000110000010010000000000000010000000000010000000001110000000100001000100010100100010000000010010000000000000000000001000
000000000000000000000000000000000000000000000000000000000000000000000000000000000000001011101000011110010000001011010000011100010110010100100000101101010101110010001010100001010111010000010000000010001001010001011000000101101010000001011101010110100010001001001000011100000001011011110000100000000110
000000000000000000000000000000000000000000000000000000000000000000000000000000000000000000010001000000001000100000000000010000100000000000000100000000000000001000000000000010100000000000100000001001000000000000100001000000100100000000100000000000000000000000000000010000000100000000001000100100000000
000000000000000000000000000000000000000000000000000000000000000000000000000000000000100000000000100000000100000000100100100000000000100011000010000010000000000100000000001100000000100010001001000100000000001000000010110000000001100110000010001000000101000110010000000011000000000000000000000010000001
000000000000000000000000000000000000000000000000000000000000000000000000000000000000010001100000000000000010001000010010000100010000010000010000100000000000010001000000000001000000001000000100100000000010000100000000000100000000010000000001000010000000100001000100000000101000001011000000000000010000
000000000000000000000000000000000000000000000000000000000000000000000000000000000000000000000000000000000100000000100100100000000000100011000010000010000000000100000000000100000000100000001001000100000000001000000010110000000001100100000010001000000101000110010000000011000000000000000000000010000001
000000000000000000000000000000000000000000000000000000000000000000000000000000000000001001100000001000000010011000010110010100010100010100010000100000000001010001001010000001000010001000000100100000000010000100010000000100001000010001001001000010000000100001000100000000101000100000000000000000010000
000000000000000000000000000000000000000000000000000000000000000000000000000000000000000001101010011111100010001001000010011000010110010100110000101101110101110010011010100001010111001001000000000000100010100001011000000101101010000001011101010110101010000001000100100100001001111011110100100000010110
000000000000000000000000000000000000000000000000000000000000000000000000000000000000000000000000000000000001000000001001000010000000001000001000010000000000000000100000000000000000000100000010010000000000000010000000000010000000001000000000100001000000010000100010000000010010000000000000000000001000
000000000000000000000000000000000000000000000000000000000000000000000000000000000000000001101011011111111010011111010000011101010111010100110000101101111111110011001110100000010111011000010100100010110011010101011000001100101000010001011101010010110010100001001101011100001001111110010110111001110110
000000000000000000000000000000000000000000000000000000000000000000000000000000000000000000101011001111111010001001010010011101010110010100110000101101111111110011001010100001010110011000010100100010001011010101011000001101101010010001001101000110101010101001000100011100101001011111100100100000110110
000000000000000000000000000000000000000000000000000000000000000000000000000000000000000000001011011111111010001001010010011101010111010100110001101101110101110011001110100011111111011000010000100010011010110101011000000101101010010001011101010110101010001001000100111100001001101011110010111000010110
000000000000000000000000000000000000000000000000000000000000000000000000000000000000000000000001000010001000100000000000010000100000000000010101000000001000001000000000000011100000000000100000001001000000000000100001000000100100010000100000000000000000000000000100000000000100000000001100000100000000
000000000000000000000000000000000000000000000000000000000000000000000000000000000000000000000011011111011010101111010000011101010110010100110100101101110111110011001110100001110011011000010000100010101000010101110000001101101110010001111101010110111010000001000100011100101001111111111100110001110110
000000000000000000000000000000000000000000000000000000000000000000000000000000000000000000000000000001100000000000000000000000000000000000000000000000000000000000000000000000000000000000000000000000000010000000000100000000000000000000000000000000000000000000000000000000000000000000000000000000000000
000000000000000000000000000000000000000000000000000000000000000000000000000000000000000000000000011111111010011001010000011001010111010100100000101101110111110011001010100001011111011000010100100000011011010101001000000100101000010001011101010110111010101001001000111100101001111111100000110000010110
000000000000000000000000000000000000000000000000000000000000000000000000000000000000000000000000011000001000100001010000010100110000010100010101000001101101111001000000000011110010000000110000101011000000000100100001001000100110010001101001000010000000000001000100000000000100001100001100100100110000
000000000000000000000000000000000000000000000000000000000000000000000000000000000000000000000000000000000100000000100100100000000000101011000010000010000000000100000000000000000000100010001001000000000000001000000000010000000000100010000010001001000101000110010000000011000000000000000000000010000001
000000000000000000000000000000000000000000000000000000000000000000000000000000000000000000000000001110001010101011010000011101110110010100110000001101111111110001001010110001010011011000010100000010101010010101010001001001101110010001011101010110100010100001000100001100001001111111100100111000110110
000000000000000000000000000000000000000000000000000000000000000000000000000000000000000000000000000111110010001011010000011101010110010100110101101101111111110011011010110001011111001000010000100010011011000101011000001101101010010001011101010110100010000001001101111100101001111111111100110100110110
000000000000000000000000000000000000000000000000000000000000000000000000000000000000000000000000000011111010001011010010011001010110010100110001101101110111110011011010110001011111011001010100000010111011110101011000001101101010010001011101010110101010101001001100111100101001111111110110111000110110
000000000000000000000000000000000000000000000000000000000000000000000000000000000000000000000000000001111010001101010000011101010111010100110101101101111111110011001110100001111110011000010100100010111011110101011000001101101010010001011101010110101010100001001100011100001001111111110100110001110110
000000000000000000000000000000000000000000000000000000000000000000000000000000000000000000000000000000110000000100000000001001011110000100100000101100010111010010001110100000001100010001010000000010011010010000011000000100101000000000010100000110101010001001001000111100000001011111110000110001000110
000000000000000000000000000000000000000000000000000000000000000000000000000000000000000000000000000000010000000001000000011001010010010100100000101100110101010000000000110000010110010001010000000000000010010001011100000000101010000000000000000000101010000001000000101100000001111111110000010000000010
000000000000000000000000000000000000000000000000000000000000000000000000000000000000000000000000000000000010001000000000010101000010010100110100101101011111010011010010100001010110011000010000000000010010010101001000000001001010010001001100010010101010001001000100001100000001011011110000110000010110
000000000000000000000000000000000000000000000000000000000000000000000000000000000000000000000000000000000010100001000000010000110100000100010100001001101110111001000000100011110000000000110000101001000000000100100001000100101100010001110001000010000000000001001100001000001100111011011000101100010100
000000000000000000000000000000000000000000000000000000000000000000000000000000000000000000000000000000000000000000100100100000000000100011000010000010000000000100000000001100000000100010001001000100000000001000000010110100000001100110000010001000000101000110010000000011100000000000000001000010000001
000000000000000000000000000000000000000000000000000000000000000000000000000000000000000000000000000000000000001000010010001100010010010100010000101101010101110011001010100000010010011000100100100010000000000100010001000100101010010001011101000010100010100001000100000100101001001001000000100000010110
000000000000000000000000000000000000000000000000000000000000000000000000000000000000000000000000000000000000000000001001000010000000001000001000010000000000000000100000000000000000000100000010010000000000000010000000000010000000001000000000100001000000010000100010000000010010000000000000000000001000
000000000000000000000000000000000000000000000000000000000000000000000000000000000000000000000000000000000000000011000000000000100000010100010100000000100000011000000000100011110000000000110000001001000000000000100001000000000100000001100000000010000000000000000100010000000100000100001000000100010000
000000000000000000000000000000000000000000000000000000000000000000000000000000000000000000000000000000000000000101010000000100001001010000110000000000000100010001010110000000001010000001010000000000100010010100000000000100011000010000001001000010011000001000001101000000000000101100010010000001010000
000000000000000000000000000000000000000000000000000000000000000000000000000000000000000000000000000000000000000011000010010000010110010100010001101101101101110010001010110001010011001000010100000000001010000001010000000101101010000001011100010010100010100001000100010100001001111011110100110000010110
000000000000000000000000000000000000000000000000000000000000000000000000000000000000000000000000000000000000000000000000000000001001000000110000000000000000010000010100100000001010000001010000000000100010010000000000000000010000010000000000000000011000000000000101000000000000001100000010000001010000
000000000000000000000000000000000000000000000000000000000000000000000000000000000000000000000000000000000000000001000000000000010000010000000000000001100100010001001011100000010010000000000000000000000000000100010000000001000000000001001001000010110010000001001100010000000000101000000100100000000100
000000000000000000000000000000000000000000000000000000000000000000000000000000000000000000000000000000000000000000010000011101011110010100010101101101111111110011001010100001111010011000110100100010100001010100111001001101101110010001111101010110110010100001001100011100101001111011111100100000110010
000000000000000000000000000000000000000000000000000000000000000000000000000000000000000000000000000000000000000000000100100000000000100011000010000010000000000100000000001100000000100010001001000100000000001000000010110100000001100110000010001000000101000110010000000011100000000000000001000010000001
000000000000000000000000000000000000000000000000000000000000000000000000000000000000000000000000000000000000000000000010011101011001010100110000101001001101110011011010000001010110011000010100100000000010010100011000001100101000010001010001000010100010100001000100010000101001111000100000100000110100
000000000000000000000000000000000000000000000000000000000000000000000000000000000000000000000000000000000000000000000001000010000000001000001000010000000000000000100000000000000000000100000010010000000000000010000000000010000000001000000000100001000000010000100010000000010010000000000000000000001000
000000000000000000000000000000000000000000000000000000000000000000000000000000000000000000000000000000000000000000000000100000000000100011000010000010000000000100000000001100000000100010001001000100000000001000000010110000000001100110000010001000000101000110010000000011000000000000000001000010000001
000000000000000000000000000000000000000000000000000000000000000000000000000000000000000000000000000000000000000000000000010100010000010100010000101100010101000001001010000001010010001000000100100000000010000100000000000100101000010001011001000010100010100001000100000000101000011011010000110000110000
000000000000000000000000000000000000000000000000000000000000000000000000000000000000000000000000000000000000000000000000000010000000001000001000010000000000000000100000000000000000000100000010010000000000000010000000000010000000001000000000100001000000010000100010000000010010000000000000000000001000
000000000000000000000000000000000000000000000000000000000000000000000000000000000000000000000000000000000000000000000000000000000000100011000010000010000000000100000000001100000000100010001101000100000000001000000010110100000001100110000010001000000101100110010000000011100000000000000001000010000001
000000000000000000000000000000000000000000000000000000000000000000000000000000000000000000000000000000000000000000000000001100011110010100010000101101110111111011001010100001011011000000110000000010111011010101011000001101101110010001011001010110110010000001001100111100000001111011100000111100110110
000000000000000000000000000000000000000000000000000000000000000000000000000000000000000000000000000000000000000000000000000001010111010100110000101101010101010011011000100001001111010000010000100000011010010101011000000100001010010000011100000010101010001001000100100100100001011111110000111000000110
000000000000000000000000000000000000000000000000000000000000000000000000000000000000000000000000000000000000000000000000000000010010010100110000101000000111110011001000100001000011001000000100100000000010000100010000000100101010010001011001000010100010100001000100001000101001100010010000100000010100
000000000000000000000000000000000000000000000000000000000000000000000000000000000000000000000000000000000000000000000000000000000000001000001000010000000000000000100000000000000000000100000010010000000000000010000000000010000000001000000000100001000000010000100010000000010010000000000000000000001000
000000000000000000000000000000000000000000000000000000000000000000000000000000000000000000000000000000000000000000000000000000010010010100110000101100110111010011010010100000011110010000010000100000100010010101001000000000100000010001001101000010100010000001000101111100001001111101110000010000010110
000000000000000000000000000000000000000000000000000000000000000000000000000000000000000000000000000000000000000000000000000000010000000000000100001000000000011000000000000011100000000000100000000001000000000000100001000000000100000000100000000000000000000000000000000000000001000000001000100100000000
000000000000000000000000000000000000000000000000000000000000000000000000000000000000000000000000000000000000000000000000000000001110010100010000101101111111110011001010110001010111011000010100100010101110010101011000001101101110010001011101010010101010101001000100111100101001111111111110111000110110
000000000000000000000000000000000000000000000000000000000000000000000000000000000000000000000000000000000000000000000000000000000001010000000000000000000010010000010100000000001010010001010000000000100010000001000000000000011000000001001000000010011010001000000001000000000000100010000010000001000000
000000000000000000000000000000000000000000000000000000000000000000000000000000000000000000000000000000000000000000000000000000000011010100110000101101110101110010011010110001010111000000010000000010001000000001011000001100101010010001011001010110101010000001000000010100000001011111110000110000100110
000000000000000000000000000000000000000000000000000000000000000000000000000000000000000000000000000000000000000000000000000000000000010100010000101101110111110011001010110001011011011000010100000010011010110101011000001101101010010001011101010110100010100001001100011100001001111111110000111000110110
000000000000000000000000000000000000000000000000000000000000000000000000000000000000000000000000000000000000000000000000000000000000000100010000100000010001000000010100000000000110010001000000000000101010000001001000000000000010000000000000000000011010001000000001000100000001000010000010000001000110
000000000000000000000000000000000000000000000000000000000000000000000000000000000000000000000000000000000000000000000000000000000000000011000010000010000000000100000000001100000000100010001001000100000000001000000010110000000001100110000010001000000101000110010000000011000000000000000001000010000001
000000000000000000000000000000000000000000000000000000000000000000000000000000000000000000000000000000000000000000000000000000000000000100110000101101111111110011001010110001010111011000110100100010101010010101111001001100101110010001011101010110110010101001001100011100101001111111110110111000110110
000000000000000000000000000000000000000000000000000000000000000000000000000000000000000000000000000000000000000000000000000000000000000000001000010000000000000000100000000000000000000110000010010100000000000010000000100010000000001110000000100001000000010000100010000000010010000000000000000000001000
000000000000000000000000000000000000000000000000000000000000000000000000000000000000000000000000000000000000000000000000000000000000000000110000101101111111110011011010100001010111011000110100100010111011010101111001001100101010010001111101010110101010101001000100011100101001111111110110111000110110
000000000000000000000000000000000000000000000000000000000000000000000000000000000000000000000000000000000000000000000000000000000000000001000010000010000000000100000000001100000000100010001001000100000000001000000010110000000001100110000010001000000101000110010000000011000000000000000001000010000001
000000000000000000000000000000000000000000000000000000000000000000000000000000000000000000000000000000000000000000000000000000000000000000000010000010000000000100000000001100000000101010001101000100000000001000000010110100000001100110000010001000000101100110010000000011100000000000000001000010000001
000000000000000000000000000000000000000000000000000000000000000000000000000000000000000000000000000000000000000000000000000000000000000000010000101101110101010011000110000001011110010000010000000000010010010100001000000000100010010000001001000010100010001001001100111100100001111011110000010001010110
000000000000000000000000000000000000000000000000000000000000000000000000000000000000000000000000000000000000000000000000000000000000000000000100101101110111110011011110100001010110011000010100100010100010010101011001001100101110010001011101010110110010101001000100010100101001111111101110110001110110
000000000000000000000000000000000000000000000000000000000000000000000000000000000000000000000000000000000000000000000000000000000000000000000000010000000000000000100000000000000000000100000010010000000000000010000000000010000000001000000000100001000000010000100010000000010010000000000000000000001000
000000000000000000000000000000000000000000000000000000000000000000000000000000000000000000000000000000000000000000000000000000000000000000000000000000000000001000000000000010100010001000100000001001000000000000100001000000000100010001100000000000000000000000000100000000000100000000001000100100000000
000000000000000000000000000000000000000000000000000000000000000000000000000000000000000000000000000000000000000000000000000000000000000000000000000010000000000100000000001100000000100010001001000100000000001000000010110000000001100110000010001000000101000110010000000011000000000000000001000010000001
000000000000000000000000000000000000000000000000000000000000000000000000000000000000000000000000000000000000000000000000000000000000000000000000000101001000000000001000100001010000000000100000000000000000000000000000000000101010000000000000010010100010000000000000010000000100101000000100000000010100
000000000000000000000000000000000000000000000000000000000000000000000000000000000000000000000000000000000000000000000000000000000000000000000000001101111101110011011010110001010111011000010100100000001010110101011000000101101010010001011101010110101010101001001100011100101001111111110000110000110110
000000000000000000000000000000000000000000000000000000000000000000000000000000000000000000000000000000000000000000000000000000000000000000000000000000000000000000100000000000000000000100000010010000000000000010000000000010000000001000000000100001000000010000100010000000010010000000000000000000001000
000000000000000000000000000000000000000000000000000000000000000000000000000000000000000000000000000000000000000000000000000000000000000000000000000101111111110011001010110001010111011000010100100010011000110101011000001101101010010001011101010110100010100001001100011100101001111111110010110000110110
000000000000000000000000000000000000000000000000000000000000000000000000000000000000000000000000000000000000000000000000000000000000000000000000000001010111110011011010110001010111010000010000100010001010010101011000001101100010000001011100010110100010000001000000011100100001111011110000111000110110
000000000000000000000000000000000000000000000000000000000000000000000000000000000000000000000000000000000000000000000000000000000000000000000000000000000000000100000000001100000000100010001001000100000000001000000010110000000001100110000010001000000101000110010000000011000000000000000001000010000001
000000000000000000000000000000000000000000000000000000000000000000000000000000000000000000000000000000000000000000000000000000000000000000000000000000110111110011001010100001011110000000010000100010101001010101011000001001101000000001011100010110100010000001001100011000000001111111100000110000110100
000000000000000000000000000000000000000000000000000000000000000000000000000000000000000000000000000000000000000000000000000000000000000000000000000000001111110011001010100001010011000000010100000010100001010100010000000000101000010001011100000110100010100001001100010100000001111011110100110000110010
000000000000000000000000000000000000000000000000000000000000000000000000000000000000000000000000000000000000000000000000000000000000000000000000000000000111110010011010110001010111010001010000100000011011010001011000000101101010010001011100000110101010000001001000001100000001011011110010111000010110
000000000000000000000000000000000000000000000000000000000000000000000000000000000000000000000000000000000000000000000000000000000000000000000000000000000101110001001000100001010000001000000000000000000000000100000000000000101000000001000000010010000010000001000100000100001000101010010100100000010110
000000000000000000000000000000000000000000000000000000000000000000000000000000000000000000000000000000000000000000000000000000000000000000000000000000000011110011001010110001110011000000010100100010101011100101011000000101101010010001011101010110111010101001001100011100101001111111110110111000010110
000000000000000000000000000000000000000000000000000000000000000000000000000000000000000000000000000000000000000000000000000000000000000000000000000000000000110011001000100001011010010000010000000010111000010100111000001001100100000001101101000010100010000001000100011100000000101111110000110000110010
000000000000000000000000000000000000000000000000000000000000000000000000000000000000000000000000000000000000000000000000000000000000000000000000000000000000110011011010110001011111010000010000100010111011110101111000000101101010010001011101010110101010000001000101011100101001111111110100110000010110
000000000000000000000000000000000000000000000000000000000000000000000000000000000000000000000000000000000000000000000000000000000000000000000000000000000000010011001010100001110010000000010000100010101010000101011000001001101110010001011001010110100010000001000100011100100001101111110110111000110110
000000000000000000000000000000000000000000000000000000000000000000000000000000000000000000000000000000000000000000000000000000000000000000000000000000000000001011011110100001010111011000010100100010111010010101011000000101101010010001011101010110100010101001001101111100001001111111110010111001110110
000000000000000000000000000000000000000000000000000000000000000000000000000000000000000000000000000000000000000000000000000000000000000000000000000000000000000000000000000010100000000000100000001001000000000000100001000000100100000000100000000000000000000001000000010000000100000000001000100100000000
000000000000000000000000000000000000000000000000000000000000000000000000000000000000000000000000000000000000000000000000000000000000000000000000000000000000000000000000001100000000100010001001000100000000001000000010110100000001100110000010001000000101000110010000000011000000000000000001000010000001
000000000000000000000000000000000000000000000000000000000000000000000000000000000000000000000000000000000000000000000000000000000000000000000000000000000000000001001010100001010111010000010000100010001010110101111000000001101010000001111101000010100010001001000100111100100001111011100000110000110110
000000000000000000000000000000000000000000000000000000000000000000000000000000000000000000000000000000000000000000000000000000000000000000000000000000000000000000011010100001110110011000010100100010100010000100011000001100111000010001011001000110100010100001000100011000101000111011101100100000110100
000000000000000000000000000000000000000000000000000000000000000000000000000000000000000000000000000000000000000000000000000000000000000000000000000000000000000000000000000000000000000100000010010000000000000010000000000010000000001000000000100001000000010000100010000000010010000000000000000000001000
000000000000000000000000000000000000000000000000000000000000000000000000000000000000000000000000000000000000000000000000000000000000000000000000000000000000000000000100100000010100010001010000000000100010010101001000000000011000000000000000010010011010001000000101001000000001000011000010100001010000
000000000000000000000000000000000000000000000000000000000000000000000000000000000000000000000000000000000000000000000000000000000000000000000000000000000000000000000010100001011110011000010100100010011011110101011000001101101010010001011101010110111010101001000100011100001001111111110010111000110110
000000000000000000000000000000000000000000000000000000000000000000000000000000000000000000000000000000000000000000000000000000000000000000000000000000000000000000000000100000001010000001010000000000100010010000000000000000010000010000000000000000011000000000000101000000000000001100000010000001010000
000000000000000000000000000000000000000000000000000000000000000000000000000000000000000000000000000000000000000000000000000000000000000000000000000000000000000000000000110001010111010000010000100010101000010101011000001101111010010001011001010110110010000001000100011100000001111111110000110000110110
000000000000000000000000000000000000000000000000000000000000000000000000000000000000000000000000000000000000000000000000000000000000000000000000000000000000000000000000000000000000000000000000000000000000000000000000000000000000000000000000000000000000000000000000010000000000000000000000000000000000
000000000000000000000000000000000000000000000000000000000000000000000000000000000000000000000000000000000000000000000000000000000000000000000000000000000000000000000000000001010111010000010000100010011001010100011000001001101010000001011101010110101010001001001100011100100001111111100100100001110110
000000000000000000000000000000000000000000000000000000000000000000000000000000000000000000000000000000000000000000000000000000000000000000000000000000000000000000000000000000010111000000010000000000000000000001000000000000100010000000001000000010101010000000000000000000000001001001000000000000000000
000000000000000000000000000000000000000000000000000000000000000000000000000000000000000000000000000000000000000000000000000000000000000000000000000000000000000000000000000100000000100000001001000000000000001000000000010000000000100000000010001000000001000010010000000011000000000000000001000010000001
000000000000000000000000000000000000000000000000000000000000000000000000000000000000000000000000000000000000000000000000000000000000000000000000000000000000000000000000000000000000100010001001000100000000001000000010110100000001100100000010001000000101000110010000000011000000000000000001000010000001
000000000000000000000000000000000000000000000000000000000000000000000000000000000000000000000000000000000000000000000000000000000000000000000000000000000000000000000000000000100000000000100000000001000000000000100001000000000100000000100000000000000000000000000000000000000000000001001000000100000000
000000000000000000000000000000000000000000000000000000000000000000000000000000000000000000000000000000000000000000000000000000000000000000000000000000000000000000000000000000110111011000110100100010001000010101011000001101101110010001011101010010100010101001000100000100101001111011111100110000110110
000000000000000000000000000000000000000000000000000000000000000000000000000000000000000000000000000000000000000000000000000000000000000000000000000000000000000000000000000000000010000000110000001001000000000100100001000000100100000000100001000000000000000000000000000000000100000000001000100100010000
000000000000000000000000000000000000000000000000000000000000000000000000000000000000000000000000000000000000000000000000000000000000000000000000000000000000000000000000000000000111011000010000100010100010010101011000001101101110010001011101010110101010001001000100011100100001111111110100111000110110
000000000000000000000000000000000000000000000000000000000000000000000000000000000000000000000000000000000000000000000000000000000000000000000000000000000000000000000000000000000000010000010000000000100000010000001000000000010000000001000000000000010000000000001000100100000001100100000000010001000000
000000000000000000000000000000000000000000000000000000000000000000000000000000000000000000000000000000000000000000000000000000000000000000000000000000000000000000000000000000000011010000010000100000010010010101001000000100100010000000011101000110101010000001000100101100100001111111110000010000010110
000000000000000000000000000000000000000000000000000000000000000000000000000000000000000000000000000000000000000000000000000000000000000000000000000000000000000000000000000000000001011000010100100010101010010101011000001100101010010001011101010110110010101001000101011100101001111111110100110001110110
000000000000000000000000000000000000000000000000000000000000000000000000000000000000000000000000000000000000000000000000000000000000000000000000000000000000000000000000000000000000000000010000000000100100000001011000000100101010000000001001000110101010000001000100000000000001101011100000100000000110
000000000000000000000000000000000000000000000000000000000000000000000000000000000000000000000000000000000000000000000000000000000000000000000000000000000000000000000000000000000000000010001001000100000000001000000010110000000001100110000010001000000101000110010000000011000000000000000001000010000001
000000000000000000000000000000000000000000000000000000000000000000000000000000000000000000000000000000000000000000000000000000000000000000000000000000000000000000000000000000000000000000010000000000001011010100001000000001101000010001001100000010001010000001001100111100100001011011100000010000010110
000000000000000000000000000000000000000000000000000000000000000000000000000000000000000000000000000000000000000000000000000000000000000000000000000000000000000000000000000000000000000000000100100000000000000100000000000100101000010001001001000110100000100001010100000001101000100110000000100000010001
000000000000000000000000000000000000000000000000000000000000000000000000000000000000000000000000000000000000000000000000000000000000000000000000000000000000000000000000000000000000000000000010010000000000000010000000000010000000001000000000100001000000010000100010000000010010000000000000000000001000
000000000000000000000000000000000000000000000000000000000000000000000000000000000000000000000000000000000000000000000000000000000000000000000000000000000000000000000000000000000000000000001001000000000000001000000010010000000001100010000010001001000101000110010000000011000000000000000000000010000001
000000000000000000000000000000000000000000000000000000000000000000000000000000000000000000000000000000000000000000000000000000000000000000000000000000000000000000000000000000000000000000000000000000100000000000000000000000010000000000000000000000011000001000000001000000000001000010100010000001000000
000000000000000000000000000000000000000000000000000000000000000000000000000000000000000000000000000000000000000000000000000000000000000000000000000000000000000000000000000000000000000000000000001001000000000000100001000000100100000001100000000010000000000000000000000000000100000000001100100100010000
000000000000000000000000000000000000000000000000000000000000000000000000000000000000000000000000000000000000000000000000000000000000000000000000000000000000000000000000000000000000000000000000100000110011010101011000001001111100010001011101010110111010001001001101111100100001111111111000111001110110
000000000000000000000000000000000000000000000000000000000000000000000000000000000000000000000000000000000000000000000000000000000000000000000000000000000000000000000000000000000000000000000001000100000000001000000010110000000001100110000010001000000101000110010000000011000000000000000001000010000001
000000000000000000000000000000000000000000000000000000000000000000000000000000000000000000000000000000000000000000000000000000000000000000000000000000000000000000000000000000000000000000000000100000000010000100000000000100000000110001000011000010000000100001010100000001101000101000000010100010010000
000000000000000000000000000000000000000000000000000000000000000000000000000000000000000000000000000000000000000000000000000000000000000000000000000000000000000000000000000000000000000000000000010000000000000010000000000010000000001000000000100001000000010000100010000000010010000000000000000000001000
000000000000000000000000000000000000000000000000000000000000000000000000000000000000000000000000000000000000000000000000000000000000000000000000000000000000000000000000000000000000000000000000000100000000001000000010110100000001100110000010001000000101000110010000000011100000000000000001000010000001
000000000000000000000000000000000000000000000000000000000000000000000000000000000000000000000000000000000000000000000000000000000000000000000000000000000000000000000000000000000000000000000000000010000000000100010001001100101000010000011001000010100010100001001100001000101000011101000000101000010100
000000000000000000000000000000000000000000000000000000000000000000000000000000000000000000000000000000000000000000000000000000000000000000000000000000000000000000000000000000000000000000000000000100000000000010000000000010000000001100000000100001000000010000100010000000010010000000000000000000001000
000000000000000000000000000000000000000000000000000000000000000000000000000000000000000000000000000000000000000000000000000000000000000000000000000000000000000000000000000000000000000000000000000000000000000000100001000000000100000000100000000000000000000000000000000000000100000000001000000100000000
000000000000000000000000000000000000000000000000000000000000000000000000000000000000000000000000000000000000000000000000000000000000000000000000000000000000000000000000000000000000000000000000000000000000001000000010110000000001101100000010001000000101000110010000000011000000000000000001000010000001
000000000000000000000000000000000000000000000000000000000000000000000000000000000000000000000000000000000000000000000000000000000000000000000000000000000000000000000000000000000000000000000000000000000000000100010000001000101110010001011000010010110010000001000100010100000000111011100000100000110110
000000000000000000000000000000000000000000000000000000000000000000000000000000000000000000000000000000000000000000000000000000000000000000000000000000000000000000000000000000000000000000000000000000000000000000100001000000000100000000100000000000000000000000000000000000000100000000001000000100000000
000000000000000000000000000000000000000000000000000000000000000000000000000000000000000000000000000000000000000000000000000000000000000000000000000000000000000000000000000000000000000000000000000000000011000100000000000000011000000001001001000010011010001000001101000000000000100010010010100001000000
000000000000000000000000000000000000000000000000000000000000000000000000000000000000000000000000000000000000000000000000000000000000000000000000000000000000000000000000000000000000000000000000000000000010000001011000000000100010000000000100000110000010000000000000000100000001001011000000100000000110
000000000000000000000000000000000000000000000000000000000000000000000000000000000000000000000000000000000000000000000000000000000000000000000000000000000000000000000000000000000000000000000000000000000000110001011000000000101010000000010100010010100010001001000000111100000001011011100000110000000110
000000000000000000000000000000000000000000000000000000000000000000000000000000000000000000000000000000000000000000000000000000000000000000000000000000000000000000000000000000000000000000000000000000000000000000000000000000000000000000001000000000000000000000000000000000000000100000000000000000000000
000000000000000000000000000000000000000000000000000000000000000000000000000000000000000000000000000000000000000000000000000000000000000000000000000000000000000000000000000000000000000000000000000000000000010101011100000100111010010000011101000110011010101001000100001100101001011111010010010001010110
000000000000000000000000000000000000000000000000000000000000000000000000000000000000000000000000000000000000000000000000000000000000000000000000000000000000000000000000000000000000000000000000000000000000010001000000000000000000000000000000010000011000000001000000000100000001010000000000110000000110
000000000000000000000000000000000000000000000000000000000000000000000000000000000000000000000000000000000000000000000000000000000000000000000000000000000000000000000000000000000000000000000000000000000000000000010000000000100010000000000000000000100010000000000000010000000001000010000000000000000100
000000000000000000000000000000000000000000000000000000000000000000000000000000000000000000000000000000000000000000000000000000000000000000000000000000000000000000000000000000000000000000000000000000000000000000011000000000101000000001001100000010100010001001000000111100000001011111110010010001000110
000000000000000000000000000000000000000000000000000000000000000000000000000000000000000000000000000000000000000000000000000000000000000000000000000000000000000000000000000000000000000000000000000000000000000000000010110100000001100110000010001000000101000110010000000011000000000000000001000010000001
000000000000000000000000000000000000000000000000000000000000000000000000000000000000000000000000000000000000000000000000000000000000000000000000000000000000000000000000000000000000000000000000000000000000000000011000001100111000010001011001000110100010100001000100011000101000111011101100100000110100
000000000000000000000000000000000000000000000000000000000000000000000000000000000000000000000000000000000000000000000000000000000000000000000000000000000000000000000000000000000000000000000000000000000000000000000000000010000000001000000000100001000000010000100010000000010010000000000000000000001000
000000000000000000000000000000000000000000000000000000000000000000000000000000000000000000000000000000000000000000000000000000000000000000000000000000000000000000000000000000000000000000000000000000000000000000011000000000101010000000001101000100101010000001001100011100000001010111110010110000000110
000000000000000000000000000000000000000000000000000000000000000000000000000000000000000000000000000000000000000000000000000000000000000000000000000000000000000000000000000000000000000000000000000000000000000000000001000000000100000001100000000000010000000000000000000000000100000000001100000100000000
000000000000000000000000000000000000000000000000000000000000000000000000000000000000000000000000000000000000000000000000000000000000000000000000000000000000000000000000000000000000000000000000000000000000000000001001001101101010010001011101010110100010000001000100011100100001111011111000110000010110
000000000000000000000000000000000000000000000000000000000000000000000000000000000000000000000000000000000000000000000000000000000000000000000000000000000000000000000000000000000000000000000000000000000000000000000000001101000010000001011101000110101010000001000000101100100001111111110000110000100010
000000000000000000000000000000000000000000000000000000000000000000000000000000000000000000000000000000000000000000000000000000000000000000000000000000000000000000000000000000000000000000000000000000000000000000000000000000000000000000000000000000000000000000000000000000000000000000000000000000000000
000000000000000000000000000000000000000000000000000000000000000000000000000000000000000000000000000000000000000000000000000000000000000000000000000000000000000000000000000000000000000000000000000000000000000000000000110000000001100100000010001000000101000110010000000011000000000000000001000010000001
000000000000000000000000000000000000000000000000000000000000000000000000000000000000000000000000000000000000000000000000000000000000000000000000000000000000000000000000000000000000000000000000000000000000000000000000000000000100010001101000000010000000000000000100000000000100000000001100000100010000
000000000000000000000000000000000000000000000000000000000000000000000000000000000000000000000000000000000000000000000000000000000000000000000000000000000000000000000000000000000000000000000000000000000000000000000000010000000001100100000010001000000101000110110000000011000000000000000001000010000001
000000000000000000000000000000000000000000000000000000000000000000000000000000000000000000000000000000000000000000000000000000000000000000000000000000000000000000000000000000000000000000000000000000000000000000000000000000000001100110000010001000000101000110010000000011000000000000000001000010000001
000000000000000000000000000000000000000000000000000000000000000000000000000000000000000000000000000000000000000000000000000000000000000000000000000000000000000000000000000000000000000000000000000000000000000000000000000001101000000001001001000010100010000001000100000000100000101011000000100000100000
000000000000000000000000000000000000000000000000000000000000000000000000000000000000000000000000000000000000000000000000000000000000000000000000000000000000000000000000000000000000000000000000000000000000000000000000000000101000110001011111000010100010100001010100000001101000101011010000100010110101
000000000000000000000000000000000000000000000000000000000000000000000000000000000000000000000000000000000000000000000000000000000000000000000000000000000000000000000000000000000000000000000000000000000000000000000000000000000000001100000000100001000000010000100010000000010010000000000000000000001000
000000000000000000000000000000000000000000000000000000000000000000000000000000000000000000000000000000000000000000000000000000000000000000000000000000000000000000000000000000000000000000000000000000000000000000000000000000100010000001001000010100100010000001000000001100000001111011100000111000100110
000000000000000000000000000000000000000000000000000000000000000000000000000000000000000000000000000000000000000000000000000000000000000000000000000000000000000000000000000000000000000000000000000000000000000000000000000000001010010001011101010110100010000001000100011100000001111111111100110000110110
000000000000000000000000000000000000000000000000000000000000000000000000000000000000000000000000000000000000000000000000000000000000000000000000000000000000000000000000000000000000000000000000000000000000000000000000000000000000000000001000000010011000001000001101000000000000000000000010000001010000
000000000000000000000000000000000000000000000000000000000000000000000000000000000000000000000000000000000000000000000000000000000000000000000000000000000000000000000000000000000000000000000000000000000000000000000000000000000010010001011101010110101010000001000100010100100001111111111100100000110110
000000000000000000000000000000000000000000000000000000000000000000000000000000000000000000000000000000000000000000000000000000000000000000000000000000000000000000000000000000000000000000000000000000000000000000000000000000000000000000100000000010000000000001000100000000000100000000001000000100000000
000000000000000000000000000000000000000000000000000000000000000000000000000000000000000000000000000000000000000000000000000000000000000000000000000000000000000000000000000000000000000000000000000000000000000000000000000000000000000000011101010110100010001001000100011100000001011111110000110000010110
000000000000000000000000000000000000000000000000000000000000000000000000000000000000000000000000000000000000000000000000000000000000000000000000000000000000000000000000000000000000000000000000000000000000000000000000000000000000100100000010001000000101000110010000000011000000000000000001000010000001
000000000000000000000000000000000000000000000000000000000000000000000000000000000000000000000000000000000000000000000000000000000000000000000000000000000000000000000000000000000000000000000000000000000000000000000000000000000000000110000010001000000101000110010000000011100000000000000001000010000001
000000000000000000000000000000000000000000000000000000000000000000000000000000000000000000000000000000000000000000000000000000000000000000000000000000000000000000000000000000000000000000000000000000000000000000000000000000000000000001011101000010100010100001000100010000101001101011100100100001010100
000000000000000000000000000000000000000000000000000000000000000000000000000000000000000000000000000000000000000000000000000000000000000000000000000000000000000000000000000000000000000000000000000000000000000000000000000000000000000100000000100001000000010000100010000000010010000000000000000000001000
000000000000000000000000000000000000000000000000000000000000000000000000000000000000000000000000000000000000000000000000000000000000000000000000000000000000000000000000000000000000000000000000000000000000000000000000000000000000000000000010001000000101000110110000000011000000000000000001000010000001
000000000000000000000000000000000000000000000000000000000000000000000000000000000000000000000000000000000000000000000000000000000000000000000000000000000000000000000000000000000000000000000000000000000000000000000000000000000000000000000010001001000101000110010000000011000000000000000000000010000001
000000000000000000000000000000000000000000000000000000000000000000000000000000000000000000000000000000000000000000000000000000000000000000000000000000000000000000000000000000000000000000000000000000000000000000000000000000000000000000111101010110110010100001000100010000001001111011101100100000110110
000000000000000000000000000000000000000000000000000000000000000000000000000000000000000000000000000000000000000000000000000000000000000000000000000000000000000000000000000000000000000000000000000000000000000000000000000000000000000000000000000000010000000000000000000000000100000000001000000100000000
000000000000000000000000000000000000000000000000000000000000000000000000000000000000000000000000000000000000000000000000000000000000000000000000000000000000000000000000000000000000000000000000000000000000000000000000000000000000000000001101010110110010000001000100010100100001111011110000111000010110
000000000000000000000000000000000000000000000000000000000000000000000000000000000000000000000000000000000000000000000000000000000000000000000000000000000000000000000000000000000000000000000000000000000000000000000000000000000000000000000101000110111010000001001100010100100001101111100110111000110110
000000000000000000000000000000000000000000000000000000000000000000000000000000000000000000000000000000000000000000000000000000000000000000000000000000000000000000000000000000000000000000000000000000000000000000000000000000000000000000000000010010101010001001000100001100000001000111000000110000010110
000000000000000000000000000000000000000000000000000000000000000000000000000000000000000000000000000000000000000000000000000000000000000000000000000000000000000000000000000000000000000000000000000000000000000000000000000000000000000000000000001000000101000110010000000011100000000000000001000010000001
000000000000000000000000000000000000000000000000000000000000000000000000000000000000000000000000000000000000000000000000000000000000000000000000000000000000000000000000000000000000000000000000000000000000000000000000000000000000000000000000000110110010100001001100001000101001100011110000100000110100
000000000000000000000000000000000000000000000000000000000000000000000000000000000000000000000000000000000000000000000000000000000000000000000000000000000000000000000000000000000000000000000000000000000000000000000000000000000000000000000000000001000000010000100010000000010010000000000000000000001000
000000000000000000000000000000000000000000000000000000000000000000000000000000000000000000000000000000000000000000000000000000000000000000000000000000000000000000000000000000000000000000000000000000000000000000000000000000000000000000000000000010100010000000001100011100000001011011100000100000000110
000000000000000000000000000000000000000000000000000000000000000000000000000000000000000000000000000000000000000000000000000000000000000000000000000000000000000000000000000000000000000000000000000000000000000000000000000000000000000000000000000000000101000110010000000011000000000000000001000010000001
000000000000000000000000000000000000000000000000000000000000000000000000000000000000000000000000000000000000000000000000000000000000000000000000000000000000000000000000000000000000000000000000000000000000000000000000000000000000000000000000000010100010000001001000011100000001111111100000110000100100
000000000000000000000000000000000000000000000000000000000000000000000000000000000000000000000000000000000000000000000000000000000000000000000000000000000000000000000000000000000000000000000000000000000000000000000000000000000000000000000000000000111010100001001100011100101001111111111110111000110110
000000000000000000000000000000000000000000000000000000000000000000000000000000000000000000000000000000000000000000000000000000000000000000000000000000000000000000000000000000000000000000000000000000000000000000000000000000000000000000000000000000000100010100100010000000010010000000000000000000001000
000000000000000000000000000000000000000000000000000000000000000000000000000000000000000000000000000000000000000000000000000000000000000000000000000000000000000000000000000000000000000000000000000000000000000000000000000000000000000000000000000000000010000001000100011100100001111011110100110000110110
000000000000000000000000000000000000000000000000000000000000000000000000000000000000000000000000000000000000000000000000000000000000000000000000000000000000000000000000000000000000000000000000000000000000000000000000000000000000000000000000000000001000001000001001000000000000100010010000000001010000
000000000000000000000000000000000000000000000000000000000000000000000000000000000000000000000000000000000000000000000000000000000000000000000000000000000000000000000000000000000000000000000000000000000000000000000000000000000000000000000000000000000010001000001001000100000001000011000010011001000010
000000000000000000000000000000000000000000000000000000000000000000000000000000000000000000000000000000000000000000000000000000000000000000000000000000000000000000000000000000000000000000000000000000000000000000000000000000000000000000000000000000000001000110010000000011000000000000000001000010001001
000000000000000000000000000000000000000000000000000000000000000000000000000000000000000000000000000000000000000000000000000000000000000000000000000000000000000000000000000000000000000000000000000000000000000000000000000000000000000000000000000000000000001001001101111100100001111111100100110000100110
000000000000000000000000000000000000000000000000000000000000000000000000000000000000000000000000000000000000000000000000000000000000000000000000000000000000000000000000000000000000000000000000000000000000000000000000000000000000000000000000000000000000000110010000000011000000000000000001000010000001
000000000000000000000000000000000000000000000000000000000000000000000000000000000000000000000000000000000000000000000000000000000000000000000000000000000000000000000000000000000000000000000000000000000000000000000000000000000000000000000000000000000000000001000100000000101010101000000010100000010000
000000000000000000000000000000000000000000000000000000000000000000000000000000000000000000000000000000000000000000000000000000000000000000000000000000000000000000000000000000000000000000000000000000000000000000000000000000000000000000000000000000000000000000100010000000010010000000000000000000001000
000000000000000000000000000000000000000000000000000000000000000000000000000000000000000000000000000000000000000000000000000000000000000000000000000000000000000000000000000000000000000000000000000000000000000000000000000000000000000000000000000000000000000000000001000100000001001000000010001000000110
000000000000000000000000000000000000000000000000000000000000000000000000000000000000000000000000000000000000000000000000000000000000000000000000000000000000000000000000000000000000000000000000000000000000000000000000000000000000000000000000000000000000000010010000000011000000000000000001000010001001
000000000000000000000000000000000000000000000000000000000000000000000000000000000000000000000000000000000000000000000000000000000000000000000000000000000000000000000000000000000000000000000000000000000000000000000000000000000000000000000000000000000000000000010000000011000000000000000001000010000001
000000000000000000000000000000000000000000000000000000000000000000000000000000000000000000000000000000000000000000000000000000000000000000000000000000000000000000000000000000000000000000000000000000000000000000000000000000000000000000000000000000000000000000000100010100101001111111110100111000110110
000000000000000000000000000000000000000000000000000000000000000000000000000000000000000000000000000000000000000000000000000000000000000000000000000000000000000000000000000000000000000000000000000000000000000000000000000000000000000000000000000000000000000000000010000000010010000000000000000000001000
000000000000000000000000000000000000000000000000000000000000000000000000000000000000000000000000000000000000000000000000000000000000000000000000000000000000000000000000000000000000000000000000000000000000000000000000000000000000000000000000000000000000000000000000000011100000000000000001000010000001
000000000000000000000000000000000000000000000000000000000000000000000000000000000000000000000000000000000000000000000000000000000000000000000000000000000000000000000000000000000000000000000000000000000000000000000000000000000000000000000000000000000000000000000000100100000001101100000000100000000000
000000000000000000000000000000000000000000000000000000000000000000000000000000000000000000000000000000000000000000000000000000000000000000000000000000000000000000000000000000000000000000000000000000000000000000000000000000000000000000000000000000000000000000000001011000101000101110100110111001110100
000000000000000000000000000000000000000000000000000000000000000000000000000000000000000000000000000000000000000000000000000000000000000000000000000000000000000000000000000000000000000000000000000000000000000000000000000000000000000000000000000000000000000000000000000000010010000000000000000000001000
000000000000000000000000000000000000000000000000000000000000000000000000000000000000000000000000000000000000000000000000000000000000000000000000000000000000000000000000000000000000000000000000000000000000000000000000000000000000000000000000000000000000000000000000000000000000000000000010000001000000
000000000000000000000000000000000000000000000000000000000000000000000000000000000000000000000000000000000000000000000000000000000000000000000000000000000000000000000000000000000000000000000000000000000000000000000000000000000000000000000000000000000000000000000000001100000001000000100000010000000010
000000000000000000000000000000000000000000000000000000000000000000000000000000000000000000000000000000000000000000000000000000000000000000000000000000000000000000000000000000000000000000000000000000000000000000000000000000000000000000000000000000000000000000000000000100000001101011110000111000010110
000000000000000000000000000000000000000000000000000000000000000000000000000000000000000000000000000000000000000000000000000000000000000000000000000000000000000000000000000000000000000000000000000000000000000000000000000000000000000000000000000000000000000000000000000100000001001011110000110000010110
000000000000000000000000000000000000000000000000000000000000000000000000000000000000000000000000000000000000000000000000000000000000000000000000000000000000000000000000000000000000000000000000000000000000000000000000000000000000000000000000000000000000000000000000000000000001111111110000110000110110
000000000000000000000000000000000000000000000000000000000000000000000000000000000000000000000000000000000000000000000000000000000000000000000000000000000000000000000000000000000000000000000000000000000000000000000000000000000000000000000000000000000000000000000000000001000000000000000001000010000001
000000000000000000000000000000000000000000000000000000000000000000000000000000000000000000000000000000000000000000000000000000000000000000000000000000000000000000000000000000000000000000000000000000000000000000000000000000000000000000000000000000000000000000000000000000100000000000000001000010000001
000000000000000000000000000000000000000000000000000000000000000000000000000000000000000000000000000000000000000000000000000000000000000000000000000000000000000000000000000000000000000000000000000000000000000000000000000000000000000000000000000000000000000000000000000000001000101011100000100010110101
000000000000000000000000000000000000000000000000000000000000000000000000000000000000000000000000000000000000000000000000000000000000000000000000000000000000000000000000000000000000000000000000000000000000000000000000000000000000000000000000000000000000000000000000000000000010000000000000000000001000
000000000000000000000000000000000000000000000000000000000000000000000000000000000000000000000000000000000000000000000000000000000000000000000000000000000000000000000000000000000000000000000000000000000000000000000000000000000000000000000000000000000000000000000000000000000000101000000010110000110000
000000000000000000000000000000000000000000000000000000000000000000000000000000000000000000000000000000000000000000000000000000000000000000000000000000000000000000000000000000000000000000000000000000000000000000000000000000000000000000000000000000000000000000000000000000000000000000001000000100000000
000000000000000000000000000000000000000000000000000000000000000000000000000000000000000000000000000000000000000000000000000000000000000000000000000000000000000000000000000000000000000000000000000000000000000000000000000000000000000000000000000000000000000000000000000000000000000000000000000000001000
000000000000000000000000000000000000000000000000000000000000000000000000000000000000000000000000000000000000000000000000000000000000000000000000000000000000000000000000000000000000000000000000000000000000000000000000000000000000000000000000000000000000000000000000000000000000011111110000111000010110
000000000000000000000000000000000000000000000000000000000000000000000000000000000000000000000000000000000000000000000000000000000000000000000000000000000000000000000000000000000000000000000000000000000000000000000000000000000000000000000000000000000000000000000000000000000000001111110100110000110110
000000000000000000000000000000000000000000000000000000000000000000000000000000000000000000000000000000000000000000000000000000000000000000000000000000000000000000000000000000000000000000000000000000000000000000000000000000000000000000000000000000000000000000000000000000000000001011100100110000000110
000000000000000000000000000000000000000000000000000000000000000000000000000000000000000000000000000000000000000000000000000000000000000000000000000000000000000000000000000000000000000000000000000000000000000000000000000000000000000000000000000000000000000000000000000000000000000011110000110001110110
000000000000000000000000000000000000000000000000000000000000000000000000000000000000000000000000000000000000000000000000000000000000000000000000000000000000000000000000000000000000000000000000000000000000000000000000000000000000000000000000000000000000000000000000000000000000000011010000101001000010
000000000000000000000000000000000000000000000000000000000000000000000000000000000000000000000000000000000000000000000000000000000000000000000000000000000000000000000000000000000000000000000000000000000000000000000000000000000000000000000000000000000000000000000000000000000000000001100010110000110110
000000000000000000000000000000000000000000000000000000000000000000000000000000000000000000000000000000000000000000000000000000000000000000000000000000000000000000000000000000000000000000000000000000000000000000000000000000000000000000000000000000000000000000000000000000000000000000100000110000100110
000000000000000000000000000000000000000000000000000000000000000000000000000000000000000000000000000000000000000000000000000000000000000000000000000000000000000000000000000000000000000000000000000000000000000000000000000000000000000000000000000000000000000000000000000000000000000000000000110000010110
000000000000000000000000000000000000000000000000000000000000000000000000000000000000000000000000000000000000000000000000000000000000000000000000000000000000000000000000000000000000000000000000000000000000000000000000000000000000000000000000000000000000000000000000000000000000000000000000111000000100
000000000000000000000000000000000000000000000000000000000000000000000000000000000000000000000000000000000000000000000000000000000000000000000000000000000000000000000000000000000000000000000000000000000000000000000000000000000000000000000000000000000000000000000000000000000000000000000000100100000000
000000000000000000000000000000000000000000000000000000000000000000000000000000000000000000000000000000000000000000000000000000000000000000000000000000000000000000000000000000000000000000000000000000000000000000000000000000000000000000000000000000000000000000000000000000000000000000000000100000010100
000000000000000000000000000000000000000000000000000000000000000000000000000000000000000000000000000000000000000000000000000000000000000000000000000000000000000000000000000000000000000000000000000000000000000000000000000000000000000000000000000000000000000000000000000000000000000000000000010001000000
000000000000000000000000000000000000000000000000000000000000000000000000000000000000000000000000000000000000000000000000000000000000000000000000000000000000000000000000000000000000000000000000000000000000000000000000000000000000000000000000000000000000000000000000000000000000000000000000000010000001
000000000000000000000000000000000000000000000000000000000000000000000000000000000000000000000000000000000000000000000000000000000000000000000000000000000000000000000000000000000000000000000000000000000000000000000000000000000000000000000000000000000000000000000000000000000000000000000000010100110110
000000000000000000000000000000000000000000000000000000000000000000000000000000000000000000000000000000000000000000000000000000000000000000000000000000000000000000000000000000000000000000000000000000000000000000000000000000000000000000000000000000000000000000000000000000000000000000000000001000000110
000000000000000000000000000000000000000000000000000000000000000000000000000000000000000000000000000000000000000000000000000000000000000000000000000000000000000000000000000000000000000000000000000000000000000000000000000000000000000000000000000000000000000000000000000000000000000000000000000000010000
000000000000000000000000000000000000000000000000000000000000000000000000000000000000000000000000000000000000000000000000000000000000000000000000000000000000000000000000000000000000000000000000000000000000000000000000000000000000000000000000000000000000000000000000000000000000000000000000000000000010
000000000000000000000000000000000000000000000000000000000000000000000000000000000000000000000000000000000000000000000000000000000000000000000000000000000000000000000000000000000000000000000000000000000000000000000000000000000000000000000000000000000000000000000000000000000000000000000000000000000001
000000000000000000000000000000000000000000000000000000000000000000000000000000000000000000000000000000000000000000000000000000000000000000000000000000000000000000000000000000000000000000000000000000000000000000000000000000000000000000000000000000000000000000000000000000000000000000000000000000010000
000000000000000000000000000000000000000000000000000000000000000000000000000000000000000000000000000000000000000000000000000000000000000000000000000000000000000000000000000000000000000000000000000000000000000000000000000000000000000000000000000000000000000000000000000000000000000000000000000000010110
000000000000000000000000000000000000000000000000000000000000000000000000000000000000000000000000000000000000000000000000000000000000000000000000000000000000000000000000000000000000000000000000000000000000000000000000000000000000000000000000000000000000000000000000000000000000000000000000000000000110
000000000000000000000000000000000000000000000000000000000000000000000000000000000000000000000000000000000000000000000000000000000000000000000000000000000000000000000000000000000000000000000000000000000000000000000000000000000000000000000000000000000000000000000000000000000000000000000000000000000000
000000000000000000000000000000000000000000000000000000000000000000000000000000000000000000000000000000000000000000000000000000000000000000000000000000000000000000000000000000000000000000000000000000000000000000000000000000000000000000000000000000000000000000000000000000000000000000000000000000000010
000000000000000000000000000000000000000000000000000000000000000000000000000000000000000000000000000000000000000000000000000000000000000000000000000000000000000000000000000000000000000000000000000000000000000000000000000000000000000000000000000000000000000000000000000000000000000000000000000000000000
000000000000000000000000000000000000000000000000000000000000000000000000000000000000000000000000000000000000000000000000000000000000000000000000000000000000000000000000000000000000000000000000000000000000000000000000000000000000000000000000000000000000000000000000000000000000000000000000000000000000
