solution_heur050_n_300_m_19207.txt
1 5
1 43
1 48
1 50
1 54
1 60
1 62
1 84
1 89
1 90
1 91
1 92
1 93
1 95
1 97
1 98
1 99
1 101
1 102
1 103
1 104
1 106
1 108
1 109
1 110
1 112
1 114
1 115
1 116
1 118
1 122
1 123
1 124
1 125
1 128
1 129
1 130
1 131
1 137
1 141
1 149
1 150
1 151
1 156
1 158
1 159
1 161
1 164
1 165
1 168
1 172
1 177
1 181
1 185
1 187
1 189
1 195
1 198
1 199
1 200
1 228
1 246
1 247
1 248
1 249
1 251
1 252
1 253
1 254
1 255
1 256
1 257
1 258
1 259
1 261
1 262
1 263
1 264
1 265
1 266
1 268
1 270
1 271
1 272
1 273
1 274
1 275
1 276
1 277
1 278
1 279
1 280
2 5
2 47
2 53
2 54
2 56
2 60
2 62
2 64
2 66
2 68
2 81
2 84
2 88
2 90
2 92
2 95
2 97
2 98
2 99
2 101
2 102
2 104
2 106
2 110
2 115
2 118
2 124
2 125
2 126
2 127
2 128
2 129
2 130
2 131
2 135
2 139
2 141
2 144
2 149
2 150
2 153
2 154
2 156
2 158
2 159
2 161
2 162
2 163
2 164
2 167
2 168
2 170
2 175
2 176
2 181
2 182
2 185
2 187
2 188
2 191
2 194
2 198
2 199
2 202
2 203
2 209
2 210
2 211
2 212
2 213
2 214
2 215
2 217
2 218
2 219
2 223
2 225
2 226
2 227
2 228
2 229
2 231
2 233
2 234
2 236
2 239
2 240
2 243
2 246
2 247
2 248
2 249
2 250
2 251
2 252
2 253
2 255
2 256
2 257
2 259
2 261
2 262
2 263
2 264
2 266
2 267
2 268
2 269
2 270
2 271
2 272
2 273
2 275
2 276
2 277
2 280
2 282
2 290
3 5
3 43
3 44
3 46
3 48
3 61
3 76
3 80
3 90
3 91
3 93
3 94
3 95
3 96
3 98
3 99
3 100
3 101
3 102
3 104
3 107
3 108
3 110
3 111
3 112
3 113
3 115
3 116
3 118
3 122
3 124
3 125
3 126
3 127
3 128
3 129
3 130
3 131
3 139
3 143
3 148
3 150
3 152
3 160
3 162
3 167
3 171
3 172
3 175
3 180
3 181
3 182
3 188
3 191
3 192
3 199
3 203
3 204
3 205
3 206
3 207
3 209
3 210
3 211
3 212
3 214
3 215
3 217
3 218
3 219
3 220
3 221
3 222
3 229
3 230
3 231
3 234
3 236
3 237
3 238
3 240
3 241
3 244
3 247
3 249
3 254
3 256
3 259
3 264
3 267
3 270
3 275
3 276
3 277
4 5
4 43
4 46
4 57
4 60
4 61
4 63
4 76
4 80
4 84
4 89
4 90
4 91
4 96
4 97
4 99
4 101
4 102
4 104
4 106
4 111
4 114
4 115
4 118
4 123
4 124
4 127
4 129
4 133
4 144
4 145
4 146
4 147
4 148
4 149
4 152
4 155
4 156
4 158
4 164
4 165
4 167
4 176
4 177
4 179
4 182
4 187
4 188
4 193
4 195
4 198
4 199
4 200
4 204
4 207
4 211
4 215
4 218
4 227
4 228
4 238
4 247
4 249
4 250
4 251
4 252
4 253
4 256
4 264
4 266
4 267
4 268
4 272
4 275
4 277
4 285
4 290
4 298
5 6
5 7
5 8
5 9
5 10
5 11
5 12
5 13
5 14
5 15
5 16
5 17
5 18
5 19
5 20
5 21
5 22
5 23
5 24
5 25
5 26
5 27
5 28
5 29
5 30
5 31
5 32
5 33
5 34
5 35
5 36
5 37
5 38
5 39
5 40
5 41
5 43
5 44
5 45
5 46
5 47
5 50
5 51
5 52
5 53
5 54
5 55
5 57
5 58
5 60
5 62
5 63
5 64
5 65
5 66
5 69
5 70
5 72
5 73
5 74
5 75
5 76
5 77
5 79
5 80
5 83
5 84
5 85
5 86
5 87
5 88
5 91
5 94
5 99
5 105
5 109
5 111
5 120
5 133
5 134
5 136
5 137
5 138
5 142
5 143
5 145
5 146
5 147
5 149
5 152
5 153
5 154
5 155
5 157
5 163
5 165
5 167
5 169
5 171
5 174
5 178
5 179
5 180
5 183
5 184
5 186
5 190
5 193
5 194
5 195
5 196
5 197
5 201
5 203
5 204
5 205
5 206
5 207
5 208
5 209
5 211
5 217
5 219
5 220
5 221
5 222
5 224
5 230
5 231
5 232
5 235
5 237
5 238
5 240
5 241
5 242
5 244
5 245
5 246
5 250
5 254
5 255
5 259
5 262
5 267
5 271
5 274
5 277
5 282
6 44
6 46
6 47
6 48
6 53
6 54
6 56
6 60
6 61
6 62
6 63
6 64
6 66
6 68
6 73
6 74
6 77
6 83
6 84
6 89
6 90
6 92
6 93
6 94
6 95
6 97
6 98
6 99
6 100
6 101
6 102
6 104
6 106
6 108
6 109
6 110
6 111
6 112
6 114
6 115
6 116
6 118
6 122
6 123
6 124
6 125
6 126
6 128
6 129
6 130
6 131
6 132
6 139
6 141
6 144
6 150
6 151
6 152
6 159
6 160
6 162
6 170
6 172
6 175
6 191
6 192
6 202
6 210
6 212
6 215
6 216
6 218
6 229
6 246
6 247
6 248
6 249
6 251
6 252
6 253
6 254
6 255
6 256
6 257
6 258
6 259
6 260
6 261
6 262
6 263
6 264
6 265
6 266
6 267
6 268
6 270
6 272
6 273
6 275
6 276
6 277
6 278
6 279
6 280
6 282
6 290
6 296
7 48
7 54
7 63
7 66
7 83
7 88
7 90
7 91
7 94
7 95
7 97
7 98
7 99
7 102
7 103
7 104
7 105
7 108
7 110
7 112
7 115
7 116
7 118
7 122
7 123
7 124
7 125
7 126
7 127
7 128
7 132
7 137
7 141
7 149
7 158
7 159
7 165
7 167
7 175
7 181
7 187
7 198
7 199
7 202
7 207
7 208
7 211
7 212
7 214
7 222
7 226
7 234
7 242
7 248
7 249
7 251
7 253
7 256
7 264
7 266
7 268
7 269
7 270
7 271
7 272
7 273
7 275
7 277
8 43
8 44
8 46
8 53
8 54
8 57
8 60
8 61
8 63
8 64
8 69
8 76
8 84
8 89
8 90
8 97
8 98
8 99
8 101
8 102
8 104
8 106
8 110
8 111
8 115
8 118
8 120
8 122
8 123
8 124
8 125
8 126
8 128
8 129
8 130
8 131
8 139
8 145
8 146
8 149
8 150
8 152
8 154
8 156
8 158
8 159
8 161
8 162
8 164
8 167
8 172
8 175
8 176
8 182
8 187
8 193
8 195
8 198
8 199
8 204
8 205
8 209
8 210
8 213
8 214
8 215
8 218
8 221
8 224
8 227
8 229
8 230
8 231
8 233
8 238
8 239
8 241
8 244
8 245
8 247
8 248
8 249
8 250
8 251
8 252
8 253
8 255
8 256
8 264
8 265
8 267
8 268
8 270
8 272
8 273
8 274
8 277
8 282
8 285
8 288
8 298
9 50
9 51
9 54
9 56
9 60
9 62
9 63
9 64
9 66
9 67
9 73
9 76
9 81
9 83
9 84
9 89
9 90
9 92
9 94
9 95
9 97
9 99
9 101
9 102
9 103
9 104
9 106
9 109
9 112
9 114
9 115
9 116
9 118
9 124
9 125
9 128
9 129
9 130
9 131
9 132
9 137
9 141
9 149
9 151
9 158
9 159
9 165
9 172
9 173
9 177
9 181
9 187
9 189
9 197
9 198
9 199
9 200
9 202
9 218
9 226
9 239
9 246
9 247
9 248
9 249
9 251
9 252
9 254
9 255
9 256
9 257
9 258
9 262
9 263
9 264
9 265
9 266
9 268
9 270
9 271
9 272
9 273
9 275
9 276
9 277
9 278
9 280
10 43
10 48
10 54
10 63
10 66
10 73
10 81
10 83
10 84
10 90
10 91
10 92
10 95
10 99
10 101
10 103
10 104
10 106
10 110
10 112
10 115
10 116
10 118
10 122
10 124
10 125
10 126
10 127
10 128
10 129
10 130
10 131
10 136
10 137
10 139
10 141
10 145
10 149
10 150
10 158
10 159
10 162
10 163
10 164
10 165
10 167
10 168
10 170
10 171
10 175
10 180
10 181
10 183
10 187
10 191
10 198
10 199
10 202
10 208
10 210
10 218
10 239
10 242
10 246
10 247
10 248
10 249
10 250
10 251
10 252
10 253
10 255
10 256
10 257
10 259
10 264
10 265
10 266
10 268
10 269
10 270
10 271
10 272
10 273
10 275
10 277
10 279
10 280
11 43
11 44
11 46
11 52
11 53
11 63
11 65
11 69
11 76
11 83
11 84
11 90
11 91
11 92
11 93
11 94
11 96
11 97
11 98
11 99
11 100
11 101
11 102
11 104
11 106
11 108
11 110
11 111
11 112
11 113
11 114
11 118
11 119
11 122
11 123
11 124
11 125
11 126
11 127
11 128
11 129
11 130
11 131
11 137
11 148
11 152
11 160
11 192
11 203
11 210
11 211
11 213
11 214
11 215
11 217
11 218
11 220
11 229
11 231
11 233
11 234
11 235
11 239
11 240
11 246
11 247
11 249
11 250
11 251
11 252
11 253
11 255
11 256
11 257
11 258
11 259
11 262
11 264
11 265
11 266
11 267
11 268
11 270
11 272
11 273
11 274
11 275
11 276
11 277
11 278
11 279
11 280
11 290
12 42
12 43
12 44
12 45
12 47
12 48
12 49
12 50
12 51
12 52
12 53
12 54
12 57
12 58
12 62
12 63
12 64
12 66
12 68
12 69
12 73
12 74
12 78
12 81
12 83
12 86
12 88
12 89
12 91
12 92
12 93
12 94
12 95
12 96
12 97
12 98
12 99
12 100
12 101
12 102
12 103
12 106
12 107
12 109
12 110
12 111
12 112
12 113
12 114
12 115
12 116
12 117
12 118
12 119
12 121
12 122
12 123
12 124
12 125
12 126
12 127
12 128
12 129
12 130
12 131
12 134
12 135
12 137
12 140
12 147
12 151
12 154
12 156
12 158
12 159
12 161
12 162
12 164
12 165
12 166
12 168
12 170
12 172
12 175
12 177
12 180
12 181
12 182
12 185
12 187
12 188
12 189
12 190
12 195
12 198
12 199
12 200
12 202
12 203
12 205
12 210
12 211
12 214
12 216
12 218
12 220
12 222
12 225
12 226
12 227
12 228
12 231
12 234
12 235
12 236
12 237
12 239
12 240
12 243
12 246
12 251
12 264
12 269
12 276
13 44
13 46
13 48
13 51
13 54
13 56
13 57
13 60
13 63
13 66
13 73
13 77
13 79
13 83
13 85
13 86
13 97
13 98
13 99
13 102
13 103
13 104
13 105
13 106
13 110
13 118
13 120
13 124
13 126
13 128
13 133
13 136
13 137
13 138
13 139
13 141
13 142
13 144
13 145
13 149
13 150
13 156
13 158
13 159
13 162
13 163
13 164
13 165
13 167
13 168
13 169
13 171
13 175
13 176
13 181
13 182
13 187
13 188
13 191
13 193
13 197
13 198
13 199
13 202
13 210
13 214
13 217
13 225
13 228
13 234
13 242
13 246
13 248
13 249
13 251
13 257
13 261
13 262
13 263
13 264
13 266
13 268
13 269
13 270
13 272
13 273
13 275
13 280
14 44
14 48
14 50
14 52
14 53
14 54
14 62
14 64
14 66
14 69
14 73
14 82
14 83
14 84
14 86
14 88
14 91
14 92
14 93
14 95
14 97
14 98
14 99
14 101
14 103
14 104
14 109
14 110
14 112
14 116
14 118
14 120
14 124
14 125
14 126
14 128
14 129
14 135
14 136
14 137
14 138
14 139
14 140
14 141
14 144
14 147
14 150
14 154
14 156
14 158
14 159
14 161
14 162
14 163
14 164
14 165
14 168
14 170
14 171
14 175
14 176
14 180
14 181
14 185
14 187
14 188
14 191
14 193
14 195
14 197
14 198
14 199
14 201
14 202
14 203
14 205
14 206
14 209
14 210
14 211
14 215
14 217
14 218
14 219
14 222
14 223
14 225
14 226
14 228
14 229
14 231
14 233
14 234
14 235
14 236
14 239
14 240
14 243
14 246
14 248
14 249
14 251
14 252
14 255
14 257
14 262
14 264
14 265
14 268
14 269
14 271
14 272
14 273
14 276
14 278
14 280
14 290
15 61
15 63
15 90
15 92
15 93
15 99
15 102
15 103
15 112
15 115
15 124
15 126
15 128
15 130
15 135
15 139
15 144
15 148
15 150
15 151
15 152
15 154
15 160
15 162
15 164
15 168
15 176
15 180
15 181
15 182
15 188
15 190
15 191
15 192
15 197
15 202
15 203
15 204
15 205
15 207
15 209
15 214
15 215
15 216
15 218
15 219
15 220
15 221
15 222
15 223
15 227
15 229
15 230
15 233
15 235
15 236
15 237
15 238
15 239
15 240
15 243
15 248
15 252
15 262
15 264
15 269
15 290
16 43
16 48
16 52
16 53
16 60
16 62
16 63
16 64
16 69
16 83
16 84
16 86
16 88
16 89
16 90
16 91
16 93
16 94
16 95
16 96
16 97
16 98
16 99
16 100
16 101
16 102
16 104
16 106
16 107
16 108
16 109
16 110
16 111
16 112
16 113
16 114
16 115
16 116
16 117
16 118
16 119
16 121
16 122
16 123
16 124
16 125
16 126
16 127
16 128
16 129
16 130
16 131
16 137
16 139
16 141
16 144
16 149
16 150
16 156
16 159
16 161
16 162
16 164
16 168
16 170
16 175
16 176
16 185
16 188
16 191
16 202
16 211
16 234
16 247
16 248
16 249
16 250
16 251
16 253
16 256
16 257
16 258
16 259
16 263
16 264
16 266
16 268
16 269
16 270
16 272
16 273
16 274
16 275
16 276
16 277
16 278
16 279
16 295
17 43
17 44
17 46
17 53
17 54
17 57
17 61
17 63
17 65
17 73
17 76
17 80
17 90
17 92
17 93
17 97
17 99
17 102
17 112
17 115
17 116
17 118
17 120
17 124
17 129
17 130
17 131
17 137
17 140
17 141
17 144
17 147
17 148
17 150
17 152
17 154
17 156
17 160
17 162
17 164
17 166
17 168
17 173
17 176
17 179
17 180
17 188
17 191
17 192
17 195
17 201
17 203
17 206
17 209
17 210
17 213
17 218
17 219
17 229
17 231
17 233
17 239
17 243
17 244
17 246
17 247
17 249
17 251
17 252
17 254
17 257
17 261
17 262
17 264
17 265
17 266
17 267
17 268
17 274
17 277
17 278
18 43
18 44
18 50
18 53
18 54
18 56
18 57
18 61
18 63
18 65
18 76
18 84
18 85
18 90
18 93
18 95
18 97
18 99
18 101
18 102
18 104
18 106
18 108
18 111
18 112
18 114
18 116
18 118
18 124
18 127
18 128
18 129
18 130
18 131
18 135
18 137
18 138
18 140
18 144
18 145
18 147
18 149
18 151
18 153
18 154
18 156
18 158
18 159
18 164
18 166
18 167
18 168
18 170
18 175
18 176
18 177
18 179
18 180
18 181
18 182
18 185
18 187
18 188
18 191
18 193
18 194
18 195
18 196
18 197
18 198
18 199
18 200
18 203
18 207
18 211
18 215
18 217
18 218
18 223
18 226
18 229
18 233
18 235
18 236
18 240
18 246
18 247
18 248
18 249
18 251
18 253
18 262
18 264
18 265
18 266
18 267
18 270
18 272
18 273
19 43
19 44
19 53
19 54
19 57
19 61
19 63
19 73
19 76
19 80
19 83
19 84
19 90
19 91
19 99
19 102
19 103
19 105
19 106
19 108
19 111
19 112
19 115
19 116
19 118
19 120
19 124
19 125
19 129
19 135
19 141
19 148
19 152
19 165
19 166
19 167
19 171
19 172
19 181
19 187
19 192
19 198
19 199
19 200
19 202
19 208
19 213
19 218
19 229
19 246
19 247
19 248
19 249
19 251
19 253
19 256
19 257
19 264
19 265
19 266
19 267
19 268
19 272
19 273
19 275
19 277
19 279
19 289
19 290
19 293
19 296
20 44
20 47
20 48
20 51
20 54
20 55
20 60
20 62
20 64
20 84
20 90
20 91
20 93
20 94
20 95
20 96
20 98
20 99
20 100
20 101
20 102
20 103
20 104
20 106
20 107
20 108
20 110
20 111
20 112
20 114
20 115
20 116
20 118
20 119
20 122
20 124
20 125
20 126
20 127
20 128
20 129
20 130
20 131
20 139
20 140
20 141
20 144
20 149
20 150
20 156
20 159
20 161
20 162
20 164
20 165
20 166
20 167
20 168
20 170
20 175
20 176
20 180
20 185
20 188
20 191
20 202
20 240
20 246
20 247
20 248
20 249
20 250
20 251
20 253
20 255
20 256
20 257
20 258
20 259
20 261
20 262
20 263
20 264
20 266
20 268
20 270
20 272
20 273
20 274
20 275
20 276
20 277
20 278
20 279
20 280
20 282
21 43
21 48
21 54
21 62
21 64
21 84
21 90
21 91
21 95
21 99
21 102
21 103
21 104
21 105
21 106
21 108
21 111
21 116
21 118
21 124
21 125
21 126
21 128
21 133
21 135
21 138
21 139
21 140
21 141
21 144
21 149
21 150
21 151
21 153
21 154
21 156
21 158
21 159
21 161
21 162
21 163
21 164
21 165
21 166
21 167
21 168
21 170
21 171
21 172
21 175
21 176
21 177
21 180
21 181
21 185
21 187
21 188
21 189
21 191
21 194
21 195
21 196
21 198
21 199
21 200
21 202
21 210
21 214
21 217
21 219
21 228
21 236
21 240
21 242
21 246
21 247
21 248
21 249
21 250
21 251
21 252
21 253
21 255
21 256
21 257
21 261
21 262
21 263
21 264
21 265
21 266
21 267
21 268
21 269
21 270
21 271
21 272
21 273
21 275
21 277
21 278
21 279
21 280
22 48
22 50
22 52
22 54
22 56
22 58
22 63
22 64
22 67
22 78
22 83
22 89
22 90
22 92
22 93
22 94
22 95
22 97
22 99
22 101
22 102
22 108
22 110
22 112
22 114
22 115
22 116
22 118
22 122
22 124
22 125
22 128
22 130
22 137
22 141
22 149
22 158
22 167
22 168
22 177
22 181
22 187
22 198
22 199
22 200
22 203
22 205
22 211
22 216
22 222
22 226
22 235
22 239
22 246
22 248
22 249
22 251
22 252
22 254
22 255
22 257
22 262
22 264
22 268
22 270
22 271
22 272
22 273
22 275
22 276
22 282
22 296
23 43
23 48
23 54
23 60
23 64
23 66
23 82
23 84
23 90
23 95
23 97
23 98
23 99
23 100
23 101
23 102
23 103
23 105
23 106
23 107
23 108
23 111
23 118
23 120
23 122
23 124
23 125
23 126
23 129
23 131
23 135
23 137
23 139
23 141
23 144
23 146
23 147
23 149
23 150
23 151
23 154
23 155
23 156
23 158
23 159
23 161
23 162
23 163
23 164
23 165
23 167
23 170
23 172
23 175
23 176
23 177
23 179
23 181
23 182
23 183
23 185
23 187
23 188
23 189
23 191
23 193
23 194
23 195
23 196
23 198
23 199
23 200
23 204
23 205
23 209
23 210
23 211
23 213
23 214
23 215
23 216
23 217
23 218
23 220
23 221
23 225
23 226
23 228
23 229
23 230
23 231
23 232
23 233
23 234
23 235
23 238
23 239
23 240
23 241
23 242
23 243
23 244
23 248
23 250
23 251
23 256
23 257
23 268
23 269
23 272
23 273
24 50
24 54
24 60
24 62
24 63
24 83
24 89
24 90
24 91
24 92
24 93
24 95
24 97
24 98
24 99
24 101
24 102
24 103
24 104
24 106
24 108
24 109
24 112
24 114
24 115
24 116
24 118
24 122
24 124
24 125
24 128
24 129
24 130
24 131
24 135
24 141
24 149
24 150
24 156
24 158
24 159
24 161
24 164
24 165
24 168
24 172
24 173
24 177
24 181
24 185
24 187
24 189
24 195
24 198
24 199
24 200
24 202
24 203
24 218
24 219
24 225
24 226
24 228
24 239
24 240
24 243
24 246
24 247
24 248
24 249
24 251
24 252
24 253
24 254
24 255
24 256
24 257
24 258
24 259
24 260
24 261
24 262
24 263
24 264
24 265
24 266
24 268
24 270
24 271
24 272
24 273
24 274
24 275
24 276
24 277
24 278
24 279
24 280
24 296
25 46
25 48
25 50
25 53
25 54
25 56
25 60
25 62
25 64
25 66
25 67
25 70
25 82
25 83
25 84
25 86
25 88
25 90
25 91
25 92
25 97
25 98
25 99
25 101
25 103
25 104
25 106
25 108
25 109
25 110
25 112
25 114
25 116
25 118
25 124
25 125
25 126
25 128
25 129
25 135
25 137
25 140
25 141
25 144
25 149
25 150
25 154
25 156
25 158
25 159
25 161
25 162
25 164
25 165
25 168
25 170
25 171
25 175
25 176
25 180
25 181
25 185
25 187
25 188
25 191
25 195
25 198
25 199
25 203
25 225
25 227
25 246
25 247
25 248
25 249
25 250
25 251
25 252
25 253
25 255
25 256
25 257
25 258
25 259
25 260
25 261
25 262
25 263
25 264
25 265
25 266
25 267
25 268
25 270
25 271
25 272
25 273
25 274
25 275
25 276
25 277
25 278
25 279
25 280
25 289
25 290
25 296
25 299
26 53
26 54
26 60
26 62
26 64
26 83
26 84
26 88
26 90
26 92
26 95
26 97
26 98
26 99
26 101
26 102
26 103
26 104
26 106
26 108
26 110
26 115
26 118
26 122
26 124
26 125
26 126
26 127
26 128
26 129
26 130
26 131
26 135
26 136
26 138
26 139
26 141
26 144
26 149
26 150
26 152
26 154
26 156
26 158
26 159
26 161
26 162
26 164
26 165
26 167
26 168
26 170
26 175
26 176
26 181
26 182
26 185
26 187
26 188
26 191
26 195
26 197
26 198
26 199
26 201
26 202
26 203
26 210
26 211
26 212
26 213
26 214
26 215
26 218
26 223
26 225
26 226
26 227
26 228
26 229
26 230
26 231
26 233
26 234
26 236
26 239
26 242
26 243
26 246
26 247
26 248
26 249
26 250
26 251
26 252
26 253
26 255
26 256
26 257
26 259
26 261
26 262
26 263
26 264
26 266
26 267
26 268
26 269
26 270
26 271
26 272
26 273
26 275
26 277
26 279
26 280
26 290
27 43
27 44
27 54
27 57
27 61
27 76
27 80
27 81
27 90
27 91
27 97
27 99
27 102
27 104
27 106
27 112
27 116
27 118
27 120
27 130
27 140
27 141
27 147
27 148
27 149
27 152
27 165
27 167
27 171
27 173
27 177
27 181
27 182
27 187
27 189
27 190
27 192
27 193
27 195
27 197
27 198
27 199
27 200
27 202
27 205
27 206
27 207
27 209
27 212
27 218
27 223
27 229
27 231
27 233
27 239
27 244
27 246
27 247
27 248
27 249
27 251
27 252
27 262
27 264
27 268
27 273
27 275
27 293
27 295
27 296
28 43
28 44
28 46
28 53
28 54
28 57
28 61
28 63
28 65
28 76
28 80
28 90
28 91
28 92
28 99
28 102
28 103
28 104
28 106
28 109
28 110
28 112
28 116
28 118
28 120
28 124
28 125
28 126
28 128
28 129
28 135
28 137
28 139
28 140
28 141
28 144
28 147
28 148
28 149
28 150
28 152
28 154
28 160
28 162
28 164
28 165
28 168
28 170
28 171
28 175
28 176
28 180
28 181
28 188
28 191
28 192
28 193
28 197
28 202
28 203
28 205
28 206
28 209
28 210
28 211
28 215
28 217
28 218
28 219
28 222
28 223
28 229
28 231
28 233
28 234
28 239
28 240
28 243
28 244
28 245
28 246
28 247
28 248
28 249
28 251
28 252
28 255
28 256
28 257
28 262
28 264
28 265
28 267
28 268
28 271
28 272
28 273
28 290
29 42
29 48
29 54
29 89
29 91
29 92
29 93
29 97
29 99
29 101
29 102
29 103
29 108
29 109
29 110
29 112
29 114
29 115
29 116
29 118
29 122
29 124
29 125
29 128
29 131
29 135
29 137
29 141
29 147
29 149
29 154
29 158
29 159
29 160
29 161
29 168
29 173
29 177
29 179
29 180
29 182
29 185
29 188
29 195
29 198
29 199
29 200
29 202
29 205
29 209
29 211
29 216
29 218
29 226
29 234
29 235
29 236
29 239
29 243
29 246
29 248
29 251
29 252
29 255
29 256
29 262
29 264
29 268
29 269
29 272
29 273
29 275
29 276
29 277
29 278
30 43
30 52
30 53
30 54
30 60
30 63
30 64
30 66
30 81
30 83
30 84
30 90
30 91
30 94
30 96
30 98
30 99
30 101
30 102
30 104
30 106
30 108
30 110
30 111
30 112
30 114
30 115
30 116
30 118
30 119
30 122
30 123
30 124
30 125
30 126
30 127
30 128
30 129
30 130
30 131
30 139
30 141
30 142
30 144
30 145
30 146
30 147
30 149
30 150
30 151
30 156
30 158
30 159
30 162
30 163
30 164
30 165
30 167
30 169
30 172
30 175
30 186
30 188
30 191
30 199
30 202
30 211
30 212
30 213
30 218
30 225
30 226
30 228
30 229
30 231
30 233
30 239
30 246
30 247
30 248
30 249
30 250
30 251
30 252
30 253
30 256
30 259
30 261
30 263
30 264
30 266
30 268
30 269
30 270
30 272
30 273
30 275
30 276
30 277
30 278
30 279
30 280
31 43
31 44
31 53
31 54
31 57
31 61
31 63
31 65
31 76
31 80
31 90
31 93
31 102
31 111
31 116
31 118
31 120
31 122
31 124
31 125
31 128
31 129
31 131
31 133
31 134
31 137
31 140
31 141
31 144
31 147
31 148
31 150
31 152
31 154
31 159
31 160
31 162
31 164
31 165
31 166
31 167
31 168
31 170
31 172
31 173
31 176
31 179
31 180
31 184
31 188
31 190
31 191
31 192
31 193
31 194
31 195
31 197
31 198
31 199
31 200
31 203
31 210
31 218
31 223
31 246
31 247
31 249
31 250
31 251
31 252
31 253
31 254
31 255
31 256
31 257
31 261
31 262
31 264
31 265
31 266
31 267
31 268
31 272
31 273
31 275
31 277
31 278
31 280
31 283
32 44
32 53
32 54
32 60
32 61
32 62
32 63
32 64
32 69
32 81
32 83
32 84
32 88
32 89
32 90
32 91
32 92
32 95
32 97
32 98
32 99
32 101
32 102
32 103
32 104
32 106
32 108
32 110
32 112
32 113
32 115
32 116
32 118
32 122
32 123
32 124
32 125
32 126
32 127
32 128
32 129
32 130
32 131
32 135
32 139
32 141
32 144
32 149
32 150
32 154
32 156
32 158
32 159
32 161
32 162
32 164
32 168
32 170
32 175
32 176
32 181
32 185
32 188
32 191
32 198
32 199
32 202
32 210
32 211
32 213
32 214
32 215
32 218
32 223
32 225
32 226
32 228
32 229
32 233
32 234
32 236
32 239
32 243
32 246
32 247
32 248
32 249
32 250
32 251
32 252
32 253
32 255
32 256
32 257
32 258
32 259
32 261
32 262
32 263
32 264
32 265
32 266
32 268
32 269
32 270
32 271
32 272
32 273
32 275
32 276
32 277
32 278
32 279
32 280
32 290
33 44
33 48
33 52
33 53
33 54
33 55
33 56
33 58
33 60
33 62
33 63
33 64
33 66
33 67
33 69
33 81
33 83
33 84
33 88
33 90
33 92
33 94
33 97
33 98
33 99
33 100
33 101
33 102
33 103
33 104
33 106
33 107
33 108
33 110
33 112
33 113
33 115
33 116
33 122
33 124
33 128
33 129
33 130
33 131
33 137
33 141
33 144
33 149
33 156
33 158
33 159
33 160
33 162
33 164
33 168
33 170
33 171
33 172
33 175
33 176
33 183
33 191
33 198
33 199
33 202
33 211
33 218
33 226
33 228
33 229
33 233
33 236
33 239
33 246
33 248
33 249
33 250
33 251
33 253
33 257
33 261
33 264
33 266
33 268
33 269
33 270
33 271
33 272
33 273
33 275
33 276
33 277
33 278
33 279
33 280
33 290
34 50
34 54
34 56
34 62
34 63
34 64
34 66
34 73
34 81
34 83
34 84
34 88
34 90
34 97
34 98
34 99
34 101
34 102
34 103
34 104
34 105
34 106
34 108
34 110
34 111
34 116
34 118
34 120
34 124
34 125
34 126
34 127
34 128
34 129
34 132
34 137
34 139
34 141
34 149
34 158
34 162
34 167
34 175
34 180
34 181
34 187
34 197
34 198
34 199
34 202
34 215
34 217
34 218
34 219
34 226
34 231
34 239
34 240
34 242
34 246
34 247
34 248
34 249
34 250
34 251
34 255
34 256
34 257
34 261
34 262
34 263
34 266
34 268
34 269
34 270
34 271
34 272
34 273
34 275
34 276
34 277
34 278
34 280
35 43
35 54
35 56
35 77
35 81
35 88
35 90
35 97
35 98
35 99
35 103
35 104
35 105
35 110
35 114
35 118
35 120
35 125
35 137
35 139
35 141
35 143
35 144
35 147
35 149
35 158
35 162
35 163
35 165
35 167
35 170
35 171
35 175
35 181
35 184
35 187
35 188
35 190
35 191
35 193
35 197
35 198
35 199
35 203
35 206
35 207
35 209
35 211
35 213
35 215
35 217
35 220
35 221
35 222
35 226
35 227
35 229
35 230
35 231
35 234
35 235
35 238
35 239
35 241
35 242
35 244
35 245
35 248
35 259
35 262
35 269
35 270
35 273
35 275
35 282
36 54
36 79
36 92
36 95
36 97
36 99
36 101
36 102
36 103
36 104
36 118
36 125
36 129
36 130
36 131
36 137
36 138
36 144
36 145
36 147
36 148
36 149
36 150
36 151
36 152
36 154
36 159
36 160
36 161
36 166
36 167
36 170
36 171
36 172
36 175
36 180
36 181
36 182
36 188
36 189
36 192
36 195
36 197
36 198
36 202
36 203
36 204
36 205
36 206
36 207
36 209
36 210
36 211
36 212
36 213
36 214
36 215
36 216
36 217
36 218
36 219
36 221
36 222
36 223
36 225
36 226
36 227
36 228
36 229
36 230
36 231
36 233
36 234
36 235
36 236
36 238
36 239
36 240
36 242
36 243
36 248
36 249
36 251
36 254
36 255
36 256
36 257
36 258
36 259
36 261
36 262
36 263
36 264
36 266
36 268
36 269
36 270
36 272
36 273
36 277
36 279
36 280
36 281
36 283
36 284
36 285
36 287
36 288
36 289
36 292
36 293
36 294
36 296
36 297
36 298
36 299
37 43
37 44
37 50
37 51
37 54
37 58
37 60
37 61
37 62
37 63
37 64
37 73
37 76
37 81
37 83
37 84
37 90
37 91
37 92
37 93
37 97
37 99
37 101
37 102
37 103
37 104
37 106
37 108
37 109
37 112
37 114
37 115
37 116
37 118
37 122
37 124
37 125
37 128
37 129
37 130
37 131
37 135
37 141
37 149
37 150
37 151
37 156
37 158
37 159
37 161
37 165
37 168
37 170
37 172
37 173
37 177
37 180
37 181
37 185
37 187
37 189
37 195
37 197
37 198
37 199
37 200
37 202
37 203
37 218
37 225
37 226
37 228
37 239
37 243
37 246
37 247
37 248
37 249
37 250
37 251
37 252
37 253
37 254
37 255
37 256
37 257
37 258
37 259
37 261
37 262
37 263
37 264
37 265
37 266
37 268
37 270
37 272
37 273
37 274
37 275
37 276
37 277
37 278
37 279
37 280
38 44
38 46
38 47
38 52
38 53
38 54
38 60
38 61
38 62
38 63
38 64
38 68
38 69
38 74
38 76
38 77
38 81
38 83
38 84
38 86
38 90
38 94
38 95
38 96
38 97
38 99
38 101
38 102
38 103
38 104
38 106
38 108
38 111
38 115
38 116
38 118
38 122
38 124
38 125
38 127
38 128
38 129
38 131
38 135
38 139
38 141
38 144
38 148
38 149
38 150
38 151
38 156
38 158
38 159
38 160
38 161
38 162
38 164
38 168
38 170
38 172
38 175
38 176
38 177
38 185
38 188
38 191
38 194
38 198
38 199
38 200
38 213
38 215
38 216
38 218
38 225
38 227
38 228
38 229
38 233
38 246
38 247
38 248
38 249
38 250
38 251
38 252
38 253
38 255
38 256
38 257
38 259
38 261
38 262
38 263
38 264
38 266
38 267
38 268
38 269
38 270
38 271
38 272
38 273
38 274
38 275
38 276
38 277
38 278
38 279
38 280
38 282
39 43
39 44
39 46
39 47
39 50
39 52
39 53
39 54
39 56
39 58
39 60
39 61
39 62
39 63
39 64
39 66
39 67
39 69
39 70
39 72
39 73
39 74
39 76
39 81
39 82
39 83
39 84
39 86
39 89
39 90
39 91
39 92
39 93
39 94
39 95
39 97
39 98
39 99
39 100
39 101
39 102
39 103
39 104
39 106
39 107
39 108
39 109
39 110
39 111
39 112
39 114
39 115
39 116
39 118
39 119
39 122
39 123
39 124
39 125
39 127
39 129
39 130
39 131
39 133
39 138
39 141
39 144
39 149
39 151
39 152
39 156
39 158
39 159
39 162
39 165
39 166
39 167
39 168
39 170
39 172
39 175
39 176
39 181
39 185
39 187
39 188
39 189
39 191
39 192
39 199
39 200
39 202
39 213
39 215
39 216
39 218
39 226
39 227
39 228
39 229
39 233
39 246
39 247
39 248
39 249
39 250
39 251
39 252
39 253
39 255
39 256
39 257
39 258
39 259
39 260
39 261
39 262
39 263
39 264
39 265
39 266
39 267
39 268
39 270
39 271
39 272
39 273
39 274
39 275
39 276
39 277
39 278
39 279
39 280
39 289
39 295
40 43
40 44
40 47
40 53
40 61
40 63
40 65
40 76
40 90
40 99
40 104
40 110
40 111
40 118
40 120
40 124
40 128
40 137
40 152
40 160
40 165
40 167
40 173
40 175
40 192
40 197
40 205
40 210
40 214
40 228
40 238
40 239
40 246
40 247
40 248
40 249
40 251
40 252
40 253
40 255
40 262
40 264
40 265
40 266
40 267
40 268
40 270
40 271
40 272
40 275
40 279
40 280
40 282
40 285
40 296
41 43
41 48
41 54
41 56
41 60
41 64
41 81
41 84
41 88
41 90
41 91
41 94
41 96
41 97
41 99
41 101
41 102
41 106
41 108
41 110
41 111
41 115
41 116
41 118
41 122
41 123
41 124
41 125
41 126
41 131
41 137
41 139
41 141
41 142
41 144
41 145
41 146
41 149
41 150
41 151
41 156
41 158
41 159
41 161
41 162
41 163
41 164
41 165
41 167
41 169
41 170
41 175
41 176
41 178
41 180
41 183
41 185
41 186
41 188
41 191
41 199
41 239
41 246
41 247
41 249
41 250
41 251
41 253
41 255
41 256
41 257
41 258
41 259
41 261
41 264
41 266
41 269
41 270
41 271
41 272
41 273
41 275
41 276
41 277
41 279
41 280
42 46
42 60
42 93
42 95
42 109
42 112
42 116
42 120
42 130
42 132
42 144
42 150
42 167
42 195
42 198
42 209
42 238
42 251
42 263
42 283
42 285
43 48
43 77
43 82
43 89
43 90
43 91
43 92
43 94
43 95
43 97
43 98
43 100
43 102
43 103
43 104
43 106
43 107
43 108
43 111
43 112
43 114
43 117
43 118
43 119
43 120
43 123
43 124
43 125
43 127
43 128
43 129
43 133
43 135
43 136
43 138
43 149
43 150
43 153
43 161
43 165
43 168
43 174
43 182
43 183
43 193
43 202
43 203
43 209
43 210
43 212
43 214
43 217
43 219
43 220
43 221
43 224
43 225
43 227
43 230
43 232
43 235
43 237
43 238
43 241
43 242
43 243
43 245
43 247
43 250
43 252
43 253
43 255
43 256
43 258
43 259
43 264
43 265
43 266
43 267
43 269
43 270
43 271
43 272
43 274
43 275
43 278
43 287
44 52
44 77
44 79
44 84
44 88
44 90
44 91
44 93
44 95
44 101
44 103
44 109
44 112
44 113
44 114
44 116
44 118
44 120
44 124
44 127
44 128
44 129
44 130
44 133
44 135
44 136
44 138
44 141
44 142
44 149
44 150
44 152
44 153
44 161
44 163
44 183
44 184
44 186
44 193
44 202
44 203
44 209
44 210
44 211
44 213
44 215
44 216
44 217
44 223
44 225
44 226
44 227
44 228
44 229
44 233
44 234
44 235
44 238
44 239
44 240
44 241
44 242
44 243
44 245
44 247
44 251
44 252
44 253
44 255
44 259
44 264
44 265
44 266
44 267
44 269
44 273
44 274
44 275
45 56
45 89
45 90
45 91
45 92
45 93
45 95
45 96
45 100
45 106
45 107
45 108
45 112
45 114
45 116
45 117
45 119
45 122
45 123
45 125
45 128
45 130
45 131
45 144
45 195
45 198
45 209
45 227
45 241
45 246
45 248
45 250
45 257
45 260
45 269
46 50
46 51
46 54
46 58
46 85
46 89
46 90
46 93
46 97
46 98
46 99
46 100
46 102
46 104
46 106
46 108
46 111
46 112
46 113
46 117
46 118
46 119
46 122
46 123
46 124
46 125
46 128
46 129
46 131
46 134
46 135
46 143
46 144
46 165
46 167
46 195
46 201
46 202
46 203
46 210
46 211
46 216
46 217
46 218
46 223
46 226
46 227
46 228
46 234
46 235
46 239
46 240
46 242
46 243
46 246
46 247
46 248
46 250
46 252
46 253
46 256
46 264
46 265
46 266
46 267
46 269
46 270
46 272
46 274
46 275
47 89
47 90
47 91
47 98
47 99
47 100
47 107
47 118
47 119
47 120
47 123
47 125
47 129
47 143
47 144
47 149
47 167
47 184
47 195
47 198
47 203
47 209
47 227
47 238
47 246
47 248
47 249
47 259
47 270
47 278
48 58
48 91
48 92
48 95
48 101
48 105
48 106
48 107
48 110
48 112
48 116
48 118
48 123
48 124
48 125
48 129
48 130
48 144
48 167
48 174
48 184
48 197
48 203
48 206
48 209
48 213
48 215
48 235
48 241
48 244
48 246
48 247
48 248
48 249
48 250
48 251
48 253
48 255
48 257
48 258
48 259
48 261
48 263
48 266
48 267
48 268
48 270
48 272
48 273
48 274
48 277
48 279
48 280
49 50
49 60
49 101
49 114
49 120
49 127
49 144
49 150
49 159
49 161
49 167
49 181
49 203
49 246
49 253
49 258
49 259
49 267
49 276
50 52
50 53
50 60
50 61
50 67
50 75
50 77
50 79
50 84
50 88
50 90
50 93
50 95
50 106
50 116
50 118
50 129
50 130
50 132
50 144
50 149
50 150
50 167
50 198
50 209
50 238
50 241
50 249
50 250
50 251
50 255
50 259
50 261
50 263
50 268
50 269
50 270
50 272
50 273
50 276
50 278
50 280
50 287
51 61
51 66
51 82
51 89
51 91
51 93
51 95
51 96
51 100
51 101
51 103
51 104
51 106
51 107
51 114
51 115
51 116
51 117
51 123
51 127
51 128
51 130
51 150
51 161
51 203
51 204
51 205
51 206
51 207
51 208
51 209
51 210
51 212
51 213
51 215
51 223
51 225
51 226
51 228
51 229
51 231
51 232
51 233
51 236
51 238
51 241
51 243
51 244
51 245
51 247
51 249
51 250
51 251
51 257
51 265
51 269
51 272
51 279
51 280
52 89
52 90
52 91
52 94
52 98
52 99
52 100
52 107
52 108
52 118
52 119
52 120
52 121
52 123
52 126
52 128
52 129
52 132
52 133
52 136
52 137
52 143
52 144
52 149
52 153
52 156
52 167
52 184
52 193
52 195
52 198
52 201
52 203
52 209
52 219
52 227
52 232
52 235
52 237
52 240
52 259
52 270
52 275
52 278
53 60
53 89
53 90
53 92
53 100
53 102
53 103
53 106
53 107
53 111
53 118
53 119
53 120
53 123
53 124
53 128
53 132
53 135
53 143
53 144
53 150
53 165
53 167
53 184
53 195
53 246
53 247
53 251
53 252
53 253
53 256
53 259
53 261
53 263
53 264
53 265
53 266
53 267
53 270
53 272
53 274
53 275
53 277
53 288
54 60
54 63
54 79
54 82
54 89
54 90
54 93
54 94
54 95
54 98
54 100
54 101
54 107
54 108
54 109
54 111
54 112
54 114
54 116
54 118
54 119
54 120
54 122
54 123
54 125
54 127
54 128
54 129
54 130
54 131
54 134
54 150
54 164
54 193
54 204
54 206
54 207
54 209
54 212
54 213
54 214
54 219
54 220
54 221
54 222
54 223
54 224
54 227
54 230
54 233
54 234
54 235
54 236
54 237
54 238
54 250
54 251
54 256
54 264
54 270
54 275
54 277
55 89
55 111
55 112
55 118
55 123
55 144
55 198
55 206
55 246
55 250
55 253
55 256
55 257
55 258
55 260
55 269
55 270
55 273
55 276
55 279
55 280
56 60
56 73
56 80
56 82
56 90
56 99
56 132
56 143
56 144
56 150
56 161
56 167
56 180
56 195
56 198
56 202
56 203
56 206
56 208
56 210
56 213
56 218
56 227
56 232
56 235
56 240
56 241
56 244
56 245
56 251
56 263
56 272
56 273
56 275
57 90
57 91
57 130
57 144
57 150
57 203
57 206
57 208
57 209
57 211
57 213
57 217
57 225
57 226
57 227
57 228
57 234
57 235
57 237
57 238
57 241
57 242
57 246
57 247
57 251
57 252
57 253
57 254
57 257
57 264
57 265
57 266
57 267
57 269
57 274
57 280
58 82
58 90
58 93
58 95
58 100
58 106
58 107
58 108
58 112
58 114
58 116
58 118
58 119
58 120
58 122
58 124
58 125
58 130
58 131
58 149
58 150
58 246
58 247
58 248
58 249
58 250
58 251
58 252
58 253
58 257
58 258
58 260
58 263
58 265
58 268
58 270
58 272
58 273
58 274
58 275
58 276
58 278
58 279
58 280
59 60
59 112
59 144
59 195
59 198
59 248
59 250
59 257
59 260
59 261
59 269
59 270
59 276
59 279
59 280
59 282
60 61
60 67
60 71
60 78
60 81
60 90
60 91
60 92
60 95
60 96
60 97
60 101
60 106
60 107
60 108
60 110
60 112
60 115
60 117
60 118
60 120
60 122
60 123
60 127
60 128
60 129
60 130
60 133
60 138
60 153
60 180
60 184
60 201
60 202
60 203
60 204
60 205
60 206
60 207
60 208
60 211
60 213
60 215
60 217
60 218
60 219
60 220
60 221
60 222
60 223
60 224
60 225
60 226
60 227
60 228
60 229
60 231
60 232
60 233
60 234
60 235
60 236
60 237
60 238
60 239
60 240
60 241
60 243
60 244
60 245
60 248
60 249
60 250
60 258
60 260
60 261
60 262
60 264
60 269
60 270
60 271
60 272
60 273
60 275
60 276
60 277
60 278
60 279
61 90
61 99
61 103
61 111
61 124
61 128
61 129
61 131
61 144
61 165
61 167
61 195
61 227
61 228
61 235
61 247
61 252
61 253
61 264
61 265
61 266
61 275
61 282
61 300
62 89
62 90
62 91
62 92
62 93
62 95
62 97
62 100
62 101
62 106
62 107
62 110
62 111
62 112
62 114
62 116
62 117
62 118
62 119
62 120
62 121
62 123
62 127
62 129
62 130
62 143
62 144
62 149
62 150
62 167
62 184
62 195
62 209
62 215
62 227
62 241
62 244
62 247
62 248
62 249
62 251
62 253
62 255
62 256
62 257
62 259
62 261
62 262
62 263
62 264
62 267
62 270
62 272
62 273
62 275
62 277
62 278
63 89
63 90
63 92
63 93
63 95
63 97
63 100
63 102
63 103
63 106
63 107
63 111
63 112
63 116
63 117
63 118
63 119
63 123
63 124
63 128
63 129
63 130
63 132
63 135
63 143
63 144
63 147
63 150
63 157
63 161
63 165
63 184
63 195
63 209
63 211
63 232
63 238
63 243
63 247
63 248
63 251
63 252
63 253
63 264
63 265
63 266
63 267
63 269
63 270
63 272
63 274
63 288
64 89
64 90
64 91
64 92
64 93
64 95
64 97
64 100
64 106
64 107
64 108
64 110
64 111
64 112
64 114
64 116
64 117
64 118
64 119
64 120
64 121
64 123
64 125
64 128
64 129
64 133
64 134
64 149
64 150
64 184
64 227
64 232
64 239
64 247
64 248
64 249
64 251
64 252
64 253
64 255
64 256
64 257
64 259
64 260
64 261
64 262
64 263
64 264
64 266
64 267
64 268
64 269
64 270
64 272
64 273
64 274
64 275
64 276
64 277
64 278
64 279
65 89
65 90
65 100
65 101
65 107
65 118
65 119
65 120
65 123
65 124
65 127
65 128
65 150
65 203
65 209
65 210
65 217
65 226
65 238
65 242
65 247
65 253
65 256
65 264
65 266
65 267
65 274
66 90
66 91
66 92
66 94
66 95
66 96
66 97
66 106
66 107
66 111
66 112
66 117
66 118
66 120
66 123
66 128
66 129
66 130
66 132
66 138
66 143
66 144
66 149
66 150
66 153
66 161
66 167
66 174
66 184
66 190
66 195
66 198
66 220
66 225
66 237
66 243
66 250
66 251
66 256
66 257
66 259
66 260
66 268
66 270
66 272
66 273
66 275
66 276
66 279
66 280
66 292
66 299
67 99
67 105
67 132
67 138
67 143
67 144
67 153
67 157
67 167
67 168
67 174
67 191
67 195
67 198
67 214
67 218
67 225
67 227
67 228
67 232
67 240
67 250
67 263
67 269
67 273
68 89
68 90
68 92
68 93
68 95
68 100
68 106
68 107
68 114
68 116
68 117
68 118
68 119
68 122
68 123
68 125
68 128
68 129
68 131
68 144
68 149
68 167
68 249
68 251
68 252
68 255
68 257
68 258
68 259
68 261
68 262
68 264
68 267
68 268
68 269
68 270
68 277
68 278
69 89
69 90
69 92
69 96
69 97
69 100
69 103
69 106
69 107
69 111
69 112
69 117
69 118
69 119
69 120
69 123
69 124
69 128
69 129
69 130
69 135
69 143
69 144
69 149
69 150
69 165
69 167
69 184
69 195
69 247
69 248
69 249
69 250
69 251
69 252
69 253
69 254
69 255
69 256
69 258
69 259
69 260
69 261
69 263
69 264
69 265
69 266
69 267
69 268
69 269
69 270
69 272
69 273
69 274
69 275
69 276
69 277
69 278
69 279
69 280
70 90
70 93
70 106
70 112
70 116
70 118
70 144
70 198
70 209
70 213
70 215
70 238
70 239
70 240
70 241
70 244
70 248
70 249
70 250
70 251
70 255
70 257
70 258
70 259
70 260
70 261
70 263
70 267
70 268
70 269
70 270
70 272
70 273
70 278
70 279
71 95
71 125
71 130
71 132
71 144
71 248
71 259
71 273
71 276
71 300
72 90
72 118
72 132
72 144
72 167
72 195
72 198
72 248
72 251
72 253
72 260
72 268
72 270
72 272
72 273
72 278
73 77
73 93
73 95
73 118
73 128
73 130
73 132
73 149
73 150
73 195
73 198
73 209
73 235
73 259
73 282
74 90
74 93
74 95
74 112
74 116
74 118
74 128
74 130
74 144
74 150
74 167
74 195
74 198
74 203
74 209
74 238
74 239
74 241
74 248
74 251
74 255
74 259
74 264
74 268
74 269
74 270
74 272
74 273
74 275
74 276
74 278
74 300
75 104
75 106
75 107
75 117
75 118
75 123
75 128
75 130
75 144
75 198
75 206
75 248
75 250
75 257
75 259
75 269
75 273
75 279
75 280
76 90
76 99
76 106
76 118
76 124
76 128
76 135
76 142
76 144
76 152
76 161
76 163
76 167
76 177
76 183
76 184
76 186
76 195
76 220
76 226
76 227
76 235
76 241
76 247
76 251
76 253
76 259
76 264
76 266
76 267
76 269
76 270
76 273
76 274
76 287
77 82
77 90
77 91
77 97
77 106
77 107
77 115
77 118
77 123
77 130
77 143
77 144
77 149
77 167
77 184
77 195
77 198
77 201
77 203
77 211
77 239
77 246
78 93
78 128
78 144
78 150
78 198
78 249
78 251
78 255
78 259
78 260
78 261
78 268
78 269
78 270
78 272
78 273
78 275
78 276
78 278
79 90
79 103
79 106
79 107
79 116
79 117
79 123
79 137
79 143
79 144
79 181
79 195
79 198
79 201
79 203
79 205
79 206
79 213
79 218
79 223
79 225
79 231
79 233
79 235
79 238
79 239
79 240
79 241
79 244
79 245
79 248
79 250
79 254
79 256
79 258
79 259
79 285
79 290
79 293
79 295
79 298
80 85
80 90
80 118
80 124
80 135
80 141
80 142
80 144
80 149
80 150
80 161
80 163
80 193
80 198
80 225
80 247
80 252
80 253
80 259
80 264
80 265
80 266
80 267
80 269
80 270
80 274
81 89
81 90
81 92
81 93
81 100
81 106
81 107
81 116
81 118
81 119
81 120
81 123
81 129
81 130
81 132
81 143
81 144
81 149
81 150
81 167
81 184
81 195
81 227
81 228
81 232
81 235
81 238
81 243
81 251
81 256
81 259
81 264
81 270
81 272
81 275
81 277
82 85
82 88
82 99
82 143
82 195
82 198
82 206
82 213
82 215
82 217
82 221
82 239
82 240
82 241
82 244
82 248
82 251
82 252
82 253
82 255
82 256
82 258
82 261
82 262
82 263
82 264
82 265
82 268
82 270
82 272
82 273
82 277
82 278
82 282
82 294
83 89
83 90
83 92
83 93
83 95
83 96
83 100
83 106
83 107
83 112
83 116
83 117
83 118
83 119
83 120
83 123
83 129
83 130
83 143
83 144
83 149
83 150
83 153
83 157
83 161
83 167
83 184
83 195
83 209
83 227
83 228
83 232
83 238
83 241
83 243
83 251
83 259
83 263
83 264
83 270
83 272
83 275
83 277
84 90
84 97
84 99
84 100
84 104
84 105
84 106
84 107
84 108
84 111
84 117
84 118
84 119
84 123
84 124
84 128
84 134
84 135
84 138
84 143
84 144
84 153
84 167
84 184
84 190
84 195
84 203
84 206
84 220
84 225
84 228
84 232
84 235
84 237
84 239
84 243
84 247
84 248
84 249
84 250
84 251
84 253
84 255
84 256
84 257
84 258
84 259
84 260
84 261
84 262
84 263
84 264
84 266
84 267
84 268
84 270
84 271
84 272
84 273
84 275
84 277
84 278
84 279
84 280
84 299
85 93
85 101
85 107
85 114
85 118
85 120
85 121
85 123
85 127
85 129
85 150
85 198
85 209
85 238
85 246
85 260
85 273
86 89
86 90
86 92
86 97
86 100
86 101
86 106
86 107
86 113
86 117
86 118
86 119
86 120
86 123
86 127
86 129
86 143
86 144
86 149
86 150
86 167
86 195
86 203
86 235
86 246
86 248
86 249
86 251
86 259
86 261
86 263
86 269
86 270
86 272
86 277
87 89
87 100
87 106
87 107
87 108
87 117
87 118
87 119
87 123
87 128
87 130
87 144
87 198
87 206
87 248
87 257
87 258
87 269
87 273
88 89
88 91
88 92
88 93
88 94
88 96
88 97
88 98
88 99
88 100
88 101
88 104
88 105
88 107
88 110
88 111
88 113
88 114
88 118
88 119
88 120
88 121
88 122
88 123
88 125
88 126
88 127
88 129
88 131
88 133
88 134
88 136
88 143
88 144
88 149
88 150
88 167
88 172
88 177
88 195
88 200
88 201
88 209
88 225
88 243
88 246
88 270
88 276
89 99
89 103
89 105
89 109
89 120
89 133
89 134
89 135
89 136
89 149
89 150
89 171
89 174
89 181
89 184
89 198
89 201
89 203
89 208
89 225
89 238
89 243
89 247
89 248
89 249
89 250
89 251
89 252
89 253
89 254
89 260
89 263
89 264
89 265
89 267
89 268
89 271
89 272
89 275
89 277
89 279
90 99
90 103
90 105
90 115
90 120
90 130
90 133
90 134
90 135
90 136
90 138
90 150
90 153
90 157
90 161
90 165
90 182
90 184
90 186
90 193
90 194
90 198
90 202
90 203
90 205
90 207
90 208
90 209
90 211
90 214
90 215
90 218
90 219
90 220
90 222
90 223
90 225
90 227
90 228
90 229
90 232
90 233
90 235
90 237
90 238
90 243
90 246
90 248
90 249
90 254
90 257
90 258
90 260
90 263
90 266
90 268
90 270
90 271
90 273
90 276
90 277
90 278
90 279
90 280
91 99
91 102
91 103
91 105
91 109
91 120
91 149
91 150
91 153
91 157
91 174
91 184
91 190
91 197
91 201
91 205
91 208
91 209
91 213
91 215
91 218
91 223
91 224
91 225
91 227
91 231
91 232
91 233
91 234
91 238
91 242
91 243
91 247
91 248
91 253
91 254
91 259
91 263
91 267
91 274
92 99
92 105
92 109
92 120
92 134
92 149
92 150
92 178
92 208
92 232
92 238
92 247
92 248
92 249
92 250
92 251
92 253
92 254
92 256
92 258
92 263
92 264
92 265
92 267
92 270
92 271
92 274
92 276
92 277
92 278
92 279
92 280
93 96
93 99
93 103
93 105
93 109
93 120
93 133
93 134
93 135
93 136
93 138
93 139
93 149
93 150
93 153
93 165
93 171
93 174
93 181
93 187
93 193
93 194
93 197
93 201
93 202
93 207
93 208
93 209
93 213
93 225
93 227
93 232
93 237
93 238
93 239
93 240
93 242
93 243
93 245
93 248
93 249
93 250
93 251
93 256
93 257
93 258
93 260
93 263
93 266
93 268
93 271
93 272
93 273
93 275
93 277
93 278
93 279
93 280
94 99
94 102
94 109
94 120
94 133
94 134
94 135
94 136
94 142
94 149
94 150
94 157
94 158
94 163
94 172
94 179
94 183
94 184
94 186
94 187
94 193
94 194
94 198
94 199
94 200
94 201
94 209
94 211
94 213
94 218
94 219
94 224
94 225
94 228
94 230
94 232
94 233
94 236
94 242
94 243
94 247
94 252
94 253
94 254
94 256
94 258
94 259
94 260
94 264
94 265
94 267
94 268
94 269
94 271
94 272
94 274
94 277
94 279
95 99
95 105
95 109
95 120
95 133
95 136
95 138
95 139
95 141
95 142
95 143
95 146
95 148
95 149
95 150
95 155
95 157
95 160
95 163
95 173
95 178
95 181
95 193
95 196
95 197
95 201
95 208
95 209
95 211
95 232
95 238
95 247
95 253
95 254
95 256
95 259
95 263
95 267
95 270
95 274
96 99
96 103
96 105
96 109
96 120
96 134
96 138
96 139
96 141
96 150
96 161
96 171
96 172
96 174
96 181
96 184
96 189
96 190
96 193
96 197
96 201
96 203
96 208
96 209
96 214
96 215
96 216
96 219
96 220
96 221
96 222
96 223
96 224
96 225
96 228
96 229
96 230
96 232
96 235
96 236
96 237
96 243
96 245
96 247
96 248
96 251
96 254
96 256
96 259
96 260
96 263
96 264
96 265
96 267
96 270
96 271
96 276
96 277
97 99
97 103
97 105
97 109
97 120
97 133
97 135
97 136
97 138
97 139
97 141
97 143
97 145
97 149
97 150
97 153
97 157
97 161
97 169
97 171
97 172
97 174
97 178
97 181
97 189
97 190
97 193
97 194
97 197
97 200
97 201
97 205
97 206
97 208
97 209
97 211
97 213
97 214
97 216
97 218
97 219
97 221
97 224
97 225
97 229
97 230
97 231
97 233
97 237
97 238
97 239
97 240
97 241
97 242
97 243
97 244
97 247
97 248
97 249
97 250
97 251
97 252
97 253
97 254
97 259
97 260
97 263
97 264
97 265
97 267
97 268
97 270
97 271
97 272
97 273
97 274
97 275
97 277
97 278
97 279
97 280
98 105
98 109
98 120
98 134
98 136
98 150
98 157
98 174
98 178
98 179
98 181
98 189
98 190
98 193
98 200
98 209
98 224
98 232
98 254
98 267
99 100
99 101
99 102
99 103
99 104
99 105
99 106
99 107
99 108
99 109
99 110
99 111
99 112
99 113
99 114
99 115
99 116
99 117
99 118
99 119
99 120
99 121
99 122
99 123
99 124
99 125
99 126
99 127
99 128
99 129
99 130
99 131
99 133
99 134
99 135
99 136
99 138
99 141
99 142
99 149
99 150
99 153
99 158
99 168
99 172
99 174
99 181
99 187
99 191
99 193
99 194
99 198
99 199
99 200
99 201
99 202
99 203
99 204
99 206
99 208
99 209
99 211
99 213
99 219
99 221
99 224
99 225
99 228
99 230
99 232
99 233
99 238
99 242
99 243
99 246
99 250
99 251
99 255
99 256
99 258
99 259
99 260
99 261
99 265
99 268
99 276
100 103
100 105
100 109
100 120
100 133
100 134
100 135
100 136
100 138
100 149
100 150
100 153
100 184
100 193
100 198
100 208
100 209
100 225
100 243
100 247
100 248
100 251
100 252
100 253
100 254
100 260
100 263
100 264
100 265
100 267
100 268
100 271
100 272
100 279
101 103
101 105
101 109
101 120
101 139
101 141
101 149
101 150
101 161
101 172
101 181
101 189
101 201
101 208
101 209
101 214
101 215
101 223
101 224
101 229
101 238
101 239
101 242
101 243
101 247
101 248
101 249
101 251
101 253
101 254
101 260
101 263
101 264
101 265
101 267
101 268
101 271
101 272
101 274
101 277
101 279
101 280
102 103
102 105
102 120
102 135
102 165
102 248
102 249
102 250
102 251
102 256
102 257
102 258
102 259
102 260
102 263
102 266
102 268
102 270
102 271
102 272
102 273
102 275
102 276
102 277
102 279
102 280
103 104
103 106
103 107
103 111
103 113
103 114
103 115
103 116
103 117
103 118
103 119
103 122
103 123
103 124
103 126
103 127
103 128
103 129
103 130
103 131
103 137
103 140
103 142
103 143
103 144
103 145
103 146
103 147
103 149
103 151
103 153
103 154
103 155
103 156
103 157
103 158
103 159
103 164
103 166
103 167
103 168
103 169
103 170
103 174
103 175
103 176
103 177
103 178
103 179
103 180
103 183
103 185
103 186
103 188
103 194
103 195
103 196
103 198
103 199
103 200
103 203
103 204
103 240
103 250
103 252
103 253
103 254
103 256
103 264
103 265
103 266
103 267
103 269
103 274
103 276
103 288
104 105
104 120
104 133
104 134
104 135
104 136
104 138
104 139
104 145
104 146
104 153
104 155
104 157
104 160
104 166
104 169
104 172
104 174
104 177
104 178
104 179
104 181
104 184
104 189
104 190
104 193
104 195
104 197
104 198
104 200
104 201
104 208
104 225
104 232
104 243
104 254
104 255
104 267
104 290
105 106
105 107
105 108
105 109
105 110
105 111
105 112
105 113
105 114
105 115
105 116
105 117
105 118
105 119
105 121
105 122
105 123
105 124
105 125
105 126
105 127
105 128
105 129
105 130
105 131
105 137
105 140
105 141
105 144
105 147
105 148
105 150
105 151
105 154
105 156
105 159
105 160
105 161
105 162
105 164
105 165
105 166
105 167
105 170
105 172
105 173
105 175
105 176
105 177
105 179
105 180
105 185
105 186
105 188
105 189
105 195
105 211
105 216
105 217
105 218
105 249
105 250
105 251
105 252
105 254
105 255
105 258
105 259
105 265
105 268
105 269
105 270
105 276
105 278
106 109
106 120
106 129
106 134
106 150
106 184
106 211
106 222
106 225
106 243
106 247
106 248
106 249
106 251
106 252
106 253
106 254
106 260
106 261
106 263
106 264
106 265
106 267
106 269
106 271
106 274
106 278
106 298
107 109
107 120
107 133
107 134
107 135
107 136
107 138
107 141
107 149
107 150
107 153
107 174
107 184
107 193
107 198
107 208
107 209
107 225
107 243
107 247
107 248
107 249
107 251
107 252
107 253
107 254
107 258
107 260
107 263
107 264
107 265
107 267
107 268
107 271
107 272
107 273
107 274
107 276
107 277
107 278
108 120
108 134
108 184
108 211
108 232
108 254
108 259
108 267
109 110
109 111
109 112
109 114
109 115
109 116
109 117
109 118
109 119
109 120
109 121
109 122
109 123
109 125
109 126
109 127
109 128
109 129
109 130
109 131
109 143
109 149
109 150
109 209
109 238
109 263
109 293
110 120
110 134
110 149
110 150
110 157
110 177
110 197
110 208
110 232
110 238
110 243
110 247
110 248
110 250
110 253
110 254
110 256
110 258
110 264
110 265
110 267
110 276
110 277
110 290
111 120
111 134
111 135
111 150
111 157
111 165
111 174
111 177
111 181
111 184
111 190
111 200
111 201
111 209
111 211
111 218
111 225
111 228
111 243
111 248
111 249
111 251
111 254
111 257
111 258
111 259
111 260
111 263
111 268
111 272
111 273
111 275
111 277
111 279
112 120
112 134
112 139
112 149
112 150
112 153
112 157
112 175
112 178
112 197
112 206
112 208
112 209
112 213
112 224
112 232
112 237
112 238
112 247
112 254
112 256
112 267
113 120
113 134
113 135
113 141
113 149
113 150
113 161
113 201
113 203
113 208
113 209
113 226
113 243
113 248
113 249
113 250
113 251
113 254
113 256
113 257
113 258
113 259
113 260
113 263
113 266
113 268
113 270
113 271
113 272
113 273
113 275
113 276
113 277
113 279
113 280
114 120
114 133
114 134
114 136
114 138
114 141
114 149
114 150
114 154
114 161
114 171
114 172
114 174
114 181
114 187
114 189
114 193
114 197
114 201
114 205
114 208
114 209
114 211
114 214
114 216
114 219
114 221
114 223
114 224
114 225
114 227
114 228
114 230
114 238
114 239
114 241
114 242
114 243
114 244
114 245
114 247
114 248
114 249
114 250
114 253
114 254
114 257
114 260
114 263
114 264
114 265
114 267
114 271
114 272
114 273
114 274
114 275
114 277
114 278
114 279
114 280
115 119
115 120
115 127
115 129
115 134
115 153
115 157
115 174
115 184
115 197
115 203
115 205
115 206
115 208
115 210
115 211
115 213
115 215
115 218
115 223
115 224
115 225
115 226
115 227
115 229
115 231
115 232
115 233
115 234
115 237
115 241
115 242
115 243
115 244
115 245
115 251
115 252
115 259
115 263
115 267
115 269
115 270
115 274
116 120
116 134
116 138
116 139
116 149
116 150
116 153
116 157
116 167
116 171
116 174
116 175
116 178
116 191
116 197
116 206
116 208
116 209
116 210
116 224
116 225
116 227
116 232
116 233
116 237
116 238
116 239
116 240
116 241
116 244
116 245
116 247
116 248
116 250
116 253
116 254
116 256
116 258
116 259
116 267
116 270
116 274
116 276
116 278
117 120
117 134
117 135
117 136
117 138
117 149
117 150
117 153
117 182
117 184
117 193
117 198
117 201
117 203
117 205
117 209
117 214
117 218
117 219
117 221
117 223
117 225
117 228
117 230
117 237
117 243
117 248
117 251
117 253
117 254
117 260
117 263
117 264
117 267
117 268
117 270
117 271
117 277
118 120
118 133
118 134
118 136
118 138
118 149
118 150
118 153
118 154
118 158
118 171
118 174
118 178
118 179
118 181
118 182
118 184
118 186
118 187
118 190
118 193
118 194
118 197
118 198
118 200
118 201
118 204
118 205
118 206
118 207
118 208
118 209
118 212
118 220
118 221
118 222
118 223
118 224
118 225
118 227
118 230
118 231
118 232
118 234
118 235
118 237
118 238
118 242
118 247
118 253
118 254
118 255
118 260
118 262
118 263
118 267
118 269
118 272
118 273
118 274
118 275
118 279
118 280
118 282
118 299
119 120
119 133
119 134
119 135
119 136
119 138
119 149
119 150
119 153
119 174
119 184
119 193
119 198
119 208
119 209
119 225
119 243
119 247
119 249
119 251
119 252
119 253
119 254
119 256
119 259
119 260
119 263
119 264
119 265
119 267
119 271
119 272
119 275
119 277
119 279
120 121
120 122
120 123
120 124
120 125
120 126
120 127
120 128
120 129
120 130
120 131
120 137
120 140
120 143
120 144
120 145
120 146
120 151
120 153
120 155
120 156
120 157
120 159
120 164
120 165
120 166
120 167
120 168
120 169
120 170
120 174
120 175
120 176
120 177
120 178
120 179
120 180
120 181
120 182
120 183
120 185
120 186
120 188
120 191
120 195
120 196
120 197
120 202
120 218
120 226
120 232
120 237
120 240
120 248
120 249
120 250
120 257
120 263
120 268
120 269
120 270
120 273
120 275
120 276
120 278
121 124
121 134
121 150
121 209
121 225
121 243
121 247
121 248
121 249
121 250
121 251
121 252
121 253
121 254
121 258
121 259
121 260
121 264
121 265
121 267
121 268
121 271
121 272
121 273
121 275
121 277
121 279
121 280
121 282
121 283
121 288
122 133
122 134
122 135
122 136
122 138
122 149
122 150
122 165
122 174
122 187
122 193
122 202
122 208
122 209
122 223
122 256
122 259
122 260
122 263
122 266
122 271
122 272
122 277
122 278
123 134
123 135
123 136
123 138
123 150
123 153
123 182
123 184
123 190
123 193
123 198
123 201
123 205
123 209
123 211
123 214
123 220
123 221
123 223
123 225
123 228
123 237
123 238
123 243
123 248
123 251
123 252
123 253
123 254
123 260
123 263
123 264
123 265
123 267
123 268
123 271
123 272
123 273
123 279
124 130
124 133
124 134
124 135
124 136
124 142
124 143
124 147
124 154
124 157
124 158
124 165
124 174
124 178
124 184
124 187
124 190
124 193
124 194
124 197
124 201
124 203
124 204
124 205
124 208
124 209
124 210
124 211
124 212
124 213
124 215
124 217
124 218
124 219
124 220
124 221
124 222
124 223
124 224
124 225
124 226
124 227
124 228
124 229
124 231
124 232
124 233
124 234
124 235
124 236
124 237
124 238
124 241
124 242
124 243
124 244
124 245
124 248
124 258
124 259
124 260
124 263
124 266
124 268
124 271
124 279
125 133
125 134
125 138
125 149
125 174
125 197
125 208
125 232
125 238
125 254
125 255
125 259
125 267
126 134
126 136
126 138
126 147
126 149
126 157
126 178
126 179
126 181
126 184
126 189
126 190
126 193
126 197
126 200
126 201
126 209
126 224
126 227
126 232
126 247
126 248
126 251
126 252
126 253
126 254
126 255
126 256
126 258
126 259
126 263
126 264
126 265
126 267
126 270
126 271
126 272
126 273
126 279
127 134
127 139
127 141
127 150
127 154
127 157
127 161
127 172
127 174
127 189
127 197
127 201
127 205
127 208
127 209
127 211
127 214
127 216
127 219
127 223
127 224
127 228
127 230
127 232
127 237
127 238
127 239
127 242
127 243
127 247
127 248
127 251
127 254
127 256
127 258
127 264
127 267
127 271
127 277
128 133
128 134
128 135
128 136
128 146
128 149
128 155
128 157
128 165
128 169
128 172
128 174
128 177
128 178
128 179
128 183
128 184
128 186
128 187
128 189
128 190
128 193
128 194
128 196
128 197
128 198
128 200
128 201
128 202
128 207
128 208
128 209
128 211
128 213
128 223
128 224
128 225
128 232
128 233
128 239
128 240
128 242
128 243
128 255
128 258
128 259
128 266
128 268
128 278
128 279
128 280
129 133
129 134
129 135
129 136
129 139
129 145
129 149
129 150
129 157
129 165
129 169
129 174
129 178
129 179
129 181
129 184
129 190
129 193
129 198
129 202
129 203
129 208
129 209
129 224
129 225
129 232
129 237
129 243
129 248
129 249
129 250
129 251
129 256
129 257
129 258
129 260
129 263
129 266
129 268
129 270
129 271
129 272
129 273
129 275
129 276
129 277
129 279
129 280
130 133
130 136
130 138
130 139
130 141
130 142
130 149
130 150
130 153
130 163
130 171
130 181
130 184
130 190
130 193
130 197
130 201
130 208
130 211
130 225
130 231
130 232
130 238
130 239
130 240
130 242
130 247
130 251
130 253
130 256
130 258
130 260
130 263
130 264
130 265
130 267
130 270
130 271
131 133
131 135
131 136
131 138
131 149
131 150
131 165
131 174
131 187
131 193
131 202
131 208
131 209
131 249
131 251
131 256
131 258
131 260
131 263
131 266
131 271
131 272
131 279
131 280
132 133
132 134
132 135
132 136
132 137
132 138
132 139
132 140
132 141
132 142
132 143
132 144
132 145
132 146
132 147
132 149
132 150
132 151
132 153
132 154
132 155
132 156
132 157
132 158
132 159
132 161
132 162
132 163
132 164
132 165
132 166
132 167
132 168
132 169
132 170
132 171
132 174
132 175
132 176
132 177
132 178
132 179
132 180
132 181
132 182
132 183
132 184
132 185
132 186
132 187
132 188
132 189
132 190
132 191
132 193
132 194
132 195
132 196
132 197
132 198
132 199
132 200
132 210
132 227
132 234
132 242
132 263
132 282
132 288
132 295
133 148
133 152
133 160
133 173
133 192
133 204
133 212
133 251
133 264
133 270
133 276
133 278
133 282
133 285
133 289
133 290
133 292
133 293
133 295
133 296
133 298
133 299
133 300
134 148
134 152
134 160
134 165
134 173
134 192
134 204
134 205
134 206
134 207
134 212
134 220
134 221
134 229
134 231
134 233
134 236
134 238
134 239
134 241
134 244
134 245
134 247
134 248
134 249
134 250
134 253
134 255
134 256
134 259
134 260
134 264
134 266
134 270
134 271
134 272
134 274
134 275
134 276
134 277
134 282
134 284
134 289
134 290
134 292
134 295
134 296
134 298
135 148
135 149
135 152
135 159
135 160
135 173
135 189
135 192
135 205
135 206
135 207
135 212
135 220
135 222
135 231
135 236
135 238
135 247
135 251
135 252
135 253
135 254
135 256
135 264
135 265
135 266
135 267
135 275
135 276
135 281
135 282
135 283
135 284
135 285
135 286
135 287
135 288
135 289
135 291
135 292
135 294
135 295
135 296
135 297
135 298
135 299
135 300
136 148
136 152
136 160
136 173
136 192
136 215
136 220
136 222
136 229
136 236
136 251
136 256
136 264
136 270
136 276
136 278
136 281
136 282
136 284
136 285
136 289
136 290
136 292
136 293
136 294
136 295
136 296
136 298
136 299
136 300
137 148
137 152
137 160
137 173
137 192
137 208
137 211
137 213
137 214
137 215
137 218
137 220
137 222
137 223
137 229
137 233
137 236
137 237
137 281
137 282
137 284
137 285
137 287
137 289
137 290
137 291
137 293
137 294
137 295
137 296
137 297
137 298
137 299
137 300
138 148
138 152
138 160
138 173
138 192
138 204
138 208
138 211
138 220
138 222
138 238
138 251
138 259
138 281
138 282
138 284
138 285
138 289
138 290
138 292
138 293
138 294
138 295
138 296
138 298
138 299
138 300
139 148
139 152
139 160
139 173
139 192
139 202
139 204
139 206
139 207
139 211
139 212
139 218
139 222
139 231
139 234
139 236
139 240
139 269
139 275
139 282
139 284
139 285
139 286
139 289
139 290
139 295
139 296
139 299
139 300
140 148
140 152
140 160
140 173
140 192
140 202
140 204
140 205
140 207
140 208
140 211
140 212
140 214
140 215
140 216
140 218
140 220
140 221
140 222
140 229
140 231
140 232
140 234
140 236
140 237
140 238
140 239
140 241
140 242
140 244
140 245
140 251
140 254
140 275
140 281
140 282
140 284
140 285
140 286
140 288
140 289
140 290
140 291
140 293
140 294
140 295
140 296
140 297
140 298
140 299
140 300
141 148
141 152
141 160
141 173
141 192
141 202
141 203
141 204
141 207
141 210
141 215
141 217
141 218
141 220
141 222
141 226
141 229
141 231
141 232
141 234
141 236
141 240
141 281
141 282
141 284
141 286
141 287
141 289
141 290
141 291
141 294
141 295
141 296
141 297
141 298
141 299
141 300
142 148
142 152
142 160
142 173
142 192
142 204
142 206
142 207
142 212
142 213
142 214
142 215
142 218
142 220
142 222
142 223
142 229
142 231
142 233
142 236
142 238
142 241
142 244
142 245
142 251
142 264
142 275
142 276
142 281
142 282
142 289
142 290
142 292
142 293
142 294
142 295
142 296
142 298
142 299
142 300
143 148
143 152
143 160
143 173
143 192
143 203
143 204
143 205
143 206
143 207
143 209
143 211
143 212
143 214
143 215
143 218
143 219
143 220
143 221
143 222
143 223
143 228
143 229
143 230
143 231
143 233
143 236
143 237
143 238
143 241
143 243
143 244
143 263
143 281
143 282
143 285
143 286
143 287
143 288
143 290
143 291
143 292
143 293
143 294
143 296
143 297
143 299
143 300
144 148
144 152
144 160
144 165
144 173
144 192
144 202
144 204
144 205
144 206
144 207
144 208
144 209
144 211
144 212
144 215
144 220
144 222
144 223
144 226
144 229
144 231
144 233
144 235
144 236
144 237
144 238
144 239
144 244
144 263
144 269
144 281
144 282
144 283
144 285
144 286
144 287
144 288
144 291
144 292
144 294
144 295
144 296
144 297
144 299
144 300
145 148
145 152
145 160
145 173
145 192
145 204
145 205
145 206
145 207
145 208
145 209
145 210
145 211
145 212
145 213
145 214
145 215
145 218
145 219
145 220
145 221
145 222
145 223
145 229
145 230
145 231
145 233
145 235
145 236
145 237
145 238
145 239
145 240
145 241
145 243
145 244
145 245
145 254
145 269
145 278
145 281
145 282
145 284
145 285
145 286
145 288
145 290
145 291
145 292
145 293
145 294
145 295
145 296
145 297
145 298
145 299
145 300
146 148
146 152
146 160
146 173
146 192
146 202
146 203
146 204
146 205
146 206
146 207
146 210
146 211
146 212
146 213
146 214
146 215
146 218
146 220
146 222
146 223
146 226
146 229
146 231
146 233
146 234
146 236
146 237
146 238
146 239
146 241
146 244
146 254
146 282
146 284
146 285
146 286
146 287
146 288
146 289
146 290
146 292
146 294
146 295
146 296
146 297
146 299
146 300
147 148
147 152
147 160
147 173
147 192
147 201
147 202
147 203
147 204
147 205
147 206
147 207
147 208
147 209
147 212
147 213
147 214
147 215
147 216
147 218
147 219
147 220
147 221
147 222
147 223
147 229
147 230
147 231
147 236
147 237
147 238
147 239
147 241
147 243
147 244
147 245
147 254
147 273
147 281
147 282
147 283
147 284
147 285
147 286
147 287
147 288
147 289
147 290
147 291
147 293
147 294
147 295
147 296
147 297
147 298
147 299
147 300
148 149
148 150
148 151
148 153
148 154
148 155
148 156
148 157
148 158
148 159
148 161
148 162
148 163
148 164
148 165
148 166
148 167
148 168
148 169
148 170
148 171
148 172
148 174
148 175
148 176
148 177
148 178
148 179
148 180
148 181
148 182
148 183
148 184
148 185
148 186
148 187
148 188
148 189
148 190
148 191
148 193
148 194
148 195
148 196
148 197
148 198
148 199
148 200
148 210
148 216
148 217
148 218
148 224
148 225
148 227
148 228
148 232
148 235
148 242
148 243
148 254
148 281
148 283
148 291
148 293
148 298
149 152
149 160
149 173
149 192
149 202
149 203
149 204
149 205
149 206
149 207
149 208
149 211
149 212
149 213
149 214
149 215
149 216
149 218
149 219
149 220
149 221
149 222
149 223
149 228
149 229
149 230
149 231
149 233
149 234
149 235
149 236
149 237
149 239
149 240
149 241
149 243
149 244
149 245
149 282
149 290
149 293
149 296
150 152
150 160
150 165
150 173
150 192
150 211
150 253
150 269
150 275
150 290
150 295
151 152
151 160
151 173
151 192
151 202
151 203
151 204
151 205
151 206
151 207
151 208
151 209
151 210
151 211
151 212
151 213
151 214
151 215
151 218
151 219
151 220
151 221
151 222
151 223
151 228
151 229
151 230
151 231
151 233
151 234
151 235
151 236
151 237
151 238
151 239
151 240
151 241
151 242
151 243
151 244
151 245
151 255
151 281
151 282
151 285
151 286
151 288
151 289
151 290
151 291
151 292
151 294
151 295
151 296
151 297
151 298
151 299
151 300
152 153
152 154
152 155
152 156
152 157
152 158
152 159
152 161
152 162
152 163
152 164
152 165
152 166
152 167
152 168
152 169
152 170
152 171
152 172
152 174
152 175
152 176
152 177
152 178
152 179
152 180
152 181
152 182
152 183
152 184
152 185
152 186
152 187
152 188
152 189
152 190
152 191
152 193
152 194
152 195
152 196
152 197
152 198
152 199
152 200
152 210
152 225
152 226
152 227
152 235
152 242
152 243
152 254
152 269
152 281
152 283
153 160
153 165
153 173
153 192
153 204
153 205
153 220
153 222
153 229
153 231
153 233
153 238
153 239
153 241
153 244
153 251
153 275
153 282
153 285
153 290
153 293
153 295
153 296
153 298
153 299
154 160
154 173
154 192
154 207
154 213
154 225
154 239
154 254
154 275
154 281
154 282
154 284
154 285
154 286
154 287
154 289
154 290
154 291
154 292
154 293
154 295
154 296
154 297
154 298
154 299
154 300
155 160
155 173
155 192
155 204
155 205
155 207
155 211
155 212
155 215
155 220
155 222
155 223
155 226
155 229
155 233
155 235
155 236
155 239
155 251
155 282
155 284
155 285
155 287
155 288
155 289
155 290
155 292
155 295
155 296
155 299
155 300
156 160
156 173
156 192
156 204
156 205
156 206
156 207
156 208
156 210
156 211
156 212
156 213
156 214
156 215
156 218
156 220
156 222
156 223
156 226
156 229
156 233
156 234
156 236
156 237
156 238
156 239
156 244
156 251
156 281
156 282
156 283
156 284
156 285
156 286
156 287
156 288
156 289
156 290
156 291
156 292
156 294
156 295
156 296
156 297
156 298
156 299
156 300
157 160
157 173
157 192
157 220
157 222
157 251
157 264
157 273
157 275
157 281
157 282
157 285
157 289
157 290
157 293
157 295
157 296
157 298
158 160
158 173
158 192
158 202
158 204
158 206
158 207
158 212
158 214
158 215
158 216
158 218
158 220
158 222
158 223
158 229
158 231
158 233
158 236
158 238
158 239
158 241
158 244
158 245
158 254
158 276
158 281
158 282
158 283
158 284
158 285
158 286
158 287
158 289
158 290
158 291
158 293
158 294
158 295
158 296
158 297
158 298
158 299
158 300
159 160
159 173
159 192
159 202
159 203
159 205
159 206
159 207
159 211
159 212
159 213
159 214
159 215
159 217
159 218
159 220
159 222
159 226
159 229
159 231
159 233
159 234
159 236
159 238
159 241
159 244
159 269
159 281
159 284
159 285
159 286
159 290
159 291
159 293
159 294
159 295
159 296
159 297
159 298
159 300
160 161
160 162
160 163
160 164
160 165
160 166
160 167
160 168
160 169
160 170
160 171
160 172
160 174
160 175
160 176
160 177
160 178
160 179
160 180
160 181
160 182
160 183
160 184
160 185
160 186
160 187
160 188
160 189
160 190
160 191
160 193
160 194
160 195
160 196
160 197
160 198
160 199
160 200
160 201
160 210
160 217
160 224
160 225
160 226
160 227
160 232
160 242
160 254
160 255
160 269
160 281
160 283
160 293
160 298
161 165
161 173
161 192
161 248
161 251
161 253
161 267
161 275
161 282
161 285
161 289
161 290
161 293
161 294
161 295
161 296
161 300
162 173
162 192
162 222
162 282
162 284
162 286
162 289
162 290
162 295
162 296
162 299
162 300
163 173
163 192
163 202
163 204
163 205
163 206
163 207
163 208
163 212
163 213
163 214
163 215
163 216
163 218
163 220
163 222
163 223
163 229
163 233
163 236
163 238
163 239
163 241
163 243
163 244
163 245
163 251
163 276
163 281
163 282
163 289
163 290
163 292
163 293
163 294
163 295
163 296
163 298
163 299
163 300
164 173
164 192
164 204
164 205
164 206
164 207
164 208
164 209
164 211
164 212
164 213
164 214
164 215
164 218
164 220
164 222
164 223
164 229
164 231
164 233
164 235
164 236
164 237
164 239
164 241
164 244
164 245
164 269
164 282
164 284
164 285
164 286
164 287
164 289
164 290
164 291
164 292
164 293
164 294
164 295
164 296
164 297
164 298
164 299
164 300
165 173
165 174
165 192
165 198
165 203
165 204
165 205
165 206
165 207
165 208
165 210
165 212
165 213
165 214
165 215
165 217
165 218
165 220
165 221
165 222
165 223
165 225
165 229
165 230
165 231
165 232
165 233
165 236
165 237
165 238
165 239
165 240
165 241
165 243
165 244
165 245
165 247
165 252
165 253
165 254
165 264
165 265
165 266
165 267
165 269
165 281
165 282
165 283
165 284
165 285
165 287
165 288
165 289
165 292
165 294
165 296
165 298
165 299
165 300
166 173
166 192
166 204
166 205
166 206
166 207
166 208
166 209
166 211
166 212
166 213
166 214
166 215
166 218
166 219
166 220
166 221
166 222
166 223
166 224
166 226
166 229
166 230
166 231
166 233
166 235
166 236
166 238
166 239
166 240
166 241
166 243
166 244
166 245
166 269
166 275
166 281
166 282
166 284
166 285
166 286
166 289
166 290
166 291
166 292
166 293
166 295
166 296
166 297
166 298
166 299
166 300
167 173
167 192
167 201
167 202
167 203
167 204
167 205
167 206
167 207
167 209
167 211
167 212
167 214
167 215
167 216
167 218
167 219
167 220
167 221
167 222
167 223
167 226
167 227
167 228
167 229
167 230
167 231
167 232
167 233
167 234
167 235
167 236
167 237
167 239
167 243
167 263
167 281
167 282
167 283
167 284
167 285
167 286
167 287
167 288
167 289
167 291
167 292
167 293
167 294
167 295
167 297
167 299
167 300
168 173
168 192
168 204
168 205
168 208
168 211
168 212
168 215
168 216
168 220
168 222
168 223
168 229
168 231
168 234
168 235
168 236
168 238
168 239
168 241
168 244
168 245
168 254
168 281
168 282
168 283
168 284
168 286
168 287
168 288
168 289
168 290
168 291
168 293
168 294
168 295
168 296
168 297
168 298
168 299
168 300
169 173
169 192
169 204
169 205
169 206
169 207
169 209
169 212
169 213
169 214
169 215
169 218
169 219
169 220
169 221
169 222
169 223
169 229
169 230
169 231
169 233
169 235
169 236
169 238
169 239
169 240
169 241
169 244
169 245
169 251
169 281
169 282
169 284
169 285
169 286
169 287
169 290
169 291
169 292
169 293
169 294
169 295
169 296
169 297
169 298
169 299
169 300
170 173
170 192
170 201
170 203
170 204
170 205
170 206
170 207
170 208
170 209
170 212
170 213
170 214
170 215
170 216
170 218
170 219
170 220
170 221
170 222
170 223
170 224
170 226
170 229
170 230
170 231
170 232
170 233
170 235
170 236
170 237
170 238
170 239
170 240
170 241
170 244
170 245
170 269
170 281
170 282
170 284
170 286
170 287
170 289
170 290
170 291
170 292
170 293
170 294
170 295
170 296
170 297
170 298
170 299
170 300
171 173
171 192
171 202
171 207
171 211
171 222
171 226
171 236
171 284
171 285
171 286
171 287
171 288
171 289
171 295
171 298
171 299
171 300
172 173
172 192
172 207
172 220
172 255
172 276
172 282
172 290
172 295
172 296
172 298
172 299
173 174
173 175
173 176
173 177
173 178
173 179
173 180
173 181
173 182
173 183
173 184
173 185
173 186
173 187
173 188
173 189
173 190
173 191
173 193
173 194
173 195
173 196
173 197
173 198
173 199
173 200
173 202
173 208
173 210
173 216
173 217
173 225
173 227
173 228
173 234
173 235
173 240
173 242
173 251
173 255
173 282
173 283
173 288
174 192
174 204
174 205
174 209
174 212
174 220
174 222
174 229
174 231
174 233
174 238
174 239
174 241
174 244
174 245
174 249
174 251
174 256
174 264
174 275
174 276
174 278
174 281
174 282
174 285
174 289
174 290
174 293
174 295
174 296
174 298
174 299
175 192
175 204
175 205
175 206
175 207
175 208
175 211
175 212
175 215
175 220
175 222
175 223
175 226
175 229
175 231
175 233
175 235
175 236
175 237
175 239
175 243
175 251
175 255
175 275
175 282
175 284
175 286
175 287
175 288
175 289
175 290
175 292
175 293
175 294
175 295
175 296
175 297
175 298
175 300
176 192
176 204
176 205
176 207
176 208
176 211
176 215
176 220
176 222
176 223
176 226
176 229
176 233
176 235
176 236
176 251
176 254
176 282
176 284
176 285
176 286
176 287
176 288
176 289
176 290
176 292
176 294
176 295
176 296
176 297
176 299
176 300
177 192
177 202
177 203
177 204
177 205
177 206
177 207
177 208
177 209
177 211
177 212
177 213
177 214
177 215
177 217
177 218
177 219
177 220
177 221
177 222
177 223
177 224
177 228
177 229
177 230
177 231
177 232
177 233
177 234
177 236
177 237
177 238
177 239
177 240
177 241
177 244
177 245
177 254
177 271
177 282
177 284
177 285
177 286
177 287
177 288
177 289
177 290
177 291
177 292
177 293
177 294
177 295
177 296
177 297
177 299
177 300
178 192
178 204
178 205
178 207
178 211
178 215
178 220
178 222
178 223
178 229
178 233
178 251
178 255
178 282
178 290
178 293
178 296
178 299
179 192
179 203
179 205
179 206
179 207
179 208
179 211
179 213
179 215
179 220
179 222
179 223
179 229
179 231
179 233
179 239
179 243
179 251
179 270
179 275
179 276
179 278
179 281
179 282
179 285
179 286
179 287
179 288
179 289
179 290
179 292
179 293
179 294
179 295
179 296
179 297
179 298
179 300
180 192
180 204
180 207
180 208
180 209
180 211
180 212
180 214
180 215
180 216
180 218
180 219
180 220
180 221
180 222
180 223
180 229
180 230
180 231
180 234
180 236
180 237
180 238
180 243
180 282
180 284
180 285
180 286
180 288
180 289
180 290
180 291
180 295
180 296
180 298
180 300
181 192
181 204
181 205
181 206
181 207
181 210
181 211
181 212
181 213
181 214
181 215
181 217
181 218
181 220
181 222
181 223
181 226
181 227
181 229
181 231
181 233
181 234
181 235
181 236
181 238
181 239
181 241
181 244
181 245
181 254
181 255
181 258
181 281
181 282
181 284
181 285
181 287
181 290
181 292
181 293
181 294
181 295
181 298
181 299
181 300
182 192
182 213
182 215
182 218
182 233
182 239
182 281
182 282
182 284
182 285
182 286
182 289
182 293
182 295
182 296
182 298
182 299
182 300
183 192
183 201
183 204
183 205
183 206
183 207
183 212
183 213
183 214
183 215
183 218
183 219
183 220
183 221
183 222
183 229
183 230
183 231
183 232
183 233
183 236
183 238
183 239
183 241
183 244
183 245
183 251
183 262
183 264
183 276
183 282
183 285
183 286
183 289
183 290
183 292
183 293
183 294
183 295
183 296
183 298
183 299
183 300
184 192
184 206
184 213
184 239
184 249
184 250
184 251
184 252
184 256
184 257
184 263
184 264
184 270
184 272
184 273
184 275
184 276
184 278
184 281
184 282
184 284
184 285
184 289
184 290
184 293
184 295
184 296
184 297
184 298
184 299
185 192
185 204
185 205
185 206
185 207
185 208
185 211
185 212
185 215
185 220
185 222
185 223
185 229
185 231
185 233
185 236
185 241
185 244
185 251
185 275
185 282
185 284
185 285
185 286
185 287
185 288
185 289
185 290
185 292
185 293
185 294
185 295
185 296
185 297
185 298
185 299
185 300
186 192
186 204
186 205
186 206
186 207
186 212
186 213
186 214
186 215
186 218
186 219
186 220
186 221
186 222
186 223
186 229
186 230
186 231
186 232
186 233
186 236
186 238
186 239
186 240
186 241
186 244
186 245
186 251
186 262
186 264
186 275
186 276
186 281
186 282
186 285
186 286
186 289
186 290
186 292
186 293
186 294
186 295
186 296
186 298
186 299
186 300
187 192
187 204
187 206
187 207
187 212
187 214
187 215
187 220
187 222
187 223
187 229
187 231
187 233
187 236
187 238
187 241
187 244
187 276
187 281
187 282
187 283
187 284
187 285
187 286
187 287
187 288
187 289
187 290
187 292
187 294
187 295
187 296
187 297
187 298
187 299
187 300
188 192
188 204
188 205
188 207
188 208
188 211
188 215
188 220
188 222
188 223
188 229
188 233
188 235
188 236
188 237
188 239
188 242
188 282
188 284
188 285
188 286
188 287
188 288
188 289
188 290
188 291
188 295
188 296
188 297
188 299
188 300
189 192
189 202
189 204
189 207
189 211
189 212
189 215
189 218
189 220
189 234
189 236
189 240
189 255
189 270
189 282
189 290
189 292
189 293
189 296
189 299
190 192
190 203
190 204
190 208
190 211
190 213
190 215
190 218
190 220
190 222
190 229
190 231
190 236
190 239
190 243
190 252
190 256
190 281
190 282
190 284
190 285
190 286
190 288
190 290
190 291
190 292
190 295
190 296
190 299
190 300
191 192
191 204
191 205
191 208
191 211
191 215
191 220
191 222
191 223
191 226
191 229
191 233
191 235
191 236
191 239
191 242
191 251
191 281
191 282
191 284
191 285
191 286
191 287
191 289
191 290
191 292
191 295
191 296
191 298
191 299
191 300
192 193
192 194
192 195
192 196
192 197
192 198
192 199
192 200
192 210
192 217
192 225
192 226
192 227
192 230
192 235
192 240
192 242
192 254
192 269
192 283
192 298
193 215
193 220
193 222
193 223
193 251
193 259
193 270
193 276
193 278
193 281
193 282
193 284
193 285
193 289
193 290
193 292
193 293
193 294
193 295
193 296
193 297
193 298
193 299
193 300
194 205
194 211
194 212
194 220
194 222
194 236
194 251
194 254
194 258
194 276
194 281
194 282
194 285
194 286
194 290
194 291
194 292
194 293
194 294
194 295
194 296
194 297
194 299
194 300
195 203
195 204
195 205
195 206
195 207
195 208
195 209
195 210
195 211
195 212
195 213
195 214
195 215
195 216
195 218
195 220
195 221
195 222
195 223
195 228
195 229
195 230
195 231
195 233
195 236
195 238
195 239
195 240
195 241
195 243
195 244
195 245
195 263
195 281
195 282
195 283
195 284
195 285
195 286
195 287
195 289
195 290
195 291
195 292
195 293
195 294
195 295
195 296
195 297
195 298
195 299
195 300
196 202
196 203
196 204
196 205
196 206
196 209
196 211
196 212
196 213
196 214
196 215
196 216
196 218
196 220
196 221
196 222
196 223
196 226
196 228
196 229
196 230
196 231
196 233
196 234
196 236
196 238
196 239
196 240
196 242
196 244
196 269
196 282
196 284
196 289
196 290
196 294
196 296
196 300
197 236
197 249
197 282
197 284
197 285
197 289
197 290
197 292
197 295
197 296
197 298
197 299
197 300
198 201
198 204
198 205
198 206
198 207
198 209
198 212
198 213
198 214
198 215
198 216
198 218
198 219
198 220
198 221
198 222
198 223
198 224
198 229
198 230
198 231
198 232
198 233
198 236
198 238
198 239
198 240
198 241
198 244
198 245
198 256
198 263
198 276
198 281
198 282
198 283
198 285
198 286
198 287
198 288
198 289
198 290
198 291
198 292
198 293
198 294
198 295
198 296
198 297
198 298
198 299
198 300
199 202
199 204
199 205
199 206
199 207
199 212
199 213
199 214
199 215
199 216
199 218
199 220
199 221
199 222
199 223
199 229
199 230
199 231
199 232
199 233
199 234
199 236
199 238
199 239
199 241
199 244
199 245
199 254
199 276
199 281
199 282
199 284
199 285
199 286
199 287
199 289
199 290
199 294
199 295
199 296
199 297
199 298
199 299
199 300
200 204
200 205
200 206
200 207
200 212
200 213
200 214
200 215
200 218
200 220
200 222
200 223
200 229
200 231
200 233
200 234
200 236
200 238
200 241
200 244
200 276
200 281
200 282
200 284
200 285
200 287
200 288
200 289
200 290
200 295
200 296
200 298
200 299
200 300
201 251
201 255
201 269
201 276
201 290
202 252
202 264
202 269
202 270
202 275
202 282
202 284
202 285
202 288
202 289
202 293
202 294
202 296
203 246
203 247
203 249
203 251
203 252
203 253
203 256
203 259
203 264
203 266
203 269
203 270
203 275
203 276
203 278
203 282
203 285
203 295
204 249
204 251
204 264
204 269
204 275
204 276
205 246
205 249
205 256
205 264
205 269
205 272
206 246
206 264
206 269
206 275
206 276
207 246
207 249
207 256
207 264
207 269
207 293
208 263
208 269
208 276
208 278
209 259
209 270
209 276
210 275
210 276
210 282
210 284
210 289
210 290
210 292
210 293
210 295
210 296
211 264
211 269
211 275
211 276
211 277
211 280
211 282
211 284
211 289
211 290
211 292
211 293
211 294
211 295
211 296
212 269
212 275
212 280
213 246
213 251
213 264
213 268
213 269
213 293
213 296
214 269
214 275
215 246
215 255
215 262
215 264
215 265
215 268
215 269
215 272
215 275
215 280
215 296
216 282
216 289
216 290
216 293
216 294
216 296
217 251
217 255
217 266
217 275
217 276
217 282
217 284
217 289
217 290
217 293
217 294
217 295
217 296
218 269
218 285
218 290
219 251
219 270
219 272
219 275
219 276
219 278
220 225
220 246
220 249
220 250
220 252
220 255
220 256
220 258
220 263
220 264
220 265
220 269
220 272
220 273
220 275
220 277
220 280
220 293
221 251
221 255
221 272
221 275
221 278
222 246
222 247
222 249
222 250
222 257
222 264
222 269
222 272
222 277
223 246
223 249
223 252
223 253
223 256
223 264
223 269
223 272
223 275
223 276
223 295
224 249
224 264
224 269
224 270
224 272
224 275
224 278
224 290
225 246
225 248
225 251
225 256
225 264
225 275
225 276
225 282
225 285
225 290
225 295
225 296
225 298
226 253
226 266
226 267
226 282
226 284
226 289
226 290
226 292
226 293
226 294
226 295
226 296
227 282
227 295
227 298
228 247
228 250
228 251
228 269
228 275
228 276
228 285
228 295
229 269
229 275
229 276
230 251
230 264
230 269
230 275
231 249
231 269
231 272
232 246
232 251
232 253
232 259
232 263
232 264
232 268
232 269
232 270
232 275
232 278
233 256
233 264
233 269
233 272
233 275
233 276
233 293
234 269
234 275
234 282
234 284
234 289
234 293
234 294
234 296
235 246
235 247
235 249
235 250
235 252
235 253
235 256
235 258
235 264
235 266
235 275
235 276
235 282
235 285
235 289
235 293
235 295
235 296
235 300
236 269
237 246
237 249
237 256
237 258
237 259
237 263
237 264
237 269
237 270
237 274
237 275
237 278
237 282
237 289
237 293
238 269
238 275
239 246
239 253
239 262
239 268
239 269
239 272
239 273
239 285
240 269
240 282
240 289
240 296
241 246
241 251
241 255
241 264
241 265
241 269
241 272
241 273
241 275
241 280
242 253
242 266
242 276
242 281
242 282
242 284
242 285
242 289
242 290
242 293
242 295
242 296
242 298
243 248
243 251
243 256
243 259
243 263
243 264
243 269
243 274
243 275
243 276
243 280
243 290
244 246
244 255
244 265
244 269
244 272
244 273
244 275
244 280
244 296
245 269
245 275
246 247
246 248
246 249
246 250
246 251
246 252
246 253
246 254
246 255
246 256
246 257
246 258
246 259
246 260
246 261
246 262
246 263
246 264
246 265
246 266
246 267
246 268
246 269
246 270
246 271
246 272
246 273
246 274
246 275
246 276
246 277
246 278
246 279
246 280
246 295
247 255
247 261
247 262
247 266
247 269
248 255
248 261
248 262
248 266
248 269
249 255
249 261
249 262
249 266
249 269
249 295
250 255
250 261
250 262
250 266
250 269
251 255
251 261
251 262
251 266
251 269
252 255
252 261
252 262
252 266
252 269
252 288
253 255
253 261
253 262
253 266
253 269
254 255
254 256
254 261
254 262
254 266
254 269
254 284
254 288
254 293
254 295
255 256
255 257
255 258
255 259
255 260
255 263
255 264
255 265
255 267
255 268
255 269
255 270
255 271
255 272
255 273
255 274
255 275
255 276
255 277
255 278
255 279
255 280
255 290
256 261
256 262
256 266
256 269
257 261
257 262
257 266
257 269
258 261
258 262
258 266
258 269
258 290
258 292
258 295
258 299
259 261
259 262
259 266
259 269
260 261
260 262
260 266
260 269
261 263
261 264
261 265
261 267
261 268
261 269
261 270
261 271
261 272
261 273
261 274
261 275
261 276
261 277
261 278
261 279
261 280
262 263
262 264
262 265
262 268
262 269
262 270
262 271
262 272
262 273
262 274
262 275
262 276
262 277
262 278
262 279
262 280
263 266
263 269
263 287
263 288
263 293
264 266
264 269
264 288
265 266
265 269
266 267
266 268
266 269
266 270
266 271
266 272
266 273
266 274
266 275
266 276
266 277
266 278
266 279
266 280
267 269
267 288
268 269
269 270
269 271
269 272
269 273
269 274
269 275
269 276
269 277
269 278
269 279
269 280
269 282
269 295
271 290
275 295
281 284
283 284
283 290
283 298
284 285
284 295
287 290
288 290
288 295
