011111011111011011111111111000000100000100000000000000010000000000000000010000000000011100000100001101000100010000100000000100000001000000000000000000000000000000000001010000000000010001001000010001001001000001001000000000100000000111000100110100010100000000001000001010000101100000000000011101101101
001111111111011111111111111000000000000000000010000001000010010010000000010100000001001000101000000001000001000001000010000000011010101011011000010100001000110010000101110101100000100011001100110011000001110011001110000000101011000010010100000100000010000000001000001110010001010000100000000111110011
000111111111011111111111111000001010000000001000000000000010100000010001010100111100011000000010101111000101010000000011000000000000000000000000000000000000100010000000000000000000000001001000010000001001000100101000000000100010000000000000000110000100000000000000001000000100100000010000000101110101
000011111111111111110111011000000000000000000000000000000000000000000000000101000000100011100000000011001100001101000000100000100111010000000000101000001000000110000000100000101001000100010000101001000000000000000100000010000000001000000000000001001100000100010000000000001000000000100101011111110000
000001111111111111111111111000000100000000000001000001000010100010100000010001000000100010000000000000000000000000000000111001000100010000000000001000001000000000000000010000100001000111010000100001000000000010000100000010000010001000000000000000001100000100010000000010001000000000100000010111100001
000000111111111111111111111000000000000000000000000000000000000010000000010000000000001000000010001111000000000000100000000000000000000000000000000100000000000000000000000000000000010001001000010000001001000101001000000000100000000000000000000100000100000000000000001000000000100000011100000111110000
000000011111111111111111111001000110000100010000101011011010110000010000010101011101011000101010101101111101000001101011010000000000000000000000000000000000000000110101010110011000110011011111011111111011111111111111000011101011110111111100111111110110111101001101001010010101111101111100110010000000
000000001111111111111111111000000000000000010000100000010000000010000000010111111101011100101110101111010111110011111111000000000000000000000000000000000000000000010101010111100000111011011011010111111111100111011111000011110001001011101100101110010010111101001110001100100001101100101110111101010000
000000000111111111111111111000000000000000000000000000000010100000000001000100000000001000000000001100010000000000100000000100000000000000000000000000000000000000000001010010010000010011011011110101011011000111101111000001100011000110000100101110111100111000101000001110000101100100011100010010010000
000000000011111111111111111000000000000000000000000001010000000010000001010000000001001000100000000101000000000010000010000000000010000000000000000000000000000000000000010000000000110011001000010100001001000101101000000000101010000110000100100110010100100000001000001110010101100000011100011111010000
000000000001111111111111111000000000000000000000000001000010110000010000010101000011011000100000011001000000000010100110000000000000000000000000000000000000000000111111110111111100111011111111111111111111111111111111011011111111111110111100111111111010111111101111111111110101111111111101110000000000
000000000000111111111111111100000110000000000000000011001110101000010001010100000100001000000000001000000000000000100010100000011010101010000000011100001100000010101101010110100000010011011101110100011011000111101111001010100010000110000100110110010100101000001000001110010101100000110100010000000000
000000000000010110011111010000000000000000000001000000000000000000000000000101000011111111001100010111001110011100100010100000000000000000000000101000000000000000000101011110111111110111011011101101111111001101111111011011110111101000101000111111111110111111111110110101101101101100100101110000000100
000000000000001111111111111000000000000000000000000000010000000001010000010001000000000000000000000000000000000000000000000000000000000000000000000000001000000000000000000000000000000000000000000001010000000000100000000000000000000001000100000000000000100000000000001000000000000000001000000000100000
000000000000000111111111111000001100101000000011000101010010111010110101011100000001001000001000000000000000000011000010010000000111000000000000000001001001001100010000010100000100101011001100000111100100110110000111000001011011000000011100000110001010100110000100001010000000000010101000001111111010
000000000000000011111111111000000000000000000000000001000000000000000000001101000001001010000010001100001000000001110010000000000001000000000000000000001000000100000101111111110100111011011111100111111111110111111111100011111111001001101110101110111010111111101110110101010101101110101111111101111000
000000000000000001111011111111111111111111011010100111111111111011111100110100000000000000010000001001100000000000000000011101000110010000010100000000001010000010001100100010000000000011001100000100010000000000100101000000101001000000100000000100010000001000000010001010010000000000100000000101111110
000000000000000000111111111000000100100000000010100001011010111010110001011100000001101000000000000000000000000000100010011100011111101011011010011100001000001110000000110101100000010011001110100111100100110011000111000000101011000011010100010110011010100100010000000110010011100100101000001011111010
000000000000000000011111111000000000000000000000000000000000000010000000000000000000001000000100001101000000000000100000000000000000000000000000000000000000000000000000000000000000000001001000010000001000000101000000000000100000000000000000000100000000000000000000001000000000100000001100001111110000
000000000000000000001111111010000101000110110010000001011110111001010001010101000000001000001000000000010000000000000010010000000010000000000000000000000000000000000100000010000100000001001001000101010000000000100101000011100000001000000100000110010000101001100100000000000000100000101000001011010000
000000000000000000000111111000000000000000001000000000010000000000000000000000000001001000000000001100000000000000100000000000000000000000000000000000100000100000000100000000000000100001001000110101011011000100101001001001100001000000000100001110110100110000000000001110010100110000011100001001010000
000000000000000000000011111000000000000000000000000000000000000000000000000001000000101011000000000010001110001100100000100000000000010000000000001000000000000000000000000000101010000001011000111000000001000001001000000010100000001000000000000101101100000100011000001000001000000000001101010010000000
000000000000000000000001111000000010000000000000000011010010100000000001010001000000001000000000000000000000000000000000000000000000000000000000000000001000000000000100010010000000010011011001010101011011000001101101001010100000010011000100100110010000101000001000000010010101100000101000010000000000
000000000000000000000000111000000000000000000001000000000000000000100000010101000000101011000000001110001110001100100000100100000000000000000000001100001000000000000100010010101011010111011001101100011000001001100101000010100000101010000100000111111100100100011000001010001101100000100101011010000100
000000000000000000000000011100000100100000001000100000010110100010011100010000001000001000000010000111000000000000101000100000000010000000010000000000000010000010000000010000000000010011001001010101010001000001101000000000100000000010000100100110000100100000001000001010010101110001011100001111111000
000000000000000000000000001000000000000000000000000000000000000000000000000111010101111111100110111111111111111111101111100000000000000000000000001000000000000000000000010110101011010111011011101001011011001010000001000010100000101000000000100101111100010100011000000000001001000000001101010010000100
000000000000000000000000000000000100000100000000000000000000000000000000010000010000001100000010001101000000000000101000000100000000000000000000000000000000000010000001010000000000010011001000010100001001000101001000000000100000000110000100100110010100100000001000001010000101100000001000011111110100
000000000000000000000000000011111111111111111111111111111111111111111111111000000000000000000000000000100000000000010000011101011111011111111111111101110011110101000000000000000000000001001000000000000000000000000000000000000000000000000000000100000000000000000000000010000000000000000000000000101011
000000000000000000000000000001111111111111111111111111111111111111111111111000000100000000000000000000000000000001010000011101011100011111111111111101110011110101000000000000000000000001000000000000000000000000000000000000000000000000000000000000000000000000000000000010000000000000000000000000000000
000000000000000000000000000000111111111111111111111111111111111111111111111110011110000010000100001001110000000011110000011101001000011111011111100101110010110101000000000000000000000000000000000000000000000000000000000000000000000000000000000000000000000000000000000000000000000000000000000000000000
000000000000000000000000000000011111111111111111111111111111111111111111111000000000000000000000000000000000000000010000001101010000011000010001000001100001010001000000000000000000000000000000000000000000000000000000000000000000000000000000000000000000000000000000000000000000000000000000000000010000
000000000000000000000000000000001111111111111111111111111111111111111111111000000000000000100010000000100000000000001000001111011001011111111111000110110010110110000000000000000000000000000000000000000000000000000000000000000000000000000000000000000000000000000000000000000000000000000000000000000000
000000000000000000000000000000000001111111111110111111111111111111111111111000000110000000000000000000000000000001011010001111011100011111111111111111100011111101000000000000000000000001000000000000000000000110100000100001000000000000000001000000000000000000000000000010000000000000000000000000000010
000000000000000000000000000000000011111111111101101101111111111011111111111000011110001000000010000101110100000001111011011111011011011111111111111111110111110101000000000000000000000001001000010000000001000000001000000000100000000000000000000100000100000000000000001010000000000000000000000000000000
000000000000000000000000000000000001001111111111101111101111111011111111110000100000000001000000000000000000100001010000001101011001011111111111111111110011111111000000000000000000000001000000000100000010000000000001000000000000000000100000000000000000000000000000000000010000000000000000000000110000
000000000000000000000000000000000000111111111111111111111111111111111111111000000000100010000000000000000000000000010000011101011010011111011111111101100011110101000000000000000000000000000000000000000000000000000000000000000000000000000000000000000000000000000000000000000000000000000000000000000000
000000000000000000000000000000000000011111111111111111111111111111111111111100000001100001001000000000001001101101011000011101011101011111111111011111100111111101000000000000000000000000000000000000000000000000100000000001000000000000000000000000000000000000000000000000000000000000000000000000000000
000000000000000000000000000000000000001111111111111111111111111111111111111000000001000000001000000000101001000000011000011111011101001111011111111101100011111101000000000000000000000000000000000000000000000010100000100001000000000000000001000000000000000000000000000000000000000000000000000000000000
000000000000000000000000000000000000000111111111111111111111111111111111111000000000000000000000000001100000000000000001010000000100000000000000000000000001000000000000000000000000000000000000000000000000000000000000000000000000000000000000000000000000000000000000000010000000000000000000000000100000
000000000000000000000000000000000000000011111111111111111111111111111111111000011110000000000100000001100000000001010000011111011011011011011111011101110010110100000000000000000000000000000000000100000000000000100100100000000000000000000100000000000000000000000000000000000000010000100000000001000100
000000000000000000000000000000000000000001111111111111111111111111111111111000000000100010000000000000000000000000010000011101101001010000111111000011110011011101000000000000000000000000000000000000000000000000100000000000000000000000000000000000000000000000000000000000010000000000000000000000000000
000000000000000000000000000000000000000000111111111111111111111111111111111000000000000000000000000000000000000000010000001100000001011010010110010101110001100100000000000000000000000000000000000000000000000000000000000000000000000000000000000000000000000000000000000000010000000000000000000000000000
000000000000000000000000000000000000000000011111111111111111111111111111111000001010000000000000000000000000000001011000001111011001011111111111111111100011110101000000000000000000000000000000000000000000000000100000000000000000000000000000000000000000000000000000000000010000000000000000000000000010
000000000000000000000000000000000000000000001111111110111111111111111111111000011110000000000000000001100100000011110000011001000001011011111111011100110011011100000000000000000000000000000000000000000000000000100001100000000000000000000000000000010000000000000000000000000000000000000000000000000000
000000000000000000000000000000000000000000000111101111111111111111111111110100001100000000000110001001100000000001111001011101011000011111011111111101110011110101000000000000000000000000000000000000000000000000100000000000000000000000000000000000000000000000000000000000000000000000000000001000000000
000000000000000000000000000000000000000000000011111111111111111111111111111000000000000000000000000000000000000000010000001101111001011111111110101101110111011000000000000000000000000000000000000000000000000000000000000000000000000000000000000000000000000000000000000000000000000000000000000010000000
000000000000000000000000000000000000000000000001111111111111111111111111111000000000000000000000000000100000000000000000010000000110000000000000000000000001000000000000000000000000100001000000000000000000000000000100000000001000000000100000000000000000000000000000000010010000000000100000000110001011
000000000000000000000000000000000000000000000000111100101111011111111111111001100010000011000000000010100010000101000000011111111101111111101111010011110011001101000000000000100001000000000000000000000000000000000000000000000000100000000000000000101000000100010000000000001000000000100000000000000000
000000000000000000000000000000000000000000000000011111111111111111111111111000011100001000000010000000100000010001000000011111111000011111011111011101110011100101000000000000000000000000000000000000000000000000000000000000000000000000000000000000000000000000000000000010000000000000000000000000100000
000000000000000000000000000000000000000000000000001111111101110111111111111000000100000000000000000000000000001100011000101111111001011111111111111111110011111101000000000000000000000000000000000000000000000000100000100001000000000000000001000000000000000000000000000000000000000000000000000000000000
000000000000000000000000000000000000000000000000000111111111111111111111111000011110000000100000000000100000000011110000011001010001011011011101000101110000110101000000000000000000000000001000000000000000000000000000000000000000000000000000000000000000000000000000000000000000000000000000000000000000
000000000000000000000000000000000000000000000000000011111111111111111111111000000100000000000000000000100000000000000000011000000100000000001000000000000000000010000000000000000000000000000000000000000000000000000000000000000000000000000000000000000000000000000000000010000000000000000000000000000010
000000000000000000000000000000000000000000000000000001111111111111111111111000000000000000000000000000000000000000000000000000000000000000000000000000000000000000000000000000000000000000000000000000000000000000000000000000000000000000100000000000000000000000000000000000010000000000000000000000000001
000000000000000000000000000000000000000000000000000000111111111111111111111000000000000000000000000000000000000000000010000000000010000000000000000000100100000000000000000000000000000001000000000000000000000000000000000000000000000000000000000000000000000000000100000000010000000000000000000000010000
000000000000000000000000000000000000000000000000000000011111111111111111111000110000000001000000000000000000100001011000001111111001011011111110010011110011110101000000000000000000000000000000000000000000000000000000000000000000000000000000000000000000000000000000000000010000000000000000000000000000
000000000000000000000000000000000000000000000000000000001111111111111111111000001101000000000110000100100000000000101010010100000110000000000000000000100010000000000001000000000000000001001000000000000001000000001000000000100001000000000000000100000000000000000000001010010000100000100000001000110000
000000000000000000000000000000000000000000000000000000000111111111111111111000000000000000000000000000000000000000000000010000000100000000000000000000000001000010000000000000000000000000000000000000000000000000000000000000000000000000100000000000000000000000000000000000010000000000000000000000000001
000000000000000000000000000000000000000000000000000000000011111111111111111000000000000000000000000000000000000000000000010000000110000010000000000000000000001000000100000000000001000001000000000000000000001000000000000000000000000000100000000000000000100000000000000000010000000000000000000000100000
000000000000000000000000000000000000000000000000000000000001111111111111111100000010000000000000000001100000000001010000111111111110011111111111111111110011110111010000000000000000010001001000010100000001000001001001000001100000000010100000000100010000000000001000000010010001000000000000000000100010
000000000000000000000000000000000000000000000000000000000000111111111111111000000000000000000000000000000000000000010000101101011000011111011111111110110011100101000000000000000000000000000000000000000000000000100000100000000000000000000000000000000000000000000000000010000000000000000000000000000000
000000000000000000000000000000000000000000000000000000000000011111111111111000000000000000001000000000000000000000010000011111011001001111011111011111100010111101000000000000000000000001001000000000000000000000100000000001000000000000000000000000000000000000000000000010010000000000000000000000000000
000000000000000000000000000000000000000000000000000000000000001111111111111100001100000000100100000000100000000000000000111000000100010000001000000001100001001010000000000000000000000000000000000000000000000000000000000000000000000000100000000000000000000000000000000000010000000000100000000010001011
000000000000000000000000000000000000000000000000000000000000000111111111111100001100000000000010000000100100000001010000011111011110011111111111111111110011110111000000000000000000000000000000000000000000000000000000000000000000000000000000000000000000000000000000000010010000000000000000000000100000
000000000000000000000000000000000000000000000000000000000000000011111111111000000101000000000000010000000001000000000000001010000000011011001110000111100000101100000000000000000000000000000000000000000000000110000000000001000000100000000001000000100000000000000000000000000000000000000101000000000000
000000000000000000000000000000000000000000000000000000000000000001111111111000000000001000100000000000000000000001000000101111111110001111111111111111110011110101000000000000000000000000000000000000000000000000000000000000000000000000000000000000000000000000000000000000000000000000000000000101101011
000000000000000000000000000000000000000000000000000000000000000000111111111000000000000000000000000000100000000000010000011001001100011111011111111111110010110100000000000000000000000000000000000000000000000000000000000000000000000000000000000000000000000000000000000000000000000000000000000000000000
000000000000000000000000000000000000000000000000000000000000000000011111111000000000000000000000000000000000000001000000011110111101011111111111111111110001110101000000000000000000000000000000000000000000000010000000000000000000000000000000000000000000000000010000000000000000000000000000000000000000
000000000000000000000000000000000000000000000000000000000000000000001111111100101000000000010010000100100101100011101000010000000100000000000000000000010001000010000000000000000000000001000000000000000000000000000000000000000000000000000000000000000000000000000000001010000000000000000000000000000000
000000000000000000000000000000000000000000000000000000000000000000000111111000000000000000000000000000000100000000010000011111011011001111011111111101110011010100000000000000000000000001000000000000000000000000100000000000000000000000000000000000000000000000000000000010000000000000000000000000000000
000000000000000000000000000000000000000000000000000000000000000000000011111000000100000000100000000001100000000001100001011111111100011111111111111111111011110101000000000000000000000000000000000000000000000000100000000000000000000000000000000000000000000000000000000000000000000000000000000000000010
000000000000000000000000000000000000000000000000000000000000000000000001111000000000000011000000000000000000000100011000001101110001011111111111111101110110011101000000000000000001000000000000000000000000000000000000100000000000000000000000000000000000000100010000000000000000000000000000000000000000
000000000000000000000000000000000000000000000000000000000000000000000000111000000000000000000000000000000000000000011000011101010000011111011111011111010010110101000000000000000000000000000000000000000000000000000000000000000000000000000000000000000000000000000000000000010000000000000000000000000000
000000000000000000000000000000000000000000000000000000000000000000000000011000001010000001001001000001100100000111111010011101010001000111011101001101110001010101000000000010000000000000011001000000010010000000000001000011100000001000000000000100010000100000000000000000000000000000000000000000000010
000000000000000000000000000000000000000000000000000000000000000000000000001000010100001000000000101001000000000000100001110101000110000011010001010000001000000110000100000000000000000001000000000000000000000000000000000000000000000000000000000000000000100000000000000000010000000000000000001000110011
000000000000000000000000000000000000000000000000000000000000000000000000000010010110000000100000000001000000000010110000110000000101000000000000000000000000001000000000000000000000000000000000000000000000000000000000000000000000000000000000000000000000000000000000000000000000000000000000000000000010
000000000000000000000000000000000000000000000000000000000000000000000000000011111111011111111111111111110111111111111111011000100110111001000000010010001000100110100101011111110101011011111111100101111111110001010111010110111111011010110101101110111011010111111100111111101110001110100011101000000011
000000000000000000000000000000000000000000000000000000000000000000000000000001111111110111111111111111111111111111111111000010010001100000000000010100000000000000000000000001000000000000001000000000000000000010100001100001100000000000001001000100010000000000000000000000000001000000000000010000000000
000000000000000000000000000000000000000000000000000000000000000000000000000000111111111111111111111011111111111111011111000000000001110000100000101100000000000100000000000000101010000100010000101000000000001000100000100011000000100000000000000001101100000100010110000000001000000000000101010011000100
000000000000000000000000000000000000000000000000000000000000000000000000000000011111111111111111111111111111111111111111010001001101100001000010000101001000100101000000010001000000001010100100000000100100110000100000110100010000000000010001000000010011000000000110001010000010001110000000001000001011
000000000000000000000000000000000000000000000000000000000000000000000000000000001111111111111111111111111111111111111111010000000111101010010100000000000000101100000000000001000000000010001001000000000000000000100001100000100000000000001001000100010000000000000000000000000001000000000000011000000000
000000000000000000000000000000000000000000000000000000000000000000000000000000000111111111111111111111111111111111111111010000000111100001010000000000100001011100000000000101000000000010000000000000000000000000100000000100001000000000000000000000000000000000000100000000000000000000000000000000000000
000000000000000000000000000000000000000000000000000000000000000000000000000000000011111111110111111111111111111111111111110000000111011110011000000001100101110110100000000110000000100010011001000001010010000011000001001011100001001010001001100100010000010000001100000000000001000100001000011000000001
000000000000000000000000000000000000000000000000000000000000000000000000000000000001111111111111111111111111111111111111000000000111100000000100010101000101010100000000000001000100000000001000000100000010000010100001100001010100000000000001000000010000000001000110100001100000000000000001000000000000
000000000000000000000000000000000000000000000000000000000000000000000000000000000000111111111111111111111111111111111111000100000010101000010000000100100101000110000000000111000100100010010001000000011000000010100001101000011001000000001011000000010000000101000100010001000001010010000001001000110011
000000000000000000000000000000000000000000000000000000000000000000000000000000000000010111111111111011111111111111110101100000000100100000000100100001001000001000100000000000001000000101011000001000000000000000000100000010100000001000000000000101001000000100010000000000000000010000100000010000000000
000000000000000000000000000000000000000000000000000000000000000000000000000000000000000111111111111111111011111111111111000000000001100000000000000000000000001000000000000011000000000000011001000000010010000010000001100000000000000000000001100100010000000000001000000000000000000000000000001000000000
000000000000000000000000000000000000000000000000000000000000000000000000000000000000000111101111111111110111111011111111000000000010000000000000000000000100000100010100000111000100110011011011010101111011000111011001001011111101000000101000000111111110010111101110111001110111100100010001111000000000
000000000000000000000000000000000000000000000000000000000000000000000000000000000000000011111111111111111111111111111111000000000100100000000000000100000000000100000000000001000100000000001000000000001000000000100000000001000100000001000000010100000000000001100110100001000000000000000001001101000000
000000000000000000000000000000000000000000000000000000000000000000000000000000000000000001111111111111111111111111011111110100001111101101000010111010001001100110000000100001101111000001011000101010000100001010100110100011101000100000000011000101101100000100010100000000001001010000100101011000000001
000000000000000000000000000000000000000000000000000000000000000000000000000000000000000000111111111111111111111111111111000000000001100000001100010101000000001100000000000001101011000100011000101000000000001000100001100010100000101000000000000101111100000100010010000000101000000000000101010010000100
000000000000000000000000000000000000000000000000000000000000000000000000000000000000000000011111111111111111111111111111011000000111011000001100000001001100100100111100000010000110001001011001000110010000000000010101001000001100000010000010000000010010000001101110101010110011010010100001101000010011
000000000000000000000000000000000000000000000000000000000000000000000000000000000000000000001111111111111111111111011111010000000000100000000000000000000000000101000000000001000100000010000000000000000000000010100000100001000000000000000000000000000000000010000100000000000000000010000000000000000000
000000000000000000000000000000000000000000000000000000000000000000000000000000000000000000000111111111111111111111011111000000000101101000000000000000000100001100000000000001000000100001001000000100000000000000100000000000101000000000100100001100010010000000100010000000110001010000000000011000000011
000000000000000000000000000000000000000000000000000000000000000000000000000000000000000000000011111111111111111111011111010000000100100000000000000100100000000100000000000001000000000010000000000000000000000000000000100000000100000001000000010000010000000001100100100000000000000000000000001000000000
000000000000000000000000000000000000000000000000000000000000000000000000000000000000000000000000111111111111111011111111010000000100100000000000000000100000000100000000000111000100000011001000000000010100000010100001100000101001000000000011000100010000000100000100011010000001000000000000011000000000
000000000000000000000000000000000000000000000000000000000000000000000000000000000000000000000000111111111111111111111111000000000101100000000000010100000000000110100000000001000000000000001000000000000000000000100000100001100000000000001000000100000000000000000010000000000000000000000000000000000000
000000000000000000000000000000000000000000000000000000000000000000000000000000000000000000000000011111111111111111111111010010000111100000000000000000000000000100000100000001000000000000000000000100000000000000110001100000000000000000000000000000010010000000000110000000100000000000000000101000000000
000000000000000000000000000000000000000000000000000000000000000000000000000000000000000000000000001111111111111111111111000000000100100000000000000100000100000000010000000001000100000000000000000100000010000010000101100001110100000000100001000100010000000001100100100001100001000000000001100000010000
000000000000000000000000000000000000000000000000000000000000000000000000000000000000000000000000000111111111111111111111011101011111111011100010011111011100100110100001110111000100100011011001010010011111000010001101000010100010000000001011001100010000000000000100010000000001011000110000011000000001
000000000000000000000000000000000000000000000000000000000000000000000000000000000000000000000000000011111111111111111111000000000000000000010000000000100100000100000000000000000000000010001000000100000000000000000101000000000000000000100000000100010000000000100110001000100001000000000000011000000000
000000000000000000000000000000000000000000000000000000000000000000000000000000000000000000000000000001111111111111111111110000000001100000000000000000000000000000000000000001000000000000010000100000000000000000000000100010000000001000000000000000000000000100000000000000000000000000000000011000000100
000000000000000000000000000000000000000000000000000000000000000000000000000000000000000000000000000000111111111111111111010000000111001011010000000000100101101110111100110000000000010011001100011110001001110001001100000000100000010110010100110100010000001000001001001010000001000001101000001000000100
000000000000000000000000000000000000000000000000000000000000000000000000000000000000000000000000000000011111111111011111010001000110100001000010010100001000000100000000001101010100001010000010000000100100000000100000100001011000000000000001001000001010000110000100000000000010000110000001001000010000
000000000000000000000000000000000000000000000000000000000000000000000000000000000000000000000000000000001111111111111111010000000001100000000000000000000000000100000000000001000100000010001000000100010000000000110001100000100000000000000000000100010010000000000110000000000001000000000000111000000000
000000000000000000000000000000000000000000000000000000000000000000000000000000000000000000000000000000000111111111111111110000000001100000000000000000001000001000000000000001100000100100011000100000000000000000000101000011100000001000000000001100110100000100000000000000000001010000100100011000000110
000000000000000000000000000000000000000000000000000000000000000000000000000000000000000000000000000000000011111111111011110000000111010011110000101000100101011100000000000010101011000111011000101000010010001000000001000011100000101000001001000101111100000100110110000000001001000000000101011000000000
000000000000000000000000000000000000000000000000000000000000000000000000000000000000000000000000000000000001111111111111000000100000100000000000000000000000001100000000000001101011000100010000101000000000001010000001100010000000101000000001000001111100000100010110000000001000000000000101011010000100
000000000000000000000000000000000000000000000000000000000000000000000000000000000000000000000000000000000000111111111111010000001011100000010000010001011100000100000000000001000000000001000000000000000100000010110001100001001000000000000001001000010000000000000110000000100001010000100000001000000010
000000000000000000000000000000000000000000000000000000000000000000000000000000000000000000000000000000000000011111111111010000000011100010000000000100000000000100000100000001000000000000001001000100000000000000110001100001100000000000101000000100010000000000000110000000100001000000000000110000000000
000000000000000000000000000000000000000000000000000000000000000000000000000000000000000000000000000000000000001111111111010000000110100000010000000000100101000100000000000011000100000000001000000000010000000000100001100001100000000000001000000100010000000000100100000000000001000010000000011000000000
000000000000000000000000000000000000000000000000000000000000000000000000000000000000000000000000000000000000000111111111110010010001110000100000101000010010000101000000000000101011000100010000101000000000001000000000000011000000101000000000000001111100000101110100100000001000000000000101010000000100
000000000000000000000000000000000000000000000000000000000000000000000000000000000000000000000000000000000000000011111111110000000001100000000000001100000000000000000000000001000000000000010000000000000000000010000000100011000000101000000001000000100000000000000000000000000000000000000001010000000100
000000000000000000000000000000000000000000000000000000000000000000000000000000000000000000000000000000000000000001111111010000001011000011010010000000100100011100111100000000000100000010000001000100111000000100010001001001001100000000101000000100010010000001100110101010100000010000000011111000010110
000000000000000000000000000000000000000000000000000000000000000000000000000000000000000000000000000000000000000000111111011111111101111010101111101111111111110101000000100100000100000000000000000010000100000010100100100001000000000000000011000000000000000000000000010000000000010000100000001000000010
000000000000000000000000000000000000000000000000000000000000000000000000000000000000000000000000000000000000000000011111110000000111001010010000000100100100100100000000010110000000100011011011010001011011000011001001001011100001001010001100000100010100010100001110001000000001001100010000011000000110
000000000000000000000000000000000000000000000000000000000000000000000000000000000000000000000000000000000000000000001111001111011111011111011111111111110111111101100000000001000000000000000000000000000000000010100000100001000000000000000001000000000000000000000000000000000001000000000000000000110011
000000000000000000000000000000000000000000000000000000000000000000000000000000000000000000000000000000000000000000000111011111011001101110001101011111010001110101000100000110000000000010000001000100100000000010110001100001001001000000000001000000010010000000000110001000100010000000000000101000000000
000000000000000000000000000000000000000000000000000000000000000000000000000000000000000000000000000000000000000000000011000010010001100010000000010100000000001101000000000001000000000010001000000000000000000010100001100001100000000000000101000100010000000000000100000000000001010000000000010000000010
000000000000000000000000000000000000000000000000000000000000000000000000000000000000000000000000000000000000000000000001010000000111000001000000000000100101001100111100101010010110101011011111100110111111000111111111010011111111111011111000011111111010011011101110111101110111100110110101111000010010
000000000000000000000000000000000000000000000000000000000000000000000000000000000000000000000000000000000000000000000000010000000111100000000000000000000000000100000100000001000000000000000000000100000000000000110001100000000000000000101000000000010010000000000110000000100000000000000000101000000000
000000000000000000000000000000000000000000000000000000000000000000000000000000000000000000000000000000000000000000000000011111111110111111111011111111111111111111000000000000101000000111011000111000000000000000000000000010100000000000000000000101001100000100010000000010001000000000000001010010000001
000000000000000000000000000000000000000000000000000000000000000000000000000000000000000000000000000000000000000000000000001111111111111111111111111111111111111111000010010000000000000011000000010100100101100000001100000000001000000110110100000000001011000000010001001110000110000000100000000111101011
000000000000000000000000000000000000000000000000000000000000000000000000000000000000000000000000000000000000000000000000000111111110111111111111111111111111111111000000000000000000000010000000000000100100000010100000100001000010000000010000000000000000000100000000000000000000000000000000000101011011
000000000000000000000000000000000000000000000000000000000000000000000000000000000000000000000000000000000000000000000000000011111111111111111111111111111111111111000000000001000001100011000100010001100000000000100000100001010010000000010100000000000010100000000000001010000001000000000000001000000011
000000000000000000000000000000000000000000000000000000000000000000000000000000000000000000000000000000000000000000000000000001111111111111111111111111111011111111000001000000000000000000000100000100100000010010100000100001000000000000010101000000000010000000000001000010000000000000000000001100000000
000000000000000000000000000000000000000000000000000000000000000000000000000000000000000000000000000000000000000000000000000000111111111111111111111111111111111111000000000001000001000110000100000000100000000010000000100001010010000000010101000000000000000000000000001010000001000000000000001000000001
000000000000000000000000000000000000000000000000000000000000000000000000000000000000000000000000000000000000000000000000000000011110111111111111111111111111111111000000000001111001000100010000101000000000000010000000000010000000000000000001000001000100000100000000000000000000000000000000000010010101
000000000000000000000000000000000000000000000000000000000000000000000000000000000000000000000000000000000000000000000000000000001111111111111111111111111111111111000010010000000000000001000100000000100000110010100100100001000010000010010001000000001011000000000000000010000000010000100000000000100010
000000000000000000000000000000000000000000000000000000000000000000000000000000000000000000000000000000000000000000000000000000000111111111111111111111111111111111000010010001010001000011000100000000100100110010000010100001010010000010010101001000000000000100000000000010000001010000100000001000110011
000000000000000000000000000000000000000000000000000000000000000000000000000000000000000000000000000000000000000000000000000000000010111111111111111111111111111111000001110001010000000011000100010101100101110010001110000000010010000110010101001000001011000100010001000010000111011000100000001111111011
000000000000000000000000000000000000000000000000000000000000000000000000000000000000000000000000000000000000000000000000000000000000111111111111111111111111111111100110010000000000000001000100000100100101110010001100000000001010000010110100000000001011100000010001000010010110010000100000000111111011
000000000000000000000000000000000000000000000000000000000000000000000000000000000000000000000000000000000000000000000000000000000000111111111110111111111111111101000001000101000000000010000000000000000100000010100001100001000001000000000000000000010000000000000000000000001000000000100000001110111101
000000000000000000000000000000000000000000000000000000000000000000000000000000000000000000000000000000000000000000000000000000000000011111111111111111111111111111000010010001010000000011000100000100100101110000000010100000010010000010010001001000001010000100000001000010000111011000100000001000000001
000000000000000000000000000000000000000000000000000000000000000000000000000000000000000000000000000000000000000000000000000000000000001111111111111111111111111111000000000001111011000100010100101000100100000010100010100011010010000000010001000001001100000100010000000010001001010000000101010010010011
000000000000000000000000000000000000000000000000000000000000000000000000000000000000000000000000000000000000000000000000000000000000000111111111111111111111111111000000000000000000000001001000010000100000110010100000100001001000000000000001000100000100000000000000001010000001010000010000000010101011
000000000000000000000000000000000000000000000000000000000000000000000000000000000000000000000000000000000000000000000000000000000000000011111111111111111111110111000000000000000000000000000100000000100000010010100000100001000000000000010001000000000010000000000000000000000000000000000000000101001011
000000000000000000000000000000000000000000000000000000000000000000000000000000000000000000000000000000000000000000000000000000000000000001111111111111111111111111000000010001000000000000000000000000100000000010100000100001000000000000000001000000000000000000000000000010000000010000100000000000100010
000000000000000000000000000000000000000000000000000000000000000000000000000000000000000000000000000000000000000000000000000000000000000000111111111111111111111111000000000001010000000001000000000000000000000010100000100001000010000000010101000000000000000000000000000010000000010000000000001000010001
000000000000000000000000000000000000000000000000000000000000000000000000000000000000000000000000000000000000000000000000000000000000000000011111111111111111111111000000000000001011000100010000101000100000010010000000100011000000000000010101000001001100000100010000000000000000000000000001000000000000
000000000000000000000000000000000000000000000000000000000000000000000000000000000000000000000000000000000000000000000000000000000000000000001111111111111111111111000000000000000000000001000000010000000000000010100000100001000000000000000001000100000000000000000000001010000000000000000000000000000010
000000000000000000000000000000000000000000000000000000000000000000000000000000000000000000000000000000000000000000000000000000000000000000000111111111111111111111000000000000000000000001000100000000100000010010000000100001000000000000110001000000000010000000000000000000000000000000000000000010000010
000000000000000000000000000000000000000000000000000000000000000000000000000000000000000000000000000000000000000000000000000000000000000000000011111111111111111111000000000000000000001100000100000000100000010010100000100001000000000000010101000000000010000000000000000010000010000000000000000000000000
000000000000000000000000000000000000000000000000000000000000000000000000000000000000000000000000000000000000000000000000000000000000000000000001111111111111111111000000000001010001000000000000000000100000010010000000100001010010000000010101000000000000000000000000000000000000000000000000001100001011
000000000000000000000000000000000000000000000000000000000000000000000000000000000000000000000000000000000000000000000000000000000000000000000000111111111011111111000000000000000000100001000100000000100000010010100000100001000000000000000001000000000010000000000000000000000000010000000000000100001011
000000000000000000000000000000000000000000000000000000000000000000000000000000000000000000000000000000000000000000000000000000000000000000000000011111111111111111000000000000101000000100010000101000000000000010000000100011000000000000000001000001001100000000010000000000001000000000000001000010000000
000000000000000000000000000000000000000000000000000000000000000000000000000000000000000000000000000000000000000000000000000000000000000000000000001111111111111111000000000000010000000011000000000000100100110000100010100001010010000000010000000000000010000000000000000010000001010000100000000000110011
000000000000000000000000000000000000000000000000000000000000000000000000000000000000000000000000000000000000000000000000000000000000000000000000000111111111111111000010010000101010000100010000101000100000000010100000100011000000001000010001000001001100000100010000000010001000000000000001010010000000
000000000000000000000000000000000000000000000000000000000000000000000000000000000000000000000000000000000000000000000000000000000000000000000000000011101011110111000011010001100000011101101110110101101101110111101011110001100010000110010101101100010010110100011001001110000101011100101100000000000010
000000000000000000000000000000000000000000000000000000000000000000000000000000000000000000000000000000000000000000000000000000000000000000000000000001111111110111000000000001010000000000000100000100100100010010100010100001010010000000010001000000000000000000000000000000000010001000000000000000010011
000000000000000000000000000000000000000000000000000000000000000000000000000000000000000000000000000000000000000000000000000000000000000000000000000000111111111111000000000000000000000001000100000100100000010010100000100001000000000000110001000000000000000000000000000000000000000000000000000000000010
000000000000000000000000000000000000000000000000000000000000000000000000000000000000000000000000000000000000000000000000000000000000000000000000000000011111111111000000010000000000000001001000010000100000110010000000100001100000000010000001000100000010000000010000000010000000010000110000000000010000
000000000000000000000000000000000000000000000000000000000000000000000000000000000000000000000000000000000000000000000000000000000000000000000000000000001111111111000111010001010001001110101100010100100101110010101110110101010010000110110101100000001010001100010001001010000111000001100000000000110111
000000000000000000000000000000000000000000000000000000000000000000000000000000000000000000000000000000000000000000000000000000000000000000000000000000000111111111000010000001010001000111000100010101100101110000001110000000010010000010110100000000001010000100010000000010010100010100100000001111111111
000000000000000000000000000000000000000000000000000000000000000000000000000000000000000000000000000000000000000000000000000000000000000000000000000000000011111011000000000000101011000101011100111000100000001000000000000010100000101000000000000101101100000100010000000010000001000000010100000000010110
000000000000000000000000000000000000000000000000000000000000000000000000000000000000000000000000000000000000000000000000000000000000000000000000000000000001111111000000000001000001000111000000000001100100000000100000100001010010000000010100000000000000100000000000001010000001000000000000001000000010
000000000000000000000000000000000000000000000000000000000000000000000000000000000000000000000000000000000000000000000000000000000000000000000000000000000000111111000000000000000000000001000100000100100000010010000000100001000000000000010001000000000010000000000000000000000000000000000000000110010010
000000000000000000000000000000000000000000000000000000000000000000000000000000000000000000000000000000000000000000000000000000000000000000000000000000000000011111000000000001010000000011001000010000000000000010100010100001110010000000010001001100000000000000000000001010000001010000000000000000110011
000000000000000000000000000000000000000000000000000000000000000000000000000000000000000000000000000000000000000000000000000000000000000000000000000000000000001111000000000000000000000000000100000000100000000010000000100101000000000000000001000000000000000000000000000000000000000000000000000000000010
000000000000000000000000000000000000000000000000000000000000000000000000000000000000000000000000000000000000000000000000000000000000000000000000000000000000000111000000000000000000000000000000001000100000001000000000000000000000000000000100000000100100000000000000000000001000000000000000000010010010
000000000000000000000000000000000000000000000000000000000000000000000000000000000000000000000000000000000000000000000000000000000000000000000000000000000000000011000000011111110100101011101111100011110100110010100111110001111011000000011111001100010011010111110110001110011011011110100000011001110011
000000000000000000000000000000000000000000000000000000000000000000000000000000000000000000000000000000000000000000000000000000000000000000000000000000000000000001000011010000000000000001000100110100100101110010000100000000001010000110110100000000001011000000000001000010010110010000100000000111101111
000000000000000000000000000000000000000000000000000000000000000000000000000000000000000000000000000000000000000000000000000000000000000000000000000000000000000000000001000001010000001000000100000100100100010010100010100001010010000000010101001000000010000000000000000000000010001000000000000000000001
000000000000000000000000000000000000000000000000000000000000000000000000000000000000000000000000000000000000000000000000000000000000000000000000000000000000000000011111111110111010111111111111111111111111111111011111111111111111111111111111111111111111111011111111111111111111111111111111110000000000
000000000000000000000000000000000000000000000000000000000000000000000000000000000000000000000000000000000000000000000000000000000000000000000000000000000000000000001111111110111110111111111111111111111111111111111111111110111111111111111111111111111111111111111111111111111111111111111111110000000100
000000000000000000000000000000000000000000000000000000000000000000000000000000000000000000000000000000000000000000000000000000000000000000000000000000000000000000000111111110111110111111101111111111111001111111111111111100101111111111111111111111111111111011111111111111111110111111111111110000100100
000000000000000000000000000000000000000000000000000000000000000000000000000000000000000000000000000000000000000000000000000000000000000000000000000000000000000000000011111110111111111111111111111111111111111111111111111111111111111111111111111111111111111111111111111111111111111111111111110000000100
000000000000000000000000000000000000000000000000000000000000000000000000000000000000000000000000000000000000000000000000000000000000000000000000000000000000000000000001111110111110111111111111111110101101111111111111111100101111111111111111111111111111111011111111111111111110111111111110110000000100
000000000000000000000000000000000000000000000000000000000000000000000000000000000000000000000000000000000000000000000000000000000000000000000000000000000000000000000000111111111011111111111111111111111111111111111111111111111111111111111111111111111111111111111111111111111111111111111111111100110111
000000000000000000000000000000000000000000000000000000000000000000000000000000000000000000000000000000000000000000000000000000000000000000000000000000000000000000000000011111111110111111011111111110111101111111111111111110101111111111111111111111111111111111111111111111111111111111111111110000000000
000000000000000000000000000000000000000000000000000000000000000000000000000000000000000000000000000000000000000000000000000000000000000000000000000000000000000000000000001111111011111111111111111111111111111111111111111111111111111111111111111111111111111111111111111111111111111111111111110000000111
000000000000000000000000000000000000000000000000000000000000000000000000000000000000000000000000000000000000000000000000000000000000000000000000000000000000000000000000000111111111111111111111111111111111111111011111111110111111111111111111111111111111111111111110111111111111111111111111100000110010
000000000000000000000000000000000000000000000000000000000000000000000000000000000000000000000000000000000000000000000000000000000000000000000000000000000000000000000000000011111110111111111111111111111111111111111111111111111111111111111111111111111111111111111110111111111111101111111111110000100000
000000000000000000000000000000000000000000000000000000000000000000000000000000000000000000000000000000000000000000000000000000000000000000000000000000000000000000000000000001111111111111111111111111111111111111111111111111111111111111111111111111111111111111111111111111111111111111111111110000000000
000000000000000000000000000000000000000000000000000000000000000000000000000000000000000000000000000000000000000000000000000000000000000000000000000000000000000000000000000000110100111011111111100111111111110111101111111111111011000000111111101100011011110110001100010110111011011110100000110000010011
000000000000000000000000000000000000000000000000000000000000000000000000000000000000000000000000000000000000000000000000000000000000000000000000000000000000000000000000000000011111111111111111111111111111111111011111111111111111111111111111111111111111111111111110111111111111101111111111110010000110
000000000000000000000000000000000000000000000000000000000000000000000000000000000000000000000000000000000000000000000000000000000000000000000000000000000000000000000000000000001111111111111111111111111111111111111111111110111111111111111111111111111111111111111111111111111111101111111111110000010011
000000000000000000000000000000000000000000000000000000000000000000000000000000000000000000000000000000000000000000000000000000000000000000000000000000000000000000000000000000000111111111111111111110111111111111111111111110111111111111111111111111111111111111111111111111111110111111111111110000000100
000000000000000000000000000000000000000000000000000000000000000000000000000000000000000000000000000000000000000000000000000000000000000000000000000000000000000000000000000000000010111011111111111111111111111111111111111111111101110111111110111111111011111111101111111111110111111111110111111101011010
000000000000000000000000000000000000000000000000000000000000000000000000000000000000000000000000000000000000000000000000000000000000000000000000000000000000000000000000000000000001111111111111111111111111111111011111111111111111111111111111111111111111111111111111111101111111101111111111110000000100
000000000000000000000000000000000000000000000000000000000000000000000000000000000000000000000000000000000000000000000000000000000000000000000000000000000000000000000000000000000000001111110111101101110100111000010111010110110011101000110100001011111111111111010100010110011010001110100111110000000111
000000000000000000000000000000000000000000000000000000000000000000000000000000000000000000000000000000000000000000000000000000000000000000000000000000000000000000000000000000000000011111111111111111111111111111111111111111111111101111111111111111011111111111111110111111111111111111111111111100011001
000000000000000000000000000000000000000000000000000000000000000000000000000000000000000000000000000000000000000000000000000000000000000000000000000000000000000000000000000000000000001111111111111111111111111111111111111111111111111111111111111111111111111111111111111111111111111111111111110000000100
000000000000000000000000000000000000000000000000000000000000000000000000000000000000000000000000000000000000000000000000000000000000000000000000000000000000000000000000000000000000000111111111111111111111111111011111111111111111111111111111111111111111111111111111111111111111101111111111110000000010
000000000000000000000000000000000000000000000000000000000000000000000000000000000000000000000000000000000000000000000000000000000000000000000000000000000000000000000000000000000000000001111110101111111101111101011110111110111111111111011111111111101111111110011111111111111111111111111111010010000110
000000000000000000000000000000000000000000000000000000000000000000000000000000000000000000000000000000000000000000000000000000000000000000000000000000000000000000000000000000000000000001111111111111111111111111011111111111111111111111111111111111111111111111111110111111111111111111111100110000000010
000000000000000000000000000000000000000000000000000000000000000000000000000000000000000000000000000000000000000000000000000000000000000000000000000000000000000000000000000000000000000000111111111111111111111111111111111011111111111111110111111111111111111111111111111111111111111111111111110000100011
000000000000000000000000000000000000000000000000000000000000000000000000000000000000000000000000000000000000000000000000000000000000000000000000000000000000000000000000000000000000000000011111111111111111111101011111111111111111110111111111111100111111111111111111111111101111111111110011110000001010
000000000000000000000000000000000000000000000000000000000000000000000000000000000000000000000000000000000000000000000000000000000000000000000000000000000000000000000000000000000000000000001111111111111111111111111111111111111111111111111111111111111111111111111111110111111111111111111111110000000100
000000000000000000000000000000000000000000000000000000000000000000000000000000000000000000000000000000000000000000000000000000000000000000000000000000000000000000000000000000000000000000000111111111111111111111111111111111111111111111111111111111111111111101111111111111111111111111111111110000000100
000000000000000000000000000000000000000000000000000000000000000000000000000000000000000000000000000000000000000000000000000000000000000000000000000000000000000000000000000000000000000000000011111111111111111111111111111111111111111111111111111111111111111111111111111111111111111111111111111000000010
000000000000000000000000000000000000000000000000000000000000000000000000000000000000000000000000000000000000000000000000000000000000000000000000000000000000000000000000000000000000000000000001111111111111111111111011111111111111101111111111111111111111111111111110111111111111101111111111110000000010
000000000000000000000000000000000000000000000000000000000000000000000000000000000000000000000000000000000000000000000000000000000000000000000000000000000000000000000000000000000000000000000000111111111111111111111111111111111111111111111111111110111111111111111111111111111111111111111111110000000000
000000000000000000000000000000000000000000000000000000000000000000000000000000000000000000000000000000000000000000000000000000000000000000000000000000000000000000000000000000000000000000000000001111111111111111111011111111111111101101111111111111111111111111111110111111111111111111111111110010000110
000000000000000000000000000000000000000000000000000000000000000000000000000000000000000000000000000000000000000000000000000000000000000000000000000000000000000000000000000000000000000000000000001111111111111111011111110111111111110111110110111111111111111011111101111011111111111111111111110000000000
000000000000000000000000000000000000000000000000000000000000000000000000000000000000000000000000000000000000000000000000000000000000000000000000000000000000000000000000000000000000000000000000000111111111111111011111111110111111111111111111111111111111111111111111111111111110111111111111110000000100
000000000000000000000000000000000000000000000000000000000000000000000000000000000000000000000000000000000000000000000000000000000000000000000000000000000000000000000000000000000000000000000000000011111111111111111111111111111111111111111111111111111111111111111111111111111111111111111111110000000110
000000000000000000000000000000000000000000000000000000000000000000000000000000000000000000000000000000000000000000000000000000000000000000000000000000000000000000000000000000000000000000000000000001111111111111111111111111111111111111111111111111111111111111111111111111111111111111111111110000000100
000000000000000000000000000000000000000000000000000000000000000000000000000000000000000000000000000000000000000000000000000000000000000000000000000000000000000000000000000000000000000000000000000000111111110111111111011111110111011111111111111110111111111111111110111111101111111111101111111001101111
000000000000000000000000000000000000000000000000000000000000000000000000000000000000000000000000000000000000000000000000000000000000000000000000000000000000000000000000000000000000000000000000000000011111111111111111111111111111101111111111111111011111111111111111111111111111101111111111111101101010
000000000000000000000000000000000000000000000000000000000000000000000000000000000000000000000000000000000000000000000000000000000000000000000000000000000000000000000000000000000000000000000000000000001111111111111111111111111111111111111111111111111111111111101111110111111111101111111111110000000000
000000000000000000000000000000000000000000000000000000000000000000000000000000000000000000000000000000000000000000000000000000000000000000000000000000000000000000000000000000000000000000000000000000000111111111111111111111111111111111111111111111111111111111111111111111111111111111111111110000000100
000000000000000000000000000000000000000000000000000000000000000000000000000000000000000000000000000000000000000000000000000000000000000000000000000000000000000000000000000000000000000000000000000000000011111111011111110111111111110011111111111111111111111111111101111111111111011111110011110000111011
000000000000000000000000000000000000000000000000000000000000000000000000000000000000000000000000000000000000000000000000000000000000000000000000000000000000000000000000000000000000000000000000000000000001111111111111111111111111111111111111111110111111111111101111110111101111111111101111110000000000
000000000000000000000000000000000000000000000000000000000000000000000000000000000000000000000000000000000000000000000000000000000000000000000000000000000000000000000000000000000000000000000000000000000000111111111111111111111111111111111111111111111111111111111111111111111111111111111111110000000100
000000000000000000000000000000000000000000000000000000000000000000000000000000000000000000000000000000000000000000000000000000000000000000000000000000000000000000000000000000000000000000000000000000000000011111111111111111111111111111111111111111111111111111111111111111111111111111111111110000000010
000000000000000000000000000000000000000000000000000000000000000000000000000000000000000000000000000000000000000000000000000000000000000000000000000000000000000000000000000000000000000000000000000000000000001111011111111111111111111111111111111111111111111111111111111111111111111111111111111000000110
000000000000000000000000000000000000000000000000000000000000000000000000000000000000000000000000000000000000000000000000000000000000000000000000000000000000000000000000000000000000000000000000000000000000000111111111111110111111111111111111111111111111111111111111111111111110111111111111110000000100
000000000000000000000000000000000000000000000000000000000000000000000000000000000000000000000000000000000000000000000000000000000000000000000000000000000000000000000000000000000000000000000000000000000000000011111111111111111111111111111111111111111111111111111111111111111111111111111111110000000000
000000000000000000000000000000000000000000000000000000000000000000000000000000000000000000000000000000000000000000000000000000000000000000000000000000000000000000000000000000000000000000000000000000000000000001111111111111101111101111111111111111011111111111111110110111111111111111111110110000000000
000000000000000000000000000000000000000000000000000000000000000000000000000000000000000000000000000000000000000000000000000000000000000000000000000000000000000000000000000000000000000000000000000000000000000000111111111111111111111111111111111111111111111111111111111111111111111111111111110000000100
000000000000000000000000000000000000000000000000000000000000000000000000000000000000000000000000000000000000000000000000000000000000000000000000000000000000000000000000000000000000000000000000000000000000000000011111101011111111111100101101111110111011111001101101110111110101111101111111110000000000
000000000000000000000000000000000000000000000000000000000000000000000000000000000000000000000000000000000000000000000000000000000000000000000000000000000000000000000000000000000000000000000000000000000000000000001111111111111111111111111111111111111111111111111111111111111111111111111111110000000000
000000000000000000000000000000000000000000000000000000000000000000000000000000000000000000000000000000000000000000000000000000000000000000000000000000000000000000000000000000000000000000000000000000000000000000000111111111111111111111111111111111111111111111111111111111111111111111111111110000000000
000000000000000000000000000000000000000000000000000000000000000000000000000000000000000000000000000000000000000000000000000000000000000000000000000000000000000000000000000000000000000000000000000000000000000000000011111111111111111111110110111111111111111111111101111011111111111111111111110000100100
000000000000000000000000000000000000000000000000000000000000000000000000000000000000000000000000000000000000000000000000000000000000000000000000000000000000000000000000000000000000000000000000000000000000000000000001111111111111111111111111111111111111111111011111111101111111111111111100110000000011
000000000000000000000000000000000000000000000000000000000000000000000000000000000000000000000000000000000000000000000000000000000000000000000000000000000000000000000000000000000000000000000000000000000000000000000000111111111111111111111111111111111111111111111111111111111111111111111111110000000110
000000000000000000000000000000000000000000000000000000000000000000000000000000000000000000000000000000000000000000000000000000000000000000000000000000000000000000000000000000000000000000000000000000000000000000000000011111101111101111111011111111011111111111111110111101111111111111111110100000000000
000000000000000000000000000000000000000000000000000000000000000000000000000000000000000000000000000000000000000000000000000000000000000000000000000000000000000000000000000000000000000000000000000000000000000000000000001111111111111111111111111111111111111111111111111111111111101111111111110000000010
000000000000000000000000000000000000000000000000000000000000000000000000000000000000000000000000000000000000000000000000000000000000000000000000000000000000000000000000000000000000000000000000000000000000000000000000000111101111101101111111111111011111111111111111111111111111111111111111110000000000
000000000000000000000000000000000000000000000000000000000000000000000000000000000000000000000000000000000000000000000000000000000000000000000000000000000000000000000000000000000000000000000000000000000000000000000000000010111111111111111111111111111111111111111110111111111111101111111111100000000010
000000000000000000000000000000000000000000000000000000000000000000000000000000000000000000000000000000000000000000000000000000000000000000000000000000000000000000000000000000000000000000000000000000000000000000000000000001111111111111111111111111111111111111111111110111111111111111111111110000000100
000000000000000000000000000000000000000000000000000000000000000000000000000000000000000000000000000000000000000000000000000000000000000000000000000000000000000000000000000000000000000000000000000000000000000000000000000000110111001111101111111110111011111111101100110101100111111101100111110000000010
000000000000000000000000000000000000000000000000000000000000000000000000000000000000000000000000000000000000000000000000000000000000000000000000000000000000000000000000000000000000000000000000000000000000000000000000000000011111111111111111111111111111111111111111111111111111111111111111110000000100
000000000000000000000000000000000000000000000000000000000000000000000000000000000000000000000000000000000000000000000000000000000000000000000000000000000000000000000000000000000000000000000000000000000000000000000000000000001111111111111111111110111111111111111101111111111111101111110111110000110011
000000000000000000000000000000000000000000000000000000000000000000000000000000000000000000000000000000000000000000000000000000000000000000000000000000000000000000000000000000000000000000000000000000000000000000000000000000000111111111111111111111111111111111111111111111111111111111111111110010110011
000000000000000000000000000000000000000000000000000000000000000000000000000000000000000000000000000000000000000000000000000000000000000000000000000000000000000000000000000000000000000000000000000000000000000000000000000000000011111111111111111111111111111111111111111111111111101111111111110000000000
000000000000000000000000000000000000000000000000000000000000000000000000000000000000000000000000000000000000000000000000000000000000000000000000000000000000000000000000000000000000000000000000000000000000000000000000000000000001111111011111111111111111111110011111111111111111111111111100110000000011
000000000000000000000000000000000000000000000000000000000000000000000000000000000000000000000000000000000000000000000000000000000000000000000000000000000000000000000000000000000000000000000000000000000000000000000000000000000000101111111111111111111111111111111110111111111111111111111111110000000000
000000000000000000000000000000000000000000000000000000000000000000000000000000000000000000000000000000000000000000000000000000000000000000000000000000000000000000000000000000000000000000000000000000000000000000000000000000000000011111111111111111111111111111111111111111111110101111111111110000000100
000000000000000000000000000000000000000000000000000000000000000000000000000000000000000000000000000000000000000000000000000000000000000000000000000000000000000000000000000000000000000000000000000000000000000000000000000000000000001111111110110111111111111111111111111111111111111111111111110000000100
000000000000000000000000000000000000000000000000000000000000000000000000000000000000000000000000000000000000000000000000000000000000000000000000000000000000000000000000000000000000000000000000000000000000000000000000000000000000000101111111111111111111111111111110111101111111101111111111110000000100
000000000000000000000000000000000000000000000000000000000000000000000000000000000000000000000000000000000000000000000000000000000000000000000000000000000000000000000000000000000000000000000000000000000000000000000000000000000000000011111111111111111111111111111111111111111111111111111111110000000000
000000000000000000000000000000000000000000000000000000000000000000000000000000000000000000000000000000000000000000000000000000000000000000000000000000000000000000000000000000000000000000000000000000000000000000000000000000000000000001110110111111111111111011111111111011111111111111111111110000000000
000000000000000000000000000000000000000000000000000000000000000000000000000000000000000000000000000000000000000000000000000000000000000000000000000000000000000000000000000000000000000000000000000000000000000000000000000000000000000000111111111111111111111111111111111101111111101111111111111000001000
000000000000000000000000000000000000000000000000000000000000000000000000000000000000000000000000000000000000000000000000000000000000000000000000000000000000000000000000000000000000000000000000000000000000000000000000000000000000000000011111111111111111111111111111110111111111111111111111110100001110
000000000000000000000000000000000000000000000000000000000000000000000000000000000000000000000000000000000000000000000000000000000000000000000000000000000000000000000000000000000000000000000000000000000000000000000000000000000000000000001111111111111111111111111111111111111111111111111101110000000011
000000000000000000000000000000000000000000000000000000000000000000000000000000000000000000000000000000000000000000000000000000000000000000000000000000000000000000000000000000000000000000000000000000000000000000000000000000000000000000000111111111111111111111111111111111111111111111011111110001000001
000000000000000000000000000000000000000000000000000000000000000000000000000000000000000000000000000000000000000000000000000000000000000000000000000000000000000000000000000000000000000000000000000000000000000000000000000000000000000000000011111111111111111111101111111111111111111111110111111001100111
000000000000000000000000000000000000000000000000000000000000000000000000000000000000000000000000000000000000000000000000000000000000000000000000000000000000000000000000000000000000000000000000000000000000000000000000000000000000000000000001111111111111111111111111111101111111111111111111100001000000
000000000000000000000000000000000000000000000000000000000000000000000000000000000000000000000000000000000000000000000000000000000000000000000000000000000000000000000000000000000000000000000000000000000000000000000000000000000000000000000000111110011111111111111110111101111111101111011100100000000011
000000000000000000000000000000000000000000000000000000000000000000000000000000000000000000000000000000000000000000000000000000000000000000000000000000000000000000000000000000000000000000000000000000000000000000000000000000000000000000000000011111111111111111111111111111111111111111111111110000000100
000000000000000000000000000000000000000000000000000000000000000000000000000000000000000000000000000000000000000000000000000000000000000000000000000000000000000000000000000000000000000000000000000000000000000000000000000000000000000000000000001111111111111011111111111111111111111111111111110000100100
000000000000000000000000000000000000000000000000000000000000000000000000000000000000000000000000000000000000000000000000000000000000000000000000000000000000000000000000000000000000000000000000000000000000000000000000000000000000000000000000000111111111111111111110111111111111111111111111110000000001
000000000000000000000000000000000000000000000000000000000000000000000000000000000000000000000000000000000000000000000000000000000000000000000000000000000000000000000000000000000000000000000000000000000000000000000000000000000000000000000000000011111111111111111101111111111111111111111111110000000100
000000000000000000000000000000000000000000000000000000000000000000000000000000000000000000000000000000000000000000000000000000000000000000000000000000000000000000000000000000000000000000000000000000000000000000000000000000000000000000000000000001111111111111111111111111111111111111111110110000000000
000000000000000000000000000000000000000000000000000000000000000000000000000000000000000000000000000000000000000000000000000000000000000000000000000000000000000000000000000000000000000000000000000000000000000000000000000000000000000000000000000000111111111111111111111011111110111111111101110000000100
000000000000000000000000000000000000000000000000000000000000000000000000000000000000000000000000000000000000000000000000000000000000000000000000000000000000000000000000000000000000000000000000000000000000000000000000000000000000000000000000000000011111111111111101111111111111111111111111110000000100
000000000000000000000000000000000000000000000000000000000000000000000000000000000000000000000000000000000000000000000000000000000000000000000000000000000000000000000000000000000000000000000000000000000000000000000000000000000000000000000000000000001111111111101111111111111111111111111111110000000110
000000000000000000000000000000000000000000000000000000000000000000000000000000000000000000000000000000000000000000000000000000000000000000000000000000000000000000000000000000000000000000000000000000000000000000000000000000000000000000000000000000000111111111111111111111111111101111111111110010000100
000000000000000000000000000000000000000000000000000000000000000000000000000000000000000000000000000000000000000000000000000000000000000000000000000000000000000000000000000000000000000000000000000000000000000000000000000000000000000000000000000000000011111111111111111111111111111111111111110000000100
000000000000000000000000000000000000000000000000000000000000000000000000000000000000000000000000000000000000000000000000000000000000000000000000000000000000000000000000000000000000000000000000000000000000000000000000000000000000000000000000000000000001111111111101111111111111111111110011111101001010
000000000000000000000000000000000000000000000000000000000000000000000000000000000000000000000000000000000000000000000000000000000000000000000000000000000000000000000000000000000000000000000000000000000000000000000000000000000000000000000000000000000000111111111111111111111111101111111111110000000010
000000000000000000000000000000000000000000000000000000000000000000000000000000000000000000000000000000000000000000000000000000000000000000000000000000000000000000000000000000000000000000000000000000000000000000000000000000000000000000000000000000000000011111111111111111111111111111111111110000000000
000000000000000000000000000000000000000000000000000000000000000000000000000000000000000000000000000000000000000000000000000000000000000000000000000000000000000000000000000000000000000000000000000000000000000000000000000000000000000000000000000000000000001111111110111111111111111111111111110000000010
000000000000000000000000000000000000000000000000000000000000000000000000000000000000000000000000000000000000000000000000000000000000000000000000000000000000000000000000000000000000000000000000000000000000000000000000000000000000000000000000000000000000000111111111111111111111111111111111110000000100
000000000000000000000000000000000000000000000000000000000000000000000000000000000000000000000000000000000000000000000000000000000000000000000000000000000000000000000000000000000000000000000000000000000000000000000000000000000000000000000000000000000000000011111100111111111111101111100111110010100111
000000000000000000000000000000000000000000000000000000000000000000000000000000000000000000000000000000000000000000000000000000000000000000000000000000000000000000000000000000000000000000000000000000000000000000000000000000000000000000000000000000000000000001111110111111111111101111111111101001100010
000000000000000000000000000000000000000000000000000000000000000000000000000000000000000000000000000000000000000000000000000000000000000000000000000000000000000000000000000000000000000000000000000000000000000000000000000000000000000000000000000000000000000000101111111111111111111111110111110000000000
000000000000000000000000000000000000000000000000000000000000000000000000000000000000000000000000000000000000000000000000000000000000000000000000000000000000000000000000000000000000000000000000000000000000000000000000000000000000000000000000000000000000000000011111111111111111101111110111110000000000
000000000000000000000000000000000000000000000000000000000000000000000000000000000000000000000000000000000000000000000000000000000000000000000000000000000000000000000000000000000000000000000000000000000000000000000000000000000000000000000000000000000000000000001111111111111111101111111111110010100110
000000000000000000000000000000000000000000000000000000000000000000000000000000000000000000000000000000000000000000000000000000000000000000000000000000000000000000000000000000000000000000000000000000000000000000000000000000000000000000000000000000000000000000000111111111111111111111111101110000000100
000000000000000000000000000000000000000000000000000000000000000000000000000000000000000000000000000000000000000000000000000000000000000000000000000000000000000000000000000000000000000000000000000000000000000000000000000000000000000000000000000000000000000000000011111111111111111111111111110000000000
000000000000000000000000000000000000000000000000000000000000000000000000000000000000000000000000000000000000000000000000000000000000000000000000000000000000000000000000000000000000000000000000000000000000000000000000000000000000000000000000000000000000000000000001111111111111111111011111101111111010
000000000000000000000000000000000000000000000000000000000000000000000000000000000000000000000000000000000000000000000000000000000000000000000000000000000000000000000000000000000000000000000000000000000000000000000000000000000000000000000000000000000000000000000000111011010111110001111111110000000110
000000000000000000000000000000000000000000000000000000000000000000000000000000000000000000000000000000000000000000000000000000000000000000000000000000000000000000000000000000000000000000000000000000000000000000000000000000000000000000000000000000000000000000000000011111111111101111111111110000000000
000000000000000000000000000000000000000000000000000000000000000000000000000000000000000000000000000000000000000000000000000000000000000000000000000000000000000000000000000000000000000000000000000000000000000000000000000000000000000000000000000000000000000000000000001111111111111111111111100000000000
000000000000000000000000000000000000000000000000000000000000000000000000000000000000000000000000000000000000000000000000000000000000000000000000000000000000000000000000000000000000000000000000000000000000000000000000000000000000000000000000000000000000000000000000000111111111111111111100000111101010
000000000000000000000000000000000000000000000000000000000000000000000000000000000000000000000000000000000000000000000000000000000000000000000000000000000000000000000000000000000000000000000000000000000000000000000000000000000000000000000000000000000000000000000000000011111111101111111111110000000010
000000000000000000000000000000000000000000000000000000000000000000000000000000000000000000000000000000000000000000000000000000000000000000000000000000000000000000000000000000000000000000000000000000000000000000000000000000000000000000000000000000000000000000000000000000111111111111111111111101101010
000000000000000000000000000000000000000000000000000000000000000000000000000000000000000000000000000000000000000000000000000000000000000000000000000000000000000000000000000000000000000000000000000000000000000000000000000000000000000000000000000000000000000000000000000000111111111111111111110000000000
000000000000000000000000000000000000000000000000000000000000000000000000000000000000000000000000000000000000000000000000000000000000000000000000000000000000000000000000000000000000000000000000000000000000000000000000000000000000000000000000000000000000000000000000000000011111101111111111110000000000
000000000000000000000000000000000000000000000000000000000000000000000000000000000000000000000000000000000000000000000000000000000000000000000000000000000000000000000000000000000000000000000000000000000000000000000000000000000000000000000000000000000000000000000000000000001111111111111111110000100000
000000000000000000000000000000000000000000000000000000000000000000000000000000000000000000000000000000000000000000000000000000000000000000000000000000000000000000000000000000000000000000000000000000000000000000000000000000000000000000000000000000000000000000000000000000000111101111111111110010000110
000000000000000000000000000000000000000000000000000000000000000000000000000000000000000000000000000000000000000000000000000000000000000000000000000000000000000000000000000000000000000000000000000000000000000000000000000000000000000000000000000000000000000000000000000000000011111111111111110000000000
000000000000000000000000000000000000000000000000000000000000000000000000000000000000000000000000000000000000000000000000000000000000000000000000000000000000000000000000000000000000000000000000000000000000000000000000000000000000000000000000000000000000000000000000000000000001101111111111110000001010
000000000000000000000000000000000000000000000000000000000000000000000000000000000000000000000000000000000000000000000000000000000000000000000000000000000000000000000000000000000000000000000000000000000000000000000000000000000000000000000000000000000000000000000000000000000000111111111111111000000001
000000000000000000000000000000000000000000000000000000000000000000000000000000000000000000000000000000000000000000000000000000000000000000000000000000000000000000000000000000000000000000000000000000000000000000000000000000000000000000000000000000000000000000000000000000000000011111111110110000100000
000000000000000000000000000000000000000000000000000000000000000000000000000000000000000000000000000000000000000000000000000000000000000000000000000000000000000000000000000000000000000000000000000000000000000000000000000000000000000000000000000000000000000000000000000000000000001001101100111000100111
000000000000000000000000000000000000000000000000000000000000000000000000000000000000000000000000000000000000000000000000000000000000000000000000000000000000000000000000000000000000000000000000000000000000000000000000000000000000000000000000000000000000000000000000000000000000000111111111110000001011
000000000000000000000000000000000000000000000000000000000000000000000000000000000000000000000000000000000000000000000000000000000000000000000000000000000000000000000000000000000000000000000000000000000000000000000000000000000000000000000000000000000000000000000000000000000000000011111111110000000010
000000000000000000000000000000000000000000000000000000000000000000000000000000000000000000000000000000000000000000000000000000000000000000000000000000000000000000000000000000000000000000000000000000000000000000000000000000000000000000000000000000000000000000000000000000000000000001111111101000011010
000000000000000000000000000000000000000000000000000000000000000000000000000000000000000000000000000000000000000000000000000000000000000000000000000000000000000000000000000000000000000000000000000000000000000000000000000000000000000000000000000000000000000000000000000000000000000000111111110000000100
000000000000000000000000000000000000000000000000000000000000000000000000000000000000000000000000000000000000000000000000000000000000000000000000000000000000000000000000000000000000000000000000000000000000000000000000000000000000000000000000000000000000000000000000000000000000000000011111110000101110
000000000000000000000000000000000000000000000000000000000000000000000000000000000000000000000000000000000000000000000000000000000000000000000000000000000000000000000000000000000000000000000000000000000000000000000000000000000000000000000000000000000000000000000000000000000000000000001111110000000000
000000000000000000000000000000000000000000000000000000000000000000000000000000000000000000000000000000000000000000000000000000000000000000000000000000000000000000000000000000000000000000000000000000000000000000000000000000000000000000000000000000000000000000000000000000000000000000000110110000000000
000000000000000000000000000000000000000000000000000000000000000000000000000000000000000000000000000000000000000000000000000000000000000000000000000000000000000000000000000000000000000000000000000000000000000000000000000000000000000000000000000000000000000000000000000000000000000000000011010000000100
000000000000000000000000000000000000000000000000000000000000000000000000000000000000000000000000000000000000000000000000000000000000000000000000000000000000000000000000000000000000000000000000000000000000000000000000000000000000000000000000000000000000000000000000000000000000000000000001110000000000
000000000000000000000000000000000000000000000000000000000000000000000000000000000000000000000000000000000000000000000000000000000000000000000000000000000000000000000000000000000000000000000000000000000000000000000000000000000000000000000000000000000000000000000000000000000000000000000000110010000100
000000000000000000000000000000000000000000000000000000000000000000000000000000000000000000000000000000000000000000000000000000000000000000000000000000000000000000000000000000000000000000000000000000000000000000000000000000000000000000000000000000000000000000000000000000000000000000000000010000000000
000000000000000000000000000000000000000000000000000000000000000000000000000000000000000000000000000000000000000000000000000000000000000000000000000000000000000000000000000000000000000000000000000000000000000000000000000000000000000000000000000000000000000000000000000000000000000000000000000000000100
000000000000000000000000000000000000000000000000000000000000000000000000000000000000000000000000000000000000000000000000000000000000000000000000000000000000000000000000000000000000000000000000000000000000000000000000000000000000000000000000000000000000000000000000000000000000000000000000000111111111
000000000000000000000000000000000000000000000000000000000000000000000000000000000000000000000000000000000000000000000000000000000000000000000000000000000000000000000000000000000000000000000000000000000000000000000000000000000000000000000000000000000000000000000000000000000000000000000000000011111111
000000000000000000000000000000000000000000000000000000000000000000000000000000000000000000000000000000000000000000000000000000000000000000000000000000000000000000000000000000000000000000000000000000000000000000000000000000000000000000000000000000000000000000000000000000000000000000000000000001111111
000000000000000000000000000000000000000000000000000000000000000000000000000000000000000000000000000000000000000000000000000000000000000000000000000000000000000000000000000000000000000000000000000000000000000000000000000000000000000000000000000000000000000000000000000000000000000000000000000000111111
000000000000000000000000000000000000000000000000000000000000000000000000000000000000000000000000000000000000000000000000000000000000000000000000000000000000000000000000000000000000000000000000000000000000000000000000000000000000000000000000000000000000000000000000000000000000000000000000000000011111
000000000000000000000000000000000000000000000000000000000000000000000000000000000000000000000000000000000000000000000000000000000000000000000000000000000000000000000000000000000000000000000000000000000000000000000000000000000000000000000000000000000000000000000000000000000000000000000000000000001111
000000000000000000000000000000000000000000000000000000000000000000000000000000000000000000000000000000000000000000000000000000000000000000000000000000000000000000000000000000000000000000000000000000000000000000000000000000000000000000000000000000000000000000000000000000000000000000000000000000000111
000000000000000000000000000000000000000000000000000000000000000000000000000000000000000000000000000000000000000000000000000000000000000000000000000000000000000000000000000000000000000000000000000000000000000000000000000000000000000000000000000000000000000000000000000000000000000000000000000000000011
000000000000000000000000000000000000000000000000000000000000000000000000000000000000000000000000000000000000000000000000000000000000000000000000000000000000000000000000000000000000000000000000000000000000000000000000000000000000000000000000000000000000000000000000000000000000000000000000000000000001
000000000000000000000000000000000000000000000000000000000000000000000000000000000000000000000000000000000000000000000000000000000000000000000000000000000000000000000000000000000000000000000000000000000000000000000000000000000000000000000000000000000000000000000000000000000000000000000000000000000000
