011111111111111111111111111111111111111110100001010001000001010000000000000000000001000011111010111011011101110101110101011110011110111101110111111000001110100001100110111001110111011101010110110110001111111111111111111111111110111111111111111111111011111111101111110111111111111100000000000000000000
001111111111111111111111111111111111111110000010000011010001010101010000000000001001000101010010111011111100010000100101000111111110110111010110111000100010100000001100101101001111001101001100101110011001111100000001000111010000010100101100110111111111101110101111011101111011100101000000010000000000
000111111111111111111111111111111111111110110101000000000000100000000000000100010000000001101111011111111011011110110101010111111110111111011101111110111111111110111101110001011110001111101101111111011100000100001001000000111111000110100010011010101000010100100001001011000011100000000000000000000000
000011111111111111111111111111111111111110100100000000001001101000000000000100010001000011100001101011111100001001100101001100101000011111111110000101111100101011100101111101100101101111001110010110001110110111011101101111111100111111111011111110101111100100000001011110010010100000001000010000000100
000001111111111111111111111111111111111110111110011111101101011111001101111110110011111111011011111111011111110111111111111111111110110111000110111010011110100000101010101001000111001101000100111110001011111110100000101111010000011100101101110111111011101111010111100101011011011101000000000000000000
000000111111111111111111111111111111111110010111000011010001111101010000110010000011000011011110111111111101111101110101011111011111111111010110111010011111110110111111101001011111111111111101111111111011111110101100101111111111011111111111111111111011111111111111111111011011111101000000010000010000
000000011111111111111111111111111111111110000001000001000000001001000000000000000010000101100110111001010001010100110101011111110001111101110111111001101111100011110101111101011111011111011110111110011011110011001011111110111011111110111111101110011010100100000001010101111010100000000000000000000000
000000001111111111111111111111111111111110110100000011001001101100001000000100000001000011000000111011111100011000100100011111011110111111011111001000111010100000101101111001001111101111011110010110011110011100110001101101101101000101111001011000111111101100000001101111011100100001001001000000000100
000000000111111111111111111111111111111110000000011001010001011101100000100100001011000011010110101011011100100101110101000110011111111101110111111001001111100011110111111011110111011111010110111100001011111111111111101111111011111111111101111111111011011111000111110111111011110100000000000000000000
000000000011111111111111111111111111111110100001000001000000001001000000100000001011000001110010001010011100010100110101010111111110111001010111011000101111100010000100100101011110010111011100111110011011111010111111101111111111111111111101101111111111101110100001110101111010101100000000000000000000
000000000001111111111111111111111111111110110100000110000000001010001000000100000011000001111101111111111101011111000111011111111110111101111111111111111111111111111111111101111111111111111111111111111101111110010001001011111111010100011100111111101111101111100101111111011111111100000000010000000000
000000000000111111111111111111111111111111111011111111001100011101011000110001001010010110111111111111001110111111111111111111111110100101101111110011001010100000100010101001010110001101000010110110001001011110011010101010110000110110000100110111000010000000000001000000000001000000000000000000000000
000000000000011111111111111111111111111110010101001001011001001001000000100010100010110000000000111001010100010000000100000101010000011000010010011000101110100010000100010101001111001111001100011100011011111110111011011111110110111110111111101111011010000010001111010101011010000100000000000000000000
000000000000001111111111111111111111111110010001010111000000010101001000100000000111010100111010111010011000110100010100000111011000110000000110110010101010100000000110100101001110011101001100010100010001001100011101000110010010010100001100110111011011001010000101100100111001010100000000010000000000
000000000000000111111111111111111111111110000000000000000000101000000000000000000000000001011000001001001000000100100001000101010100110111011110111110011011111110101110111101101110001111101001111101111000010101111000100000011101001101000000110110010001000000000101000000000000000000000000010000000000
000000000000000011111111111111111111111110100001000110000001011100001000000000000011010111101111111111111111111111111111111111111110111101010110111000101110110000101110101101001111111101101100111111111011111111011111111111111111111110111111111110111110100111100011010101011111111000000000000000100000
000000000000000001111111111111111111111110110100000011001000101010000000100100010000000001011000101001101000000100110100000100001110111101100110110110111010111110101010111111101100111111101101110111110101101100110111100111111111010101111101110011101011010010001101111110000100110000000000000000000000
000000000000000000111111111111111111111110110000010011011000101010000000000100000001100001001010101011111101001101010101000100111110110100101110010001000010100011101000101101000100001101001100000000001101110111011101001111011011011101001110111111111010100000000101111011011000000000000000000000000000
000000000000000000011111111111111111111110110000000011001000101000000000100100010011000001100000001001000101001100110100000110001000110111110111111111111111111011110001110001111111011111011111111110001011111011110111101111111111011111111111111111111010100110000001111110011010101000000000110010010000
000000000000000000001111111111111111111110010011001001100001010100000000000000000001000001101111011111011111011101110111010111111110111111000110111000101110110000100000101101001110111101101100111111111011111111111111111111111111111111111110111111111110101111101111010111011111111101000000000000000000
000000000000000000000111111111111111111110100001000001000000010100000000000000000001000001100010001001010101001000010101000111010000010110000110111000000010100000000000100001000110011101000100100010001011111110111011010111111110111111101110101111111111101110001111111101111010111100000000000000000000
000000000000000000000011111111111111111110000001010101010100001100100000000001000010000011011110101011101001010101110101010110010100111101110111111001101111101011111100111101110111011111011110111110001101011111011110111110111011111111011101111111011011011010000101000111111011000001000000000000010000
000000000000000000000001111111111111111110100001000001000001000101000000000000000101000001000010111111000111001000000100010111001010110101010110100000001000100000000101101001000101000101000100000010001110011100010000001001110010000000011000000010010110000110000000000100011000000000000000000000000000
000000000000000000000000111111111111111110000000010001000001011000000000000000000010000011111010111011011101100101110101010110011110110111110111111000101110100001100110111011110111011101010110110110001001111111111111100111110010111111111100110111111011111111111111110111111111111100000000000000010000
000000000000000000000000011111111111111110000101010011010001010101100100000000000111010101110000111010011101110101010101000111011000110101100110111000101010100000100110100101001110011101001100110110011101111111111111111111110101111111111111111111111111101111111111111111111111111100000000110000010010
000000000000000000000000001111111111111110000000000011000001010100000000000000000011000101010010111011011101010000100101010111111110110010010110111000111010100000100100101101001111001101001100110100010001111110000001101111010000000100101101100111111111101110101111011101111010101100000000010000000000
000000000000000000000000000111111111111110110000000001001000100000000000000100011000000001100000101001111100000100010100000000000100111111100111110101111111111011110101110111110111001111010011010100001011000101101111101111011111010101111101111011111011000000000101000110001010000000000000000010110000
000000000000000000000000000011111111111110110100000011001000101010000000000100010000000001110000001001011100110100010100000111011000110101000110110100111011111110100110100101001110011111101101011101111001001100011101000110011111010100111100110001111011001110000101101110111000000000000000010000000000
000000000000000000000000000001111111111111000001000001000000000000000000000000000000000010111000101011001001110101110101010110010010110101110111110001101011100101111110111111110100101101101110110110001011011101011110101111111011111110001101110111010011001100000101000100011011110000000000000000000000
000000000000000000000000000000111111111110100000000111000001001101000000000000001011000001100101011011111101011101110111011111111110111111010010000000001110100010000101011001011111111110101100111111011011111111000111101111110010010101111101111111111111100100101011010101011011111100000000000000000000
000000000000000000000000000000011111111110110000000011001000101010000000000100010000000001001000000001101000001000010100010110011010001101100110110110111011110110100000101011101100111011101001000100001101111110111111101111011111111111111111111111101111111110001101111110011010110100100000000000000000
000000000000000000000000000000001111111110010000000011000001111100001000000000001011000111110010111011011101010110110101011111111110110111010110111000101010100000101110101101001111011101101100111110011011111110010001101111010010011100101101110111111111101111101111110101111011111100000000010000000000
000000000000000000000000000000000111111110010001000111110101011101101000000000001011000101010100111111011111010110110001010100011110111101110110111001101110100110101110100001001111110111111100111110011011111111011111101111111010011101101101111111011110100010001001010101111011111100000000010000000000
000000000000000000000000000000000011111110000000010001010000011101000000100000001011000101000000111011010101011000010100000111111001111101010111111001101111101010111101111101011110011111011110111100011011111111111101000111111011110111111100101111111110001110001110010101111011110100000000000000000000
000000000000000000000000000000000001111110100000000001010000000000000000000010001000000101000000111000010000010001000100000010000000111101010100110001101111101010010101100101011111011011001000011100011101100101010101011000111001000110011001001000010000000000100100000001001010000001000000000000000000
000000000000000000000000000000000000111110000000000001000000000000000000000000100000000000010010101011011000000000000101000010001110111100111110010100011011110101111001100001011110001111100111110100111000000100000000000100010000000100001000100110011010011111101111010101011000101110111011100111011110
000000000000000000000000000000000000011110110000011001000101111100000000100100001011000001111000101011011101100101110101010110011110110111110111111000001110100001110110101011110110011101010110110100001001111111111111101111110010111111111101110111111111111111101111110111011111111100000000000000000000
000000000000000000000000000000000000001110010110000111000001111100011000010110001011010001000111101011011101001000110101010110111010110111010110111100001110100100101110101001000111111101101100101110001111111111110100101111110100011101111111111111111111101110101111011101111111111101000000000000000000
000000000000000000000000000000000000000110110110010111010101111101101101110100001111010011111110111111011111111101110111011110101110011110110110111001011110100010110000101001001111011101000101111111001011111111110100101111111000011101111111111111111111101111111111111111111111111100000000100000100000
000000000000000000000000000000000000000010110010000010000000101010000000000100000000000001000000001000111000011000000100000100010000111101111111111011111111111111110101111111011111111111111111111101111111011110111011111111111110111111111001111111111011101000000101111111110010001101001000000000010000
000000000000000000000000000000000000000000100001000001010001000100000000000000001001000101100101101011101101011000110101011111000010111101010010001000001110100000000101001101001010110100101100111111011111111111111111111111111111111111111101111111101110101111101001010001111011101100000000000000000000
000000000000000000000000000000000000000000111011111111111110111111111111111111111111111100001010001000000000100100010001000000000101000000000001000001000000000000000010000000000000000000000000001001000000000010000000000000000000000000000100000001000010000000000010000000000000000000101000000000000000
000000000000000000000000000000000000000000011110111111111111111111111111111101111011111111110110111101110111001101001111001110111000101101000000000011001000000010001001000001000000011000000000100000000110000011010100101110011010010100101100111011100101101101100001111011110110010000000010000000000000
000000000000000000000000000000000000000000001111111011111111111111111111111101011110111001101010001010100000100111010101000100111100101101001100000011011000000010100000000000000000001101000000100000000110000011101011100000101111100011100111111011100011101000100001111010001110000000000000000000000000
000000000000000000000000000000000000000000000111111111101111111111111111111111111111111111111011001100000111000101011010011010010110000000000001000000000000000000000000000000000000000000000000001001000000000010000000000000000010000000000000100000010100000010010000000010000000000000000000000000000000
000000000000000000000000000000000000000000000011100110111011111111111111111111111111011111001000110101010101001110001110011110011010011000000011000000000000000000001010000000000000000000000000001000001110000001100001110000100111000001100011011000110101100100000001111011010110000000000000000000000000
000000000000000000000000000000000000000000000001111111111111111111111111111111111111111111100000010100000010000000000111001010001000000000000011000010000000000000000010000000000000000100000000001001000010000010000000000000000010000000000100000000011000000000100000000001000000010000000000000000000000
000000000000000000000000000000000000000000000000111111111011111111111111111111111111111100110010001010001110010100010100001110001100000000000001000000000000000000000010000001000000000100000000000010000010010010001010000000000000000000100000100100111110101011101010011101011100101100000000000000000000
000000000000000000000000000000000000000000000000001111111110111111111111111111111111111100000000001010000000000001000001000000100000000000000001000001000000001010000010000000000000100000000000000000000010000000000000000000000000000000000000000000000000100001100000001000000001000000000000000000000000
000000000000000000000000000000000000000000000000001001111110011111011111110101011110111001001010001000000100000000010100000000001101000000000001000011000000000000000010000000000000000000000000000001000000000010000000000000000000000000000100100001001110001000101010000111011001010100000010000000000000
000000000000000000000000000000000000000000000000000111111111011110111111111111111011111110101011001110110110000001111000001000110100000000000000000001000000000010000000000000000000000000000000000000000011111111011010000000101101101110010100101111101110000010000000100010010000001100000000000000000000
000000000000000000000000000000000000000000000000000011111111111111111111111111111111111111100100010100000011000000000111101001011001100110000011000010001001000000000010000000000000000100000000101001001010000010000000001000000010000100101001000001000000000000100000000001000010010000000000000000000000
000000000000000000000000000000000000000000000000000001111110111111111111111111111111111111010000001101100110001000000111001100010001001000000011000001000000000000001010000000000000000100000000001000000000000000000000000000000000000000000000000000100011100100101011111001010110100000000001000000000000
000000000000000000000000000000000000000000000000000000111110110111111111111111011011111111001110011110000011101101010111011010111110010000000000000001000000000000010000000000000000000000000000100000000001011010011100001111110010010011111100000001000110000100000001000001000010100000000000000000000000
000000000000000000000000000000000000000000000000000000011111111111111111111111111111111110000000001000000000001100000100001000000000000000000001000000000000000000000000000000000000000000000000000001000000010000000000000000000000000000000000000000000100100111010000000011001001001100000000000000000000
000000000000000000000000000000000000000000000000000000001110111111111111011111101011111101000000000000000000000000000000000000000001000000000011000001000000000010000010000000000001000000000000001001000110010101001000010000000010000100100001100111000010000000000010000000011010000000000000000000000000
000000000000000000000000000000000000000000000000000000000111111111111111111111111111111101100000001000000000000000000000000000000100000000000001000001000000000000000000000000000000000000000000000000000010010110101000100000001111000001101100110000100011110010000001111010000100000100000000000000000000
000000000000000000000000000000000000000000000000000000000011111111111111111111111011111101001010001100000111000101010111010110000110000000000000000011000000000000000000000000000000000000000000000000000000000000000000000000000000000000000000000000111111100011010010100101011111011100000000000000000000
000000000000000000000000000000000000000000000000000000000000111111111111111111111111111100000000001000000000000100000000000000000000000000000001000000000000000000000000000000000000000000000000001001000000000000000000000000000000000000000000000001010100000010011000000011000001001101000000000000000000
000000000000000000000000000000000000000000000000000000000000011111011101111110110111111101110011101010000111010100101101011000111100100001000000000000001000000000000000000000000001000100000000000000001111111100101010111111111111101111111111101111011100000001011101000011111011111000000000000000000000
000000000000000000000000000000000000000000000000000000000000011111111111111111111111111101000000000000100000001000000000000100011010000000000001000000000000000000001010000000000000000000000000001000000000000000000000000000000011000000100000000001100001100000000001110000000010000001000000000000000001
000000000000000000000000000000000000000000000000000000000000001111111111111111111111111111111010101110000110011101011111101000101100000000000011000011000000000000000010000000000000000100000000001000000000000010000010000000000010000000000000100101111010101110101111001001011010110000000000000000000000
000000000000000000000000000000000000000000000000000000000000000111111111111111111111111111011010101101100110001100011110001100011101001000000011001001000000100010001000000000000000000100000000001000000000000010100000000000000000000100000100001001110011100000000001111011010100000000000001000000000000
000000000000000000000000000000000000000000000000000000000000000011111111111111111111111111111010101100000111011101011111101010011000110000000000000011000000000000000000000000000000000100000000000000000000000000000000000000000010000100000010000001111011101110111111011111011111111000000000000000000000
000000000000000000000000000000000000000000000000000000000000000001111111111111111111111111000000001110000010000000000111001100110000000000000000000001000000000000000000000000000000000000000000000000000010000011000000100000000100000000000100010001100000100100000001011000000100000000000000000000000000
000000000000000000000000000000000000000000000000000000000000000000111111111111111111111101110111101000000110001100001101001000011101000001000011000011001000000010000010000001000000000100000100001001000000000000000000000100001000000000001000001001000110000110110000000101011011001100000000000100000010
000000000000000000000000000000000000000000000000000000000000000000011111111111111111111100000000000000001000000000000000000000000001000001000011000000001000100000000011000001000000000000000010001001000000000000000100010000001011000100000001000001000100000000000010000010001000000000000000000000000000
000000000000000000000000000000000000000000000000000000000000000000001111111111111111111111011010001100000110000001011110011010011010000000000001000010000000000000000010000000000000000000000000000000000000000000000000000000000000000000000000000001001011001011101101001111000000110000000000000000000000
000000000000000000000000000000000000000000000000000000000000000000000111111111111111111111010001101100100110001100001111001100011100001000000011000011000000000000001010000000000000000100000000001000000000000000000000000000000000000000000000000001111111111101111011111111011111111100000000000000000000
000000000000000000000000000000000000000000000000000000000000000000000011111111111111111101001000001000000100000100010100000000000000000000000001000000000000000000000000000000000000000000000000000001000000000010001010000000000000000000000111100101011110001011111010001111011000011000000000000000000000
000000000000000000000000000000000000000000000000000000000000000000000001111111111111111100000010001000000000000000000000000010000101000000000001000000000000000000000000000000000000000000000000000000000000000000000000000000000000000000000000000001010000000000100000000000001001000000000000000000000001
000000000000000000000000000000000000000000000000000000000000000000000000111111111111111101000000001000000000000000000100000000000001000000000001000000000000000000000010000000000000000000000000001001000000000000000000000000000000000000000000000001010010100000010000000101011000010000000000000000000000
000000000000000000000000000000000000000000000000000000000000000000000000011101111111111100001010001000000000000000000100000000010101000000000000000011000000000000000000000000000000000000000000001001000000000010000000000000000000000000100000000001000000000000100000000000000000000001000000000000000000
000000000000000000000000000000000000000000000000000000000000000000000000001111111111111101001010001000000000000100010100000000010100000000000001000001000000000000000010000000000000000000000000001001000010000010000000000000000000000000000110100001010010001000100001000111011011010000000000000000000001
000000000000000000000000000000000000000000000000000000000000000000000000000111111111111100000000001000010110000000001100001000010100000000000001000000000000000000000000000000000000000000000000000001000000010000000000000000000000000000000000000001010100000010100000000010001000001100000000000000000000
000000000000000000000000000000000000000000000000000000000000000000000000000011111111111101000000000000000100000000000100000100010000001000000101000000010000000010100010000000001000001101000000001000000000000000000000000100000110000000100000100001100010100000100001011011001100000000000010000000000000
000000000000000000000000000000000000000000000000000000000000000000000000000001111011111101100000101000000110000000100100001000000100000000000011000010000000000000000010000000000000000100000000001001001010000000100000000000000000000000000010000000000000000000000000000000000000000000000000000000000000
000000000000000000000000000000000000000000000000000000000000000000000000000000111111111100001000001000000000000000000000000000010000000000000001000001000000000000000000000000000000000000000000000001000000000000000000000000000000000000000000000001001010001000111000000111011011010000000000000000000000
000000000000000000000000000000000000000000000000000000000000000000000000000000011111111101000000001000100110000000011000001000000000000010000011000000000000000000000000000000000000100000000000001001001010110000001000010000101000001010100111100111010100010101100000000000000000000000001000010010100100
000000000000000000000000000000000000000000000000000000000000000000000000000000001111011101000000001000000000000000000100000100000000001000001101000011000000000010100000000000000000000000000000100001000000000000000000000000001000000000000000000001100001100000100001111011000100000000000000000000000000
000000000000000000000000000000000000000000000000000000000000000000000000000000000111111111011000001100000110000000010111001000001101000000000011000011000000000000000010000000000000000100000000001000000000000000000000000000000011000100100100001001000010000100100001000001010010100000000000000000000000
000000000000000000000000000000000000000000000000000000000000000000000000000000000011011000000000000000000000000000000000000000000000000000000010000000000000000000000000000000000000000000000000001001000000010000001010100010000000000000000011100101010011101101001111100101011000110001000000000001000000
000000000000000000000000000000000000000000000000000000000000000000000000000000000001111111011011001100000110000100011111001000001100000000000011000011001000100010000010000000000000000100000000001000000000000010000000000000000011000100000100101001000010000000100011000001010010100000000000000000000000
000000000000000000000000000000000000000000000000000000000000000000000000000000000000111101000000100100011111001000001110001100010000011001000011000000001000000000000010000000000000000100000100001000000010010000000000000100001001000100101010001001111110101111111111011101111010111100000000000000000010
000000000000000000000000000000000000000000000000000000000000000000000000000000000000011100001000001010000010000001000101101000101000000000000000000001000000000000000000000000000000000000000000000001000000000010000000000000000000000000000100000000000000000000010000000000001000000000000000000000000000
000000000000000000000000000000000000000000000000000000000000000000000000000000000000001111010000101110000110000010001111001000101000000000000011000011000000000000000010000000000000000000000000001000000010000000000000000000000000000000100000000000011010000000101010000011010000100000000000000000000000
000000000000000000000000000000000000000000000000000000000000000000000000000000000000000110000000001100000111000000001110001000010100000000000001000000000000000000000000000000000000000000000000000001000000010000000000000000000000000000000000000001010000000011000000000010001000000000000000000000000000
000000000000000000000000000000000000000000000000000000000000000000000000000000000000000010111101110110011010011011000111111011101010110100000011000011000000000000000010000100001000000000000000001000011000000010000000000000001000000000000000001000000000000000000000000001000001000000000000000000000000
000000000000000000000000000000000000000000000000000000000000000000000000000000000000000001111111111111111111111111111111111111111110111100000000000011000000000000000000001001000000100100000000000001001010000100000000000000001000000000000100001000000000000111100000000001001101010100000000000000000000
000000000000000000000000000000000000000000000000000000000000000000000000000000000000000000111111111111111111011111011111111111111010111101000000000001001000100010001000000000000000010101000000110001000110101110100110011101101011100110101100001001100111100100100001111000010110000000000000000000000000
000000000000000000000000000000000000000000000000000000000000000000000000000000000000000000011111111110111111111111111111111111111110000000000000000011001000100000000000000001000000000100000100000010001000100110001010010000111010001111000100011000001111000111010001100101111011111100000000000000000000
000000000000000000000000000000000000000000000000000000000000000000000000000000000000000000001111111111011111111111111111111111111110010000000000000011000000000000000000000000000100000000000000000000000000000100000000000000000000000100000100000000000001000010110000000100011010000000000000000000000000
000000000000000000000000000000000000000000000000000000000000000000000000000000000000000000000110111111111111111111111111111111111110111101100000000011001000000000001000001001000000100000100000110010001100001110001000000000001010000100001111011010100001110000100001111001000101000000000000000000000000
000000000000000000000000000000000000000000000000000000000000000000000000000000000000000000000011111110010111111111111111111111111110111100000100000011000000110000100000000100000010001101100000110001111000000010101000011000011001010110010000011000011110000010000010000011001011010100000000000000000000
000000000000000000000000000000000000000000000000000000000000000000000000000000000000000000000001111111011111111111111111111111111110100101101110010111000010100100100000000010000100100000000000100110001000000110100000000000000000000100000100000000011111000011010001100100111011111100000000000000000000
000000000000000000000000000000000000000000000000000000000000000000000000000000000000000000000000111111111111111111111111111111111110010001101000000001000000000010000000001101000000100100001100100010001010000110000111001111111001110100111000001010001101100011000000000100011110011100000000000000000000
000000000000000000000000000000000000000000000000000000000000000000000000000000000000000000000000011111111111111111111111111111111110101101101010100011001000100010000000101101000100100000001100110010011000110110101101011010011000111010001111111100000000000111000000000000000001000000000000000000000000
000000000000000000000000000000000000000000000000000000000000000000000000000000000000000000000000000111011111111111111111111111111110010100000000000001000000100000000000000001000110100000001100100000010000000010000000000000010000000100000000000000111111100111110011100101111111111100000000000000000000
000000000000000000000000000000000000000000000000000000000000000000000000000000000000000000000000000111111111111111111111111111111110111101001100000011001000010000000001000101000000100000100010110001111111010110101000001010011001010110000100011000000110001101111000100100000001000000000000000000000000
000000000000000000000000000000000000000000000000000000000000000000000000000000000000000000000000000011111111111111111111111111111110111101000000000011001000000000000000000000000000000100000000100001000000000110000000000000001000000000000000001000001100000111100000000001001111110100000000000000000000
000000000000000000000000000000000000000000000000000000000000000000000000000000000000000000000000000001111111111111111111111111111110000000101000000011000000000010000000000100000000100000001000000000001000000110000110000000110000100000000110011000000101000111100000000001001011010000000000000000000000
000000000000000000000000000000000000000000000000000000000000000000000000000000000000000000000000000000111111011111111111111111111110001000000000000000000000000000001000000000000000000000000000000000000000000000000000000000000000000000000000000000100001110000000001111000000100010000000000000000000000
000000000000000000000000000000000000000000000000000000000000000000000000000000000000000000000000000000011110001011111111011101111110111101101000000001000000000011101000001100000000110100101110100010001100111111111111111111111111111111111110111110000101110100000001111000000101000000000001000000000000
000000000000000000000000000000000000000000000000000000000000000000000000000000000000000000000000000000001111011111111111111111111110111101100000110000001010100100000100100101001110100100001100101011011000000100000000000000001000000100000000001000111111101111110011100101111111111100000000010000000000
000000000000000000000000000000000000000000000000000000000000000000000000000000000000000000000000000000000111111111111111111111111110111101100110110110001010110100100001101011000100111100100110110111111111111111011110001111111111111111111111111110001111011001100000100101000001010000000000000000000000
000000000000000000000000000000000000000000000000000000000000000000000000000000000000000000000000000000000011111111111111111111110110010000000000000001000000000000000000000000000000000100000000000000000000000000100000000001001000000000000000001000000100000111101000000111011011101100000000000000000100
000000000000000000000000000000000000000000000000000000000000000000000000000000000000000000000000000000000001111111111111111111111110111101001000000011001000000000000000000001000000000100000000100001000000000110000000000000001000000000000000001000000100000110100000000001000010001100000000000000000000
000000000000000000000000000000000000000000000000000000000000000000000000000000000000000000000000000000000000011111111111111111111110010000000000000000000000000000000000000000000000000100000000000000000000000000100000000000000000000100000000000000111111100111010011100101111111111100000000000000000000
000000000000000000000000000000000000000000000000000000000000000000000000000000000000000000000000000000000000011101111111111011111110000000000010000011000000000000000000000000000000000000000000000000000000000010000000000000000000000000000100000000000000000000000010000000000000000000000000000010000000
000000000000000000000000000000000000000000000000000000000000000000000000000000000000000000000000000000000000001111111111111111111110010000000000000011000000100000000000000000001000000000000000000010000000000100000000000000000000000100000100001000001011000010110010000101111110011100000000010000000000
000000000000000000000000000000000000000000000000000000000000000000000000000000000000000000000000000000000000000111111111111111111110011000000000000001000000100000001000000001001000100100000100000000011000000010100000010000001001000000000000001000100101100100000001101001100101010100000000000000000000
000000000000000000000000000000000000000000000000000000000000000000000000000000000000000000000000000000000000000011111111111111111110010000100000000011001000100000000000000000100100000000000000000010000000010110001000000000010000000100001100000000011111100011110011100101111111111100000000000000000000
000000000000000000000000000000000000000000000000000000000000000000000000000000000000000000000000000000000000000001111111111111111110011000001000000011000000000010000000000000000000000000000000000000001010000110000000000000000100000000000000001000100001100000000001111000000100010000000000000000000000
000000000000000000000000000000000000000000000000000000000000000000000000000000000000000000000000000000000000000000111111111111111110110101001000000011000100000010000000001101000000100000101000100010001000100110100101001010111011010000000110111110000011000101100000000101000001000000000000000000000000
000000000000000000000000000000000000000000000000000000000000000000000000000000000000000000000000000000000000000000011101111111010110010000000000000000001000100000000000000001000000000100000000000010000010110101101010010000111110101111001000111110111100110111010001100110111011111100000000000000000000
000000000000000000000000000000000000000000000000000000000000000000000000000000000000000000000000000000000000000000001111111111111110010001100000000011001000100000000010001001100100000000000010000010000000010111000000000000011010000110001111100110001011000010010011100100111010101100000000000000000000
000000000000000000000000000000000000000000000000000000000000000000000000000000000000000000000000000000000000000000000111111111111110011101000000000011001000000000000000000000000000010100000000100001001010100010000100011010101001010000001000001000101101000111100000100000011111011100000000000000000000
000000000000000000000000000000000000000000000000000000000000000000000000000000000000000000000000000000000000000000000011111111111110110101000000000011001100010000000000001001000110110101100100110011011001111110010000000111111010011101101100010000011111001111100101100111100001110001000000000000000010
000000000000000000000000000000000000000000000000000000000000000000000000000000000000000000000000000000000000000000000001111111111110111101000000000011001000000000000000000001000000000100000000100001000000000110000000000000001000000000000000001000010100000011000000000101001101010100000000000000000000
000000000000000000000000000000000000000000000000000000000000000000000000000000000000000000000000000000000000000000000000111111111110111101101100001011000100010011100000001100000000000100101100110001111011111111111111101111111011111011110110111110011100000010000010000101001011010000000000000000000000
000000000000000000000000000000000000000000000000000000000000000000000000000000000000000000000000000000000000000000000000011011111110010000000000000001000000000000000000000000000000000000000000000000000000000010000000000000001000000000000000001000000000000110000010000001000101010001100001000000000000
000000000000000000000000000000000000000000000000000000000000000000000000000000000000000000000000000000000000000000000000001111111110111101000000000011000000000000001000000001000000000000100000100000000100000110000000000000100000000000000000000000111111110011000001111101001111001100000000000000000000
000000000000000000000000000000000000000000000000000000000000000000000000000000000000000000000000000000000000000000000000000111111110011101000000000001001000000000000000000000000000010100000100100001001000100010100100000110101001000000001100001000101100000111100000000001000111110100000000000000000000
000000000000000000000000000000000000000000000000000000000000000000000000000000000000000000000000000000000000000000000000000011111010111100000110001000000100110000001000000001000100000100100100110010001011100111111010111111111111101111111100111110101111110110000001111001011111110100000000000000000000
000000000000000000000000000000000000000000000000000000000000000000000000000000000000000000000000000000000000000000000000000001111110110001000000000010000000000000000000000001000000000000000000000010000000000100000000000000000000000100000100000000111111101111010011100101111111111100000000000000000000
000000000000000000000000000000000000000000000000000000000000000000000000000000000000000000000000000000000000000000000000000000111110010101000000001010000000100000000000000000000110100100001100100010011000000010000000000000010010000100000000000000001100001010010000000100000111110100000000000000000000
000000000000000000000000000000000000000000000000000000000000000000000000000000000000000000000000000000000000000000000000000000011110010000101000000001000100100010000000000101000000000000001000000010001000100110100101001000110001010100001110011000001101100010110010100101011111011100000000000000000000
000000000000000000000000000000000000000000000000000000000000000000000000000000000000000000000000000000000000000000000000000000001110111100000000010010000010100000001000100101001110001101101100110111011100001110101000000000111000000110000011011000111111111110010011111001111111100000000000000000000000
000000000000000000000000000000000000000000000000000000000000000000000000000000000000000000000000000000000000000000000000000000000110111100100000100011000000100000001000100001000110100100000100100001000110000110000000000000011000000100001000001000100001110000100001111000000100010000000000000000000000
000000000000000000000000000000000000000000000000000000000000000000000000000000000000000000000000000000000000000000000000000000000010100101101100000011001000000000100000001000000000100100000100100010001000000100100000000000001000001100000111010000011101010010100000000100011111111100000000000000000000
000000000000000000000000000000000000000000000000000000000000000000000000000000000000000000000000000000000000000000000000000000000000101101000000000011000000000000001000000001000000000000100000100000000100000110000000000000000000000000000000000000110101110010100001111101001111110000000000000000000000
000000000000000000000000000000000000000000000000000000000000000000000000000000000000000000000000000000000000000000000000000000000000111111111111111111111111111111111111111011111111111111111111111111110000000001000000000000000010000001000000010000000000000000000010000000000000000010111110111111011111
000000000000000000000000000000000000000000000000000000000000000000000000000000000000000000000000000000000000000000000000000000000000011111111111111111111111111111111111111111111111111111111111111111111110111111101111111111111111111111111111111110000010000000000001000011000001010001001000110110110111
000000000000000000000000000000000000000000000000000000000000000000000000000000000000000000000000000000000000000000000000000000000000001111111111111111111111111111110111111111111111111111111111111111111110000111101111111001111111010101101001011000111100101100110001010011110111100001010000110100110100
000000000000000000000000000000000000000000000000000000000000000000000000000000000000000000000000000000000000000000000000000000000000000111111111111101111111110111111111111111111111111111110111111111111111000111101111111010111111110111101011111110100011110100000001111010000011000011111111101101111111
000000000000000000000000000000000000000000000000000000000000000000000000000000000000000000000000000000000000000000000000000000000000000011111111111111111111111111111111111111111111111111111111111111111111111111111101111010111111011111101111111110000010000100000001000011000001010011011000110111110111
000000000000000000000000000000000000000000000000000000000000000000000000000000000000000000000000000000000000000000000000000000000000000001111111111111111111111111111111111111111111111111111111111111111111111011010001101010011111011101100111111110000000000000000000000010000000000011011010111011111111
000000000000000000000000000000000000000000000000000000000000000000000000000000000000000000000000000000000000000000000000000000000000000000111111111111111111111111111111111111111111111111111111111111111110111011011111111010111111111111111011111110000010000000100000000010000000000011011000110111110111
000000000000000000000000000000000000000000000000000000000000000000000000000000000000000000000000000000000000000000000000000000000000000000011111111111111111111111111111111111111111111111111111111111111010100111001111101110111111110110101110111110000000000000000000000000000010000001011100110000110011
000000000000000000000000000000000000000000000000000000000000000000000000000000000000000000000000000000000000000000000000000000000000000000001111111111111111111111111111111111111111111111111111111111111010010011001000101000111111010010100001001000000010010000000000000010000010000011011101111011111111
000000000000000000000000000000000000000000000000000000000000000000000000000000000000000000000000000000000000000000000000000000000000000000000111111111111111111111111111111111111111111111111111111111111000110110111101001010111011010010101110111110000000000000000000000010000000000011010110111001111111
000000000000000000000000000000000000000000000000000000000000000000000000000000000000000000000000000000000000000000000000000000000000000000000011111111111111111111111111111111111111111111111111111111111110100111100001101010011111010101101011011000000010000000000001000010000011000011000000110111110111
000000000000000000000000000000000000000000000000000000000000000000000000000000000000000000000000000000000000000000000000000000000000000000000001111111111111111111111111111111111111111111111111111111111100000101001001100000011110000101100011010010000000000000000010000010000000000011001111011111011011
000000000000000000000000000000000000000000000000000000000000000000000000000000000000000000000000000000000000000000000000000000000000000000000000111111111111111111110111111111111111111111111111111111111010000001001101111010011011010101000001111010000000000000000010000000000000000011101111001101111011
000000000000000000000000000000000000000000000000000000000000000000000000000000000000000000000000000000000000000000000000000000000000000000000000011111111111111111111111111111111111111111111111111111111110000000000001100000011111000101000000010000000000010000000000000000000000010011011101011111111111
000000000000000000000000000000000000000000000000000000000000000000000000000000000000000000000000000000000000000000000000000000000000000000000000001111111111111111111111111111111111111111111111111111111000000110000001101010011011010100100001011010000000010000000000000010000000000001011111110101111011
000000000000000000000000000000000000000000000000000000000000000000000000000000000000000000000000000000000000000000000000000000000000000000000000000111111111111111111111111111111111111111111111111111110000000001100000100000011111000111100001010000000000010000000000000010001000000011111111111011111111
000000000000000000000000000000000000000000000000000000000000000000000000000000000000000000000000000000000000000000000000000000000000000000000000000011111111111111111111111111111111111111111111111111110000000001000001110000011011000100100000011000000000010000000000000000000000000001011111110101111011
000000000000000000000000000000000000000000000000000000000000000000000000000000000000000000000000000000000000000000000000000000000000000000000000000001111111111111111111111111111111111111111111111111111000000011000000100000011110000100000100010000000000000000000000000010000000000001000000010010010000
000000000000000000000000000000000000000000000000000000000000000000000000000000000000000000000000000000000000000000000000000000000000000000000000000000111111111111110111111111111111111111111111111111111111111111011111111111111111111111111111111110000000100000000000000000000010000000000000010000100000
000000000000000000000000000000000000000000000000000000000000000000000000000000000000000000000000000000000000000000000000000000000000000000000000000000011111111111111111111111111111111111111111111111111000000000000001100000011110000100000000000000000000001000000000000010000000000011001101111101111111
000000000000000000000000000000000000000000000000000000000000000000000000000000000000000000000000000000000000000000000000000000000000000000000000000000001111111111111111111111111111111111111111111111110000000001000000000000001110000000100000011000000000010000000000000010000000000001011111111111111111
000000000000000000000000000000000000000000000000000000000000000000000000000000000000000000000000000000000000000000000000000000000000000000000000000000000111111111110111111111111111111111111111111111111110011111111111111010111111010101111001011010000010000000000000000010000010000001001000010010110110
000000000000000000000000000000000000000000000000000000000000000000000000000000000000000000000000000000000000000000000000000000000000000000000000000000000011111111111111111111111111111111111111111111111111110111110111111111110111111111111101111110000000010000000000000010000010000011011110111110111111
000000000000000000000000000000000000000000000000000000000000000000000000000000000000000000000000000000000000000000000000000000000000000000000000000000000001111111111111111111111111111111111111111111111110010111001101111010011011011101001101111110000010000000000000000010000000000001011011110100110011
000000000000000000000000000000000000000000000000000000000000000000000000000000000000000000000000000000000000000000000000000000000000000000000000000000000000111111111111111111111111111111111111111111111110000010000001101010011011011100100001111010000010000000000000000010000000000011111111111101111111
000000000000000000000000000000000000000000000000000000000000000000000000000000000000000000000000000000000000000000000000000000000000000000000000000000000000011111111111111111111111111111111111111111111111111111111111111010111111111111111111111110000010000000000001000010001010000011001000110010110100
000000000000000000000000000000000000000000000000000000000000000000000000000000000000000000000000000000000000000000000000000000000000000000000000000000000000001111111111111111111111111111111111111111111010100111101000101010011111010101101001011000000000010000000000000010000001000011111110111011111111
000000000000000000000000000000000000000000000000000000000000000000000000000000000000000000000000000000000000000000000000000000000000000000000000000000000000000111111111111111111111111111111111111111111001000111000001001010111011010100101011011010000000000000000000000000000000000010011100011011111101
000000000000000000000000000000000000000000000000000000000000000000000000000000000000000000000000000000000000000000000000000000000000000000000000000000000000000011111111111111111111111111111111111111111000000001000000100000011110000100000000010000000000011000000000000010000000000001011111111101111011
000000000000000000000000000000000000000000000000000000000000000000000000000000000000000000000000000000000000000000000000000000000000000000000000000000000000000001110111111111111111111111111111111111111111111111111111111111111111111111111111111110010010100000000000001010000010000001001000110011110001
000000000000000000000000000000000000000000000000000000000000000000000000000000000000000000000000000000000000000000000000000000000000000000000000000000000000000000111111111111111111111111111111111111111111111111111111111110111111111111111111111110000000000000000000000010000000000001010100110000110011
000000000000000000000000000000000000000000000000000000000000000000000000000000000000000000000000000000000000000000000000000000000000000000000000000000000000000000011111111111111111111111111111111111111010000011100000101010011111011101101001010000000010000000000000000010000001000011000000110111110111
000000000000000000000000000000000000000000000000000000000000000000000000000000000000000000000000000000000000000000000000000000000000000000000000000000000000000000001111111111111111111111111111111111111110000001000001101010011111010101000101011000000000000000000000000000000000000001011110111111111111
000000000000000000000000000000000000000000000000000000000000000000000000000000000000000000000000000000000000000000000000000000000000000000000000000000000000000000000111111110111111111111111111111110111100000010100001001000010111000001100000010000100001110000000001111000000000000011111011100101010111
000000000000000000000000000000000000000000000000000000000000000000000000000000000000000000000000000000000000000000000000000000000000000000000000000000000000000000000011111111111111111111111111111111111110000001000001100000001011000101001000010000000000000000000000000000000010000011011100111110111111
000000000000000000000000000000000000000000000000000000000000000000000000000000000000000000000000000000000000000000000000000000000000000000000000000000000000000000000001111111111111111111111111111111110000000101001000100000011000000000000101110110000000000000000010000010000000000011111111101111101011
000000000000000000000000000000000000000000000000000000000000000000000000000000000000000000000000000000000000000000000000000000000000000000000000000000000000000000000000111111111111111111111111111111111110011011001100111010011111010110001001011000000000010000000000000010000000000011110111111011111111
000000000000000000000000000000000000000000000000000000000000000000000000000000000000000000000000000000000000000000000000000000000000000000000000000000000000000000000000011111111111111111111111111111111110000101100001100000011111000101001000011000000010000000000000000010000000000011011110011111111111
000000000000000000000000000000000000000000000000000000000000000000000000000000000000000000000000000000000000000000000000000000000000000000000000000000000000000000000000001111111111111111111111111111110100000001100000100000001011000001000000011000000000000000000000000000000000000011010110111111111111
000000000000000000000000000000000000000000000000000000000000000000000000000000000000000000000000000000000000000000000000000000000000000000000000000000000000000000000000000111111111111111111111111111111011110111011111111110111011111111101111111110000000000000000000000010000000000000011111100000100111
000000000000000000000000000000000000000000000000000000000000000000000000000000000000000000000000000000000000000000000000000000000000000000000000000000000000000000000000000011111111111111111111111111111111110111111111111011111111111111111111111110000000001000000000000010000001000001000000010000110110
000000000000000000000000000000000000000000000000000000000000000000000000000000000000000000000000000000000000000000000000000000000000000000000000000000000000000000000000000001111111111111111111111111110100000101000001100000001011000001100001010000000010001000000000000000000000000010011110111111111111
000000000000000000000000000000000000000000000000000000000000000000000000000000000000000000000000000000000000000000000000000000000000000000000000000000000000000000000000000000111111111111111111111111111110011101101111111010111111010101111001011000001010000100000001000010000011010011001000110010110110
000000000000000000000000000000000000000000000000000000000000000000000000000000000000000000000000000000000000000000000000000000000000000000000000000000000000000000000000000000011111111111111111111111111110000011001101111010011011010101000101110110000010001000000000000010000010000001010111110111111101
000000000000000000000000000000000000000000000000000000000000000000000000000000000000000000000000000000000000000000000000000000000000000000000000000000000000000000000000000000001111111111111111111111111110010011011101111010011011011101001111111110000010010000000000000010000000000001011111110101111011
000000000000000000000000000000000000000000000000000000000000000000000000000000000000000000000000000000000000000000000000000000000000000000000000000000000000000000000000000000000111111111111111111111111000000001000001000000001110000000100000011000000000010000000000000010100000000001011111111111111011
000000000000000000000000000000000000000000000000000000000000000000000000000000000000000000000000000000000000000000000000000000000000000000000000000000000000000000000000000000000011111111111111111111111110010111011101111010011111011101111111111110000010001000000000000010000000000001000000010010010010
000000000000000000000000000000000000000000000000000000000000000000000000000000000000000000000000000000000000000000000000000000000000000000000000000000000000000000000000000000000001111111111111111111111101000011010101111010011111010101111101110110000010000000000000000011000011010011001111110111111101
000000000000000000000000000000000000000000000000000000000000000000000000000000000000000000000000000000000000000000000000000000000000000000000000000000000000000000000000000000000000111111111111111111111110110001001000100000011111000110100011110110000000000000000000000010000000000001011101111000110101
000000000000000000000000000000000000000000000000000000000000000000000000000000000000000000000000000000000000000000000000000000000000000000000000000000000000000000000000000000000000011111111111111111111110000110000001001010011001010100001001011000000000011001000000000010000000000011011010010111100111
000000000000000000000000000000000000000000000000000000000000000000000000000000000000000000000000000000000000000000000000000000000000000000000000000000000000000000000000000000000000001111111111111111111111111111110101101111111111111101111101111110000000000000000000000010000000000011011100100010110111
000000000000000000000000000000000000000000000000000000000000000000000000000000000000000000000000000000000000000000000000000000000000000000000000000000000000000000000000000000000000000111111111111111110110000111100001100000111111000001101001011000000010000000000101000010000001000001001100110111110111
000000000000000000000000000000000000000000000000000000000000000000000000000000000000000000000000000000000000000000000000000000000000000000000000000000000000000000000000000000000000000011111111111111111111101111110111111111111111111111111101111110001111000110000011000011011011010011011000110010111110
000000000000000000000000000000000000000000000000000000000000000000000000000000000000000000000000000000000000000000000000000000000000000000000000000000000000000000000000000000000000000001111111111111111110000011001101111010011111010101101111011010000010000000000000000010000010000001011111110111111111
000000000000000000000000000000000000000000000000000000000000000000000000000000000000000000000000000000000000000000000000000000000000000000000000000000000000000000000000000000000000000000111111111111111110000111100001100000011111000001101000011000000010000000000101000010000011000011001100110111110111
000000000000000000000000000000000000000000000000000000000000000000000000000000000000000000000000000000000000000000000000000000000000000000000000000000000000000000000000000000000000000000011111111111111110100111101001111010011111010101101011011010000000000000000000000010000001000011111111110101111111
000000000000000000000000000000000000000000000000000000000000000000000000000000000000000000000000000000000000000000000000000000000000000000000000000000000000000000000000000000000000000000001111111111111110010011011101111010011111011101000101101110000000000000000000000010000000000001011111111000111011
000000000000000000000000000000000000000000000000000000000000000000000000000000000000000000000000000000000000000000000000000000000000000000000000000000000000000000000000000000000000000000000111111111111010110111001101101011111111111110101110111110000000001000000000000011000000000001000000010110010010
000000000000000000000000000000000000000000000000000000000000000000000000000000000000000000000000000000000000000000000000000000000000000000000000000000000000000000000000000000000000000000000011111111111100111011010101101010111111010111101101110110000001000100000000000010000000000011011101011100110011
000000000000000000000000000000000000000000000000000000000000000000000000000000000000000000000000000000000000000000000000000000000000000000000000000000000000000000000000000000000000000000000001111111111110011011011101111010011011011101001101101110000010000000000000000010000000000011011110110100110111
000000000000000000000000000000000000000000000000000000000000000000000000000000000000000000000000000000000000000000000000000000000000000000000000000000000000000000000000000000000000000000000000111111110000000001000000100000001110010000100001010000000000010000000000000010000000000011011111111111111011
000000000000000000000000000000000000000000000000000000000000000000000000000000000000000000000000000000000000000000000000000000000000000000000000000000000000000000000000000000000000000000000000011111111111111111111101111010011111111111111111111110000010000000100000000011000001010011011000110111111111
000000000000000000000000000000000000000000000000000000000000000000000000000000000000000000000000000000000000000000000000000000000000000000000000000000000000000000000000000000000000000000000000001111111111011111001111111010111111111111101111111110000010010001000000000010000001000011001100011111111011
000000000000000000000000000000000000000000000000000000000000000000000000000000000000000000000000000000000000000000000000000000000000000000000000000000000000000000000000000000000000000000000000000111111100000000000000101000011110000101101000010000000000000000000010000010000000000011111110111111111111
000000000000000000000000000000000000000000000000000000000000000000000000000000000000000000000000000000000000000000000000000000000000000000000000000000000000000000000000000000000000000000000000000011111000001101000000101000011010000100101000101010000000000000000000000000000000000001010000110001010001
000000000000000000000000000000000000000000000000000000000000000000000000000000000000000000000000000000000000000000000000000000000000000000000000000000000000000000000000000000000000000000000000000001111111111111111111111111111111111111101111111110001000000000000000000010000000000001011000110100110111
000000000000000000000000000000000000000000000000000000000000000000000000000000000000000000000000000000000000000000000000000000000000000000000000000000000000000000000000000000000000000000000000000000110110000101100000100000001111000001101000011000000000000100000010000010000001000011101111111111111111
000000000000000000000000000000000000000000000000000000000000000000000000000000000000000000000000000000000000000000000000000000000000000000000000000000000000000000000000000000000000000000000000000000011010000111100000101000011111000000101001011000000000010000000000000010000001000011011110110001111111
000000000000000000000000000000000000000000000000000000000000000000000000000000000000000000000000000000000000000000000000000000000000000000000000000000000000000000000000000000000000000000000000000000001110000111100001101010011111010100101011011010000000000000000000000010000001000011011011110000110111
000000000000000000000000000000000000000000000000000000000000000000000000000000000000000000000000000000000000000000000000000000000000000000000000000000000000000000000000000000000000000000000000000000000111111111111111111111111111111111111111111110000010001000000000000000000001000000000000010000000000
000000000000000000000000000000000000000000000000000000000000000000000000000000000000000000000000000000000000000000000000000000000000000000000000000000000000000000000000000000000000000000000000000000000011111111111111111111111111111111111111111110000001000000000001000001000010000001011001100011010000
000000000000000000000000000000000000000000000000000000000000000000000000000000000000000000000000000000000000000000000000000000000000000000000000000000000000000000000000000000000000000000000000000000000001111111111111111111111111111111111111111111101011100100100001010001000011010001001000000000100000
000000000000000000000000000000000000000000000000000000000000000000000000000000000000000000000000000000000000000000000000000000000000000000000000000000000000000000000000000000000000000000000000000000000000111111111111111111111111111111111111111110001010000000000001000000000011000000000000000000000000
000000000000000000000000000000000000000000000000000000000000000000000000000000000000000000000000000000000000000000000000000000000000000000000000000000000000000000000000000000000000000000000000000000000000011111111111111111111111111111111111111111001000000100000001000000010000000000000000000000000000
000000000000000000000000000000000000000000000000000000000000000000000000000000000000000000000000000000000000000000000000000000000000000000000000000000000000000000000000000000000000000000000000000000000000001111111111111111111111111111111111111111000000000000000001000000000011000000000000000000000000
000000000000000000000000000000000000000000000000000000000000000000000000000000000000000000000000000000000000000000000000000000000000000000000000000000000000000000000000000000000000000000000000000000000000000111111111111111111111111111111111111111001000000100000001000000000000000000000000000010000000
000000000000000000000000000000000000000000000000000000000000000000000000000000000000000000000000000000000000000000000000000000000000000000000000000000000000000000000000000000000000000000000000000000000000000011111111111111111111111111111111111110000000000000000010000000000001010000000000000000000000
000000000000000000000000000000000000000000000000000000000000000000000000000000000000000000000000000000000000000000000000000000000000000000000000000000000000000000000000000000000000000000000000000000000000000001111111111111111111111111111111111110000000000000100000000011000001000000000000000000000000
000000000000000000000000000000000000000000000000000000000000000000000000000000000000000000000000000000000000000000000000000000000000000000000000000000000000000000000000000000000000000000000000000000000000000000111111111111111111111111111111111110000000000000000000000010000011000001010000110110110000
000000000000000000000000000000000000000000000000000000000000000000000000000000000000000000000000000000000000000000000000000000000000000000000000000000000000000000000000000000000000000000000000000000000000000000011111111111111111111111111111111110000000000000000001000000000011100101010000110111110000
000000000000000000000000000000000000000000000000000000000000000000000000000000000000000000000000000000000000000000000000000000000000000000000000000000000000000000000000000000000000000000000000000000000000000000001111111111111111111111111111111110000000000000000000000000000010000100000000000000000000
000000000000000000000000000000000000000000000000000000000000000000000000000000000000000000000000000000000000000000000000000000000000000000000000000000000000000000000000000000000000000000000000000000000000000000000111111111111111111111111111111111000010000000000001000100000000000000000000000010010000
000000000000000000000000000000000000000000000000000000000000000000000000000000000000000000000000000000000000000000000000000000000000000000000000000000000000000000000000000000000000000000000000000000000000000000000011111111111111111111111111111110000000000000000000000000000010000000000000000000000000
000000000000000000000000000000000000000000000000000000000000000000000000000000000000000000000000000000000000000000000000000000000000000000000000000000000000000000000000000000000000000000000000000000000000000000000001111111111111111111111111111111000000001000000101100100010010000100000000000000010000
000000000000000000000000000000000000000000000000000000000000000000000000000000000000000000000000000000000000000000000000000000000000000000000000000000000000000000000000000000000000000000000000000000000000000000000000111111111111111111111111111110000000000000000000000010000000000001000000110011010000
000000000000000000000000000000000000000000000000000000000000000000000000000000000000000000000000000000000000000000000000000000000000000000000000000000000000000000000000000000000000000000000000000000000000000000000000011111111111111111111111111110000010001000000000010010000011000001010000110011110000
000000000000000000000000000000000000000000000000000000000000000000000000000000000000000000000000000000000000000000000000000000000000000000000000000000000000000000000000000000000000000000000000000000000000000000000000001111111111111111111111111110000000000000000000000000000000000000001000010000000000
000000000000000000000000000000000000000000000000000000000000000000000000000000000000000000000000000000000000000000000000000000000000000000000000000000000000000000000000000000000000000000000000000000000000000000000000000111111111111111111111111110000010000000000000000011010011010000000000000000000000
000000000000000000000000000000000000000000000000000000000000000000000000000000000000000000000000000000000000000000000000000000000000000000000000000000000000000000000000000000000000000000000000000000000000000000000000000011110111111111111111111111001101001101000011100000011010100100000000000010000000
000000000000000000000000000000000000000000000000000000000000000000000000000000000000000000000000000000000000000000000000000000000000000000000000000000000000000000000000000000000000000000000000000000000000000000000000000001111111111111111111111110000010001000000000000010010010010000000000000000000000
000000000000000000000000000000000000000000000000000000000000000000000000000000000000000000000000000000000000000000000000000000000000000000000000000000000000000000000000000000000000000000000000000000000000000000000000000000111111111111111111111111101100000010000001000000010000100000000000000000000000
000000000000000000000000000000000000000000000000000000000000000000000000000000000000000000000000000000000000000000000000000000000000000000000000000000000000000000000000000000000000000000000000000000000000000000000000000000011111111111111111111111001001100100000001000000010011000000000000000000100000
000000000000000000000000000000000000000000000000000000000000000000000000000000000000000000000000000000000000000000000000000000000000000000000000000000000000000000000000000000000000000000000000000000000000000000000000000000001111111111111111111110001000000000000001000001010010010000000000010000000000
000000000000000000000000000000000000000000000000000000000000000000000000000000000000000000000000000000000000000000000000000000000000000000000000000000000000000000000000000000000000000000000000000000000000000000000000000000000111111111111111111111010010000100000001000010000011000001001000010000110100
000000000000000000000000000000000000000000000000000000000000000000000000000000000000000000000000000000000000000000000000000000000000000000000000000000000000000000000000000000000000000000000000000000000000000000000000000000000011111111111111111110000000100000000000011010000000000001010000110111110000
000000000000000000000000000000000000000000000000000000000000000000000000000000000000000000000000000000000000000000000000000000000000000000000000000000000000000000000000000000000000000000000000000000000000000000000000000000000001111111111111111110000000000000000000000010000000000001000000000000100100
000000000000000000000000000000000000000000000000000000000000000000000000000000000000000000000000000000000000000000000000000000000000000000000000000000000000000000000000000000000000000000000000000000000000000000000000000000000000111111111111111110100110000000000000000000000011000000001000000000100000
000000000000000000000000000000000000000000000000000000000000000000000000000000000000000000000000000000000000000000000000000000000000000000000000000000000000000000000000000000000000000000000000000000000000000000000000000000000000011111111111111110000000000000000000000000000011000000000000000000000000
000000000000000000000000000000000000000000000000000000000000000000000000000000000000000000000000000000000000000000000000000000000000000000000000000000000000000000000000000000000000000000000000000000000000000000000000000000000000001111111111111110000010000000000001000000000010000000000000000000000000
000000000000000000000000000000000000000000000000000000000000000000000000000000000000000000000000000000000000000000000000000000000000000000000000000000000000000000000000000000000000000000000000000000000000000000000000000000000000000111111111111110001000000000000000000000010000000000000000000000000000
000000000000000000000000000000000000000000000000000000000000000000000000000000000000000000000000000000000000000000000000000000000000000000000000000000000000000000000000000000000000000000000000000000000000000000000000000000000000000011111111111111000010100000100011000101000010010000000000000000000000
000000000000000000000000000000000000000000000000000000000000000000000000000000000000000000000000000000000000000000000000000000000000000000000000000000000000000000000000000000000000000000000000000000000000000000000000000000000000000001111111111110000000000100000001000000010011000000000000000010000000
000000000000000000000000000000000000000000000000000000000000000000000000000000000000000000000000000000000000000000000000000000000000000000000000000000000000000000000000000000000000000000000000000000000000000000000000000000000000000000111111111110000000000000000000000000000010000001010000100011010000
000000000000000000000000000000000000000000000000000000000000000000000000000000000000000000000000000000000000000000000000000000000000000000000000000000000000000000000000000000000000000000000000000000000000000000000000000000000000000000011111111111101101100101000001010010000011000001001000100010110001
000000000000000000000000000000000000000000000000000000000000000000000000000000000000000000000000000000000000000000000000000000000000000000000000000000000000000000000000000000000000000000000000000000000000000000000000000000000000000000001111111110000000000000000000000000000000000000000000000000000000
000000000000000000000000000000000000000000000000000000000000000000000000000000000000000000000000000000000000000000000000000000000000000000000000000000000000000000000000000000000000000000000000000000000000000000000000000000000000000000000111111111001000000101100011000001000110010001000000100010000000
000000000000000000000000000000000000000000000000000000000000000000000000000000000000000000000000000000000000000000000000000000000000000000000000000000000000000000000000000000000000000000000000000000000000000000000000000000000000000000000011111110000000000000000000000000000010000000000000000000000000
000000000000000000000000000000000000000000000000000000000000000000000000000000000000000000000000000000000000000000000000000000000000000000000000000000000000000000000000000000000000000000000000000000000000000000000000000000000000000000000001111111000000100000000100000100011000000000001000000000000000
000000000000000000000000000000000000000000000000000000000000000000000000000000000000000000000000000000000000000000000000000000000000000000000000000000000000000000000000000000000000000000000000000000000000000000000000000000000000000000000000111110000000000000000000000000000000000001000000100000010000
000000000000000000000000000000000000000000000000000000000000000000000000000000000000000000000000000000000000000000000000000000000000000000000000000000000000000000000000000000000000000000000000000000000000000000000000000000000000000000000000011111000010001000000001100000011010000100000000000000000000
000000000000000000000000000000000000000000000000000000000000000000000000000000000000000000000000000000000000000000000000000000000000000000000000000000000000000000000000000000000000000000000000000000000000000000000000000000000000000000000000001110000000100000000000010010000001000011011000110010110100
000000000000000000000000000000000000000000000000000000000000000000000000000000000000000000000000000000000000000000000000000000000000000000000000000000000000000000000000000000000000000000000000000000000000000000000000000000000000000000000000000110010010000100100011000000000111000100000000010000000000
000000000000000000000000000000000000000000000000000000000000000000000000000000000000000000000000000000000000000000000000000000000000000000000000000000000000000000000000000000000000000000000000000000000000000000000000000000000000000000000000000011000000001000000000100000011010000100000000000000010000
000000000000000000000000000000000000000000000000000000000000000000000000000000000000000000000000000000000000000000000000000000000000000000000000000000000000000000000000000000000000000000000000000000000000000000000000000000000000000000000000000000000000000000000000000000000010000000000000000000000000
000000000000000000000000000000000000000000000000000000000000000000000000000000000000000000000000000000000000000000000000000000000000000000000000000000000000000000000000000000000000000000000000000000000000000000000000000000000000000000000000000000111111111111111111111111111111111100000000000000100000
000000000000000000000000000000000000000000000000000000000000000000000000000000000000000000000000000000000000000000000000000000000000000000000000000000000000000000000000000000000000000000000000000000000000000000000000000000000000000000000000000000011111111111111111111111111111111100000000000000000000
000000000000000000000000000000000000000000000000000000000000000000000000000000000000000000000000000000000000000000000000000000000000000000000000000000000000000000000000000000000000000000000000000000000000000000000000000000000000000000000000000000001111111111111111111111111111111100000000000000000000
000000000000000000000000000000000000000000000000000000000000000000000000000000000000000000000000000000000000000000000000000000000000000000000000000000000000000000000000000000000000000000000000000000000000000000000000000000000000000000000000000000000111111111111111111111111111111100000000000000100000
000000000000000000000000000000000000000000000000000000000000000000000000000000000000000000000000000000000000000000000000000000000000000000000000000000000000000000000000000000000000000000000000000000000000000000000000000000000000000000000000000000000011111111111111111111111111111100000000000000000000
000000000000000000000000000000000000000000000000000000000000000000000000000000000000000000000000000000000000000000000000000000000000000000000000000000000000000000000000000000000000000000000000000000000000000000000000000000000000000000000000000000000001111111111111111111111111111100000000000000000000
000000000000000000000000000000000000000000000000000000000000000000000000000000000000000000000000000000000000000000000000000000000000000000000000000000000000000000000000000000000000000000000000000000000000000000000000000000000000000000000000000000000000111111111111111111111111111100000001000000000000
000000000000000000000000000000000000000000000000000000000000000000000000000000000000000000000000000000000000000000000000000000000000000000000000000000000000000000000000000000000000000000000000000000000000000000000000000000000000000000000000000000000000011111111111111111111111111100000000000000000000
000000000000000000000000000000000000000000000000000000000000000000000000000000000000000000000000000000000000000000000000000000000000000000000000000000000000000000000000000000000000000000000000000000000000000000000000000000000000000000000000000000000000001011111111111111111111111100010001000010100000
000000000000000000000000000000000000000000000000000000000000000000000000000000000000000000000000000000000000000000000000000000000000000000000000000000000000000000000000000000000000000000000000000000000000000000000000000000000000000000000000000000000000000111111111111111111111111100000000010000000000
000000000000000000000000000000000000000000000000000000000000000000000000000000000000000000000000000000000000000000000000000000000000000000000000000000000000000000000000000000000000000000000000000000000000000000000000000000000000000000000000000000000000000011111111111111111111111100000000000000000000
000000000000000000000000000000000000000000000000000000000000000000000000000000000000000000000000000000000000000000000000000000000000000000000000000000000000000000000000000000000000000000000000000000000000000000000000000000000000000000000000000000000000000001111111111111111111111100000000000000000000
000000000000000000000000000000000000000000000000000000000000000000000000000000000000000000000000000000000000000000000000000000000000000000000000000000000000000000000000000000000000000000000000000000000000000000000000000000000000000000000000000000000000000000111111111111111111111100000000010100100010
000000000000000000000000000000000000000000000000000000000000000000000000000000000000000000000000000000000000000000000000000000000000000000000000000000000000000000000000000000000000000000000000000000000000000000000000000000000000000000000000000000000000000000011111111111111111111100000000000000000000
000000000000000000000000000000000000000000000000000000000000000000000000000000000000000000000000000000000000000000000000000000000000000000000000000000000000000000000000000000000000000000000000000000000000000000000000000000000000000000000000000000000000000000001111111111111111111100000000000000000000
000000000000000000000000000000000000000000000000000000000000000000000000000000000000000000000000000000000000000000000000000000000000000000000000000000000000000000000000000000000000000000000000000000000000000000000000000000000000000000000000000000000000000000000111111111111111111100000000000000000000
000000000000000000000000000000000000000000000000000000000000000000000000000000000000000000000000000000000000000000000000000000000000000000000000000000000000000000000000000000000000000000000000000000000000000000000000000000000000000000000000000000000000000000000011110111111111111100000000000000000000
000000000000000000000000000000000000000000000000000000000000000000000000000000000000000000000000000000000000000000000000000000000000000000000000000000000000000000000000000000000000000000000000000000000000000000000000000000000000000000000000000000000000000000000001111111111111111100000011000010000000
000000000000000000000000000000000000000000000000000000000000000000000000000000000000000000000000000000000000000000000000000000000000000000000000000000000000000000000000000000000000000000000000000000000000000000000000000000000000000000000000000000000000000000000000111111111111111100000001000000000000
000000000000000000000000000000000000000000000000000000000000000000000000000000000000000000000000000000000000000000000000000000000000000000000000000000000000000000000000000000000000000000000000000000000000000000000000000000000000000000000000000000000000000000000000011111111111111100000000000000000000
000000000000000000000000000000000000000000000000000000000000000000000000000000000000000000000000000000000000000000000000000000000000000000000000000000000000000000000000000000000000000000000000000000000000000000000000000000000000000000000000000000000000000000000000001111111111111100000000000000000000
000000000000000000000000000000000000000000000000000000000000000000000000000000000000000000000000000000000000000000000000000000000000000000000000000000000000000000000000000000000000000000000000000000000000000000000000000000000000000000000000000000000000000000000000000111111111111100000001000000000000
000000000000000000000000000000000000000000000000000000000000000000000000000000000000000000000000000000000000000000000000000000000000000000000000000000000000000000000000000000000000000000000000000000000000000000000000000000000000000000000000000000000000000000000000000011111111111100000000000000000000
000000000000000000000000000000000000000000000000000000000000000000000000000000000000000000000000000000000000000000000000000000000000000000000000000000000000000000000000000000000000000000000000000000000000000000000000000000000000000000000000000000000000000000000000000001111111111101000000000000100000
000000000000000000000000000000000000000000000000000000000000000000000000000000000000000000000000000000000000000000000000000000000000000000000000000000000000000000000000000000000000000000000000000000000000000000000000000000000000000000000000000000000000000000000000000000111111111100000000000000000000
000000000000000000000000000000000000000000000000000000000000000000000000000000000000000000000000000000000000000000000000000000000000000000000000000000000000000000000000000000000000000000000000000000000000000000000000000000000000000000000000000000000000000000000000000000011111111100000000010000000000
000000000000000000000000000000000000000000000000000000000000000000000000000000000000000000000000000000000000000000000000000000000000000000000000000000000000000000000000000000000000000000000000000000000000000000000000000000000000000000000000000000000000000000000000000000001111111100000000000000000000
000000000000000000000000000000000000000000000000000000000000000000000000000000000000000000000000000000000000000000000000000000000000000000000000000000000000000000000000000000000000000000000000000000000000000000000000000000000000000000000000000000000000000000000000000000000111111100000000000000000000
000000000000000000000000000000000000000000000000000000000000000000000000000000000000000000000000000000000000000000000000000000000000000000000000000000000000000000000000000000000000000000000000000000000000000000000000000000000000000000000000000000000000000000000000000000000011111100000000000000000000
000000000000000000000000000000000000000000000000000000000000000000000000000000000000000000000000000000000000000000000000000000000000000000000000000000000000000000000000000000000000000000000000000000000000000000000000000000000000000000000000000000000000000000000000000000000001111100000000000000100000
000000000000000000000000000000000000000000000000000000000000000000000000000000000000000000000000000000000000000000000000000000000000000000000000000000000000000000000000000000000000000000000000000000000000000000000000000000000000000000000000000000000000000000000000000000000000111100000000000000000000
000000000000000000000000000000000000000000000000000000000000000000000000000000000000000000000000000000000000000000000000000000000000000000000000000000000000000000000000000000000000000000000000000000000000000000000000000000000000000000000000000000000000000000000000000000000000011100000000000000000000
000000000000000000000000000000000000000000000000000000000000000000000000000000000000000000000000000000000000000000000000000000000000000000000000000000000000000000000000000000000000000000000000000000000000000000000000000000000000000000000000000000000000000000000000000000000000001100000000000000000000
000000000000000000000000000000000000000000000000000000000000000000000000000000000000000000000000000000000000000000000000000000000000000000000000000000000000000000000000000000000000000000000000000000000000000000000000000000000000000000000000000000000000000000000000000000000000000100000000000000000000
000000000000000000000000000000000000000000000000000000000000000000000000000000000000000000000000000000000000000000000000000000000000000000000000000000000000000000000000000000000000000000000000000000000000000000000000000000000000000000000000000000000000000000000000000000000000000000000000000000000000
000000000000000000000000000000000000000000000000000000000000000000000000000000000000000000000000000000000000000000000000000000000000000000000000000000000000000000000000000000000000000000000000000000000000000000000000000000000000000000000000000000000000000000000000000000000000000001101111111111111111
000000000000000000000000000000000000000000000000000000000000000000000000000000000000000000000000000000000000000000000000000000000000000000000000000000000000000000000000000000000000000000000000000000000000000000000000000000000000000000000000000000000000000000000000000000000000000000111111111111111111
000000000000000000000000000000000000000000000000000000000000000000000000000000000000000000000000000000000000000000000000000000000000000000000000000000000000000000000000000000000000000000000000000000000000000000000000000000000000000000000000000000000000000000000000000000000000000000001111101111111011
000000000000000000000000000000000000000000000000000000000000000000000000000000000000000000000000000000000000000000000000000000000000000000000000000000000000000000000000000000000000000000000000000000000000000000000000000000000000000000000000000000000000000000000000000000000000000000000111111111011111
000000000000000000000000000000000000000000000000000000000000000000000000000000000000000000000000000000000000000000000000000000000000000000000000000000000000000000000000000000000000000000000000000000000000000000000000000000000000000000000000000000000000000000000000000000000000000000000111111111111111
000000000000000000000000000000000000000000000000000000000000000000000000000000000000000000000000000000000000000000000000000000000000000000000000000000000000000000000000000000000000000000000000000000000000000000000000000000000000000000000000000000000000000000000000000000000000000000000011111111111111
000000000000000000000000000000000000000000000000000000000000000000000000000000000000000000000000000000000000000000000000000000000000000000000000000000000000000000000000000000000000000000000000000000000000000000000000000000000000000000000000000000000000000000000000000000000000000000000001101111111111
000000000000000000000000000000000000000000000000000000000000000000000000000000000000000000000000000000000000000000000000000000000000000000000000000000000000000000000000000000000000000000000000000000000000000000000000000000000000000000000000000000000000000000000000000000000000000000000000101111011111
000000000000000000000000000000000000000000000000000000000000000000000000000000000000000000000000000000000000000000000000000000000000000000000000000000000000000000000000000000000000000000000000000000000000000000000000000000000000000000000000000000000000000000000000000000000000000000000000011111111111
000000000000000000000000000000000000000000000000000000000000000000000000000000000000000000000000000000000000000000000000000000000000000000000000000000000000000000000000000000000000000000000000000000000000000000000000000000000000000000000000000000000000000000000000000000000000000000000000001111111111
000000000000000000000000000000000000000000000000000000000000000000000000000000000000000000000000000000000000000000000000000000000000000000000000000000000000000000000000000000000000000000000000000000000000000000000000000000000000000000000000000000000000000000000000000000000000000000000000000111111111
000000000000000000000000000000000000000000000000000000000000000000000000000000000000000000000000000000000000000000000000000000000000000000000000000000000000000000000000000000000000000000000000000000000000000000000000000000000000000000000000000000000000000000000000000000000000000000000000000011111111
000000000000000000000000000000000000000000000000000000000000000000000000000000000000000000000000000000000000000000000000000000000000000000000000000000000000000000000000000000000000000000000000000000000000000000000000000000000000000000000000000000000000000000000000000000000000000000000000000001111111
000000000000000000000000000000000000000000000000000000000000000000000000000000000000000000000000000000000000000000000000000000000000000000000000000000000000000000000000000000000000000000000000000000000000000000000000000000000000000000000000000000000000000000000000000000000000000000000000000000111111
000000000000000000000000000000000000000000000000000000000000000000000000000000000000000000000000000000000000000000000000000000000000000000000000000000000000000000000000000000000000000000000000000000000000000000000000000000000000000000000000000000000000000000000000000000000000000000000000000000011111
000000000000000000000000000000000000000000000000000000000000000000000000000000000000000000000000000000000000000000000000000000000000000000000000000000000000000000000000000000000000000000000000000000000000000000000000000000000000000000000000000000000000000000000000000000000000000000000000000000001111
000000000000000000000000000000000000000000000000000000000000000000000000000000000000000000000000000000000000000000000000000000000000000000000000000000000000000000000000000000000000000000000000000000000000000000000000000000000000000000000000000000000000000000000000000000000000000000000000000000000111
000000000000000000000000000000000000000000000000000000000000000000000000000000000000000000000000000000000000000000000000000000000000000000000000000000000000000000000000000000000000000000000000000000000000000000000000000000000000000000000000000000000000000000000000000000000000000000000000000000000011
000000000000000000000000000000000000000000000000000000000000000000000000000000000000000000000000000000000000000000000000000000000000000000000000000000000000000000000000000000000000000000000000000000000000000000000000000000000000000000000000000000000000000000000000000000000000000000000000000000000001
000000000000000000000000000000000000000000000000000000000000000000000000000000000000000000000000000000000000000000000000000000000000000000000000000000000000000000000000000000000000000000000000000000000000000000000000000000000000000000000000000000000000000000000000000000000000000000000000000000000000
